k	v	lnk	lnv	linreg	 k=[-0.08382003], b=1.390726956210388
1	385.2857142857143	0.0	2.5857829064386344	1.390726956210388
2	99.5639330656694	0.3010299956639812	1.9981020441737904	1.365494613419961
3	25.410618476019664	0.47712125471966244	1.4050152355916417	1.3507346390822195
4	22.86069504606072	0.6020599913279624	1.3590894303497296	1.3402622706295342
5	21.355213808517686	0.6989700043360189	1.3295039239433428	1.332139270585467
6	20.362438711204227	0.7781512503836436	1.3088297901378863	1.3255022962917926
7	19.576579650000024	0.8450980400142568	1.2917368157158975	1.3198908144826382
8	19.08763162015819	0.9030899869919435	1.280752044784128	1.3150299278391073
9	18.69409263881028	0.9542425094393249	1.2717043905107792	1.310742321954051
10	18.339255178044784	1.0	1.2633816934586624	1.3069069277950403
11	18.061352694001744	1.0413926851582251	1.256750273416086	1.3034373917488902
12	17.743488004886967	1.0791812460476249	1.2490389972529876	1.3002699535013655
13	17.551007739250142	1.1139433523068367	1.2443020577266688	1.297356192766941
14	17.45165776266907	1.146128035678238	1.2418366876266267	1.2946584716922114
15	17.25490491652488	1.1760912590556813	1.2369125704462631	1.2921469534572987
16	17.150535756295355	1.2041199826559248	1.2342776912807403	1.2897975850486803
17	17.07832055232796	1.2304489213782739	1.232445160807432	1.287590692656827
18	16.92446194969597	1.255272505103306	1.228514870799288	1.285509979163624
19	16.841577312132767	1.2787536009528289	1.2263827632845647	1.2835417930422934
20	16.716369910982692	1.3010299956639813	1.2231419729358786	1.2816745850046132
21	16.70081167770277	1.3222192947339193	1.222737578847053	1.2798984973544698
22	16.63210403124024	1.3424226808222062	1.2209471927767728	1.2782050489584633
23	16.59907765995741	1.3617278360175928	1.2200839568159807	1.2765868903014232
24	16.558638333331416	1.380211241711606	1.2190246205747959	1.2750376107109387
25	16.44984788670462	1.3979400086720377	1.216161886342513	1.273551584960546
26	16.38646438402049	1.414973347970818	1.2144852583812928	1.2721238499765142
27	16.386675984865597	1.4313637641589874	1.2144908664541454	1.2707500048258824
28	16.271102436903732	1.4471580313422192	1.2114169792456355	1.2694261289017843
29	16.22258515255014	1.462397997898956	1.2101200624538822	1.2681487144719497
30	16.351417612143692	1.4771212547196624	1.2135554104790482	1.2669146106668716
31	16.21207644544391	1.4913616938342726	1.2098386429203944	1.2657209766556379
32	16.18484218208358	1.505149978319906	1.2091084689666174	1.2645652422582532
33	16.229918257768098	1.5185139398778875	1.2103163325009298	1.2634450746207215
34	16.089847017946344	1.5314789170422551	1.2065519148524426	1.2623583498664
35	16.15858612520745	1.5440680443502757	1.208403357373972	1.2613031288577172
36	16.03566075683372	1.5563025007672873	1.205086859938576	1.2602776363731971
37	15.873386344095213	1.568201724066995	1.2006695867214954	1.259280243138095
38	16.230539853856857	1.5797835966168101	1.2103329653993582	1.2583094502518666
39	15.939469767372664	1.591064607026499	1.202473870326451	1.2573638756387726
40	15.92896191576141	1.6020599913279623	1.2021874739212446	1.2564422422141863
41	15.913143955900102	1.6127838567197355	1.201755991576735	1.2555433675123255
42	15.860136436776417	1.6232492903979006	1.2003069190146405	1.2546661545640427
43	15.912442527761804	1.6334684555795864	1.2017368480885156	1.2538095838481327
44	15.845459180121804	1.6434526764861874	1.199904828979372	1.2529727061680362
45	15.996962438196944	1.6532125137753437	1.2040375250578939	1.25215463632913
46	16.030205835762143	1.662757831681574	1.204939098945645	1.2513545475109962
47	15.830389600069374	1.6720978579357175	1.1994916033701364	1.250571666244974
48	15.970238188599986	1.6812412373755872	1.2033113934849584	1.2498052679205116
49	15.956851897589734	1.6901960800285136	1.2029472141849424	1.2490546727548884
50	15.664101693787222	1.6989700043360187	1.1949054939756145	1.2483192421701192
51	15.984224240181357	1.7075701760979363	1.2036915635739913	1.2475983755286584
52	15.74805358414733	1.7160033436347992	1.1972268838461517	1.246891507186087
53	15.615553371459454	1.724275869600789	1.1935573790185383	1.2461981038245513
54	16.02976064898534	1.7323937598229686	1.2049270376628807	1.2455176620354553
55	15.662299894857824	1.7403626894942439	1.194855535391563	1.2448497061239692
56	15.950612472801806	1.7481880270062005	1.2027773637851282	1.2441937861113574
57	15.926959543422475	1.7558748556724915	1.2021328768969661	1.243549475914125
58	15.803202269866427	1.7634279935629373	1.1987450988036927	1.2429163716815228
59	15.806532185216666	1.7708520116421442	1.1988365999752206	1.2422940902751676
60	15.734417380256202	1.7781512503836436	1.1968506663325351	1.2416822678764445
61	15.7115991982895	1.7853298350107671	1.1962203917647054	1.2410805587090172
62	15.857336666454515	1.792391689498254	1.20023024677782	1.240488633865211
63	15.739154730482419	1.7993405494535817	1.1969814049134873	1.2399061802263012
64	15.617101849972949	1.806179973983887	1.1936004426434232	1.2393328994678263
65	15.46257272139626	1.8129133566428555	1.189281755154677	1.2387685071420202
66	15.779063101969799	1.8195439355418688	1.198081212959325	1.2382127318302947
67	15.581833187209579	1.8260748027008264	1.1926185506571398	1.237665314359454
68	15.638718658194984	1.8325089127062364	1.1942011667243397	1.237126007075973
69	15.74675100831972	1.8388490907372552	1.1971909603659565	1.2365945731732546
70	15.818153243440227	1.845098040014257	1.199155778592755	1.2360707860672904
71	15.989622482107718	1.8512583487190752	1.203838210095646	1.2355544288166052
72	15.699367913832212	1.8573324964312685	1.1958821672461217	1.23504529358277
73	15.63880635841689	1.863322860120456	1.1942036021934133	1.234543181128124
74	15.488776479181896	1.8692317197309762	1.1900171124443766	1.234047900347668
75	15.566698758704197	1.8750612633917	1.192196521181382	1.2335592678323777
76	15.77184502509816	1.8808135922807914	1.1978825010238479	1.2330771074614395
77	15.704571909571914	1.8864907251724818	1.1960261024763505	1.2326012500211403
78	16.204718714121686	1.8920946026904804	1.2096414968328981	1.2321315328483455
79	15.892817997270198	1.8976270912904414	1.2012009099296483	1.2316677994966894
80	15.612158598265914	1.9030899869919435	1.1934629544720006	1.2312098994237592
81	15.750690770135204	1.9084850188786497	1.1972996051782836	1.230757687697714
82	15.478034022914485	1.9138138523837167	1.1897157969656094	1.2303110247218985
83	15.938806329418624	1.919078092376074	1.2024557935997364	1.2298697759761539
84	15.404902183803463	1.9242792860618816	1.1876589450308064	1.2294338117736157
85	15.866224988288828	1.9294189257142926	1.2004736084324188	1.229003007031906
86	15.890382041764505	1.9344984512435677	1.2011343387829385	1.2285772410577058
87	15.578703139596286	1.9395192526186185	1.19253130168319	1.2281563973437812
88	15.490140588578077	1.9444826721501687	1.190055359435552	1.2277403633776094
89	15.604289961975013	1.9493900066449128	1.1932440118599335	1.2273290304608162
90	15.816706207987341	1.954242509439325	1.1991160477689964	1.226922293538703
91	15.283328602516786	1.9590413923210936	1.1842179508544577	1.2265200510391914
92	15.36704473850032	1.9637878273455553	1.1865903556477264	1.2261222047205693
93	15.445432843579852	1.968482948553935	1.188800083498216	1.2257286595274695
94	15.445068430924323	1.9731278535996986	1.1887898368269798	1.2253393234545469
95	15.806676013804996	1.9777236052888478	1.198840551738791	1.2249541074173727
96	15.528022613960106	1.9822712330395684	1.1911161548578268	1.2245729251300848
97	15.856823016616833	1.9867717342662448	1.2002161789108243	1.2241956929893814
98	16.066186072643337	1.9912260756924949	1.2059127924950739	1.2238223299644615
99	15.325193968672227	1.99563519459755	1.1854059800250958	1.2234527574925531
100	16.449927184466016	2.0	1.2161639798875374	1.2230868993796922
101	15.582742444550133	2.0043213737826426	1.19264389259989	1.2227246817064379
102	15.84632922936617	2.0086001717619175	1.199928674751723	1.2223660327382315
103	15.462378640776699	2.012837224705172	1.1892763040132261	1.2220108828401306
104	15.463296830484323	2.0170333392987803	1.1893020925994027	1.2216591643956602
105	15.818496240601508	2.0211892990699383	1.1991651956313407	1.2213108117295488
106	15.713434942855201	2.0253058652647704	1.1962711318041526	1.2209657610341242
107	15.76204828660435	2.0293837776852097	1.1976126536210334	1.2206239502991676
108	15.415883879048131	2.03342375548695	1.1879684303138103	1.2202853192450285
109	15.328999511427172	2.037426497940624	1.185513810376508	1.2199498092588221
110	15.796241419722076	2.041392685158225	1.1985537625962808	1.2196173633335423
111	15.775278272284257	2.0453229787866576	1.1979770288386196	1.2192879260099265
112	15.594718158347673	2.0492180226701815	1.1929775302069523	1.2189614433209304
113	15.652133476128746	2.0530784434834195	1.1945735427616744	1.2186378627386696
114	15.320157824279573	2.0569048513364727	1.1852632393083786	1.218317133123698
115	15.754547879434504	2.060697840353612	1.197405944400899	1.2179992046765022
116	15.682637720773752	2.0644579892269186	1.1954191100853138	1.2176840288910957
117	16.077262243928914	2.0681858617461617	1.2062120958064644	1.217371558510604
118	15.530965552416827	2.0718820073061255	1.191198456440178	1.2170617474847405
119	15.482585139318877	2.0755469613925306	1.1898434768898902	1.2167545509290771
120	15.337479575163396	2.0791812460476247	1.1857539973878894	1.2164499250860177
121	15.12258953168045	2.0827853703164503	1.1796261643812183	1.2161478272873922
122	15.824754098360657	2.0863598306747484	1.1993369702183159	1.2158482159185902
123	15.39486459612797	2.089905111439398	1.1873758734657154	1.215551050384157
124	15.530693464381718	2.093421685162235	1.1911908479391524	1.215256291074784
125	15.293251282051282	2.0969100130080562	1.184499824441044	1.2149638993356253
126	15.40061960456697	2.100370545117563	1.1875381939164134	1.214673837435874
127	15.50827929597035	2.103803720955957	1.1905636138212756	1.2143860685395451
128	15.563971460027101	2.1072099696478683	1.1921204257577582	1.2141005566773995
129	15.552881698685537	2.110589710299249	1.1918108685968454	1.213817266719964
130	15.70606988881326	2.113943352306837	1.1960675256426259	1.2135361643515932
131	15.614337869233323	2.1172712956557644	1.193523572566524	1.2132572160455215
132	15.9337392442948	2.12057393120585	1.2023177056568037	1.2129803890398678
133	15.367251461988298	2.123851640967086	1.1865961979074304	1.2127056513145438
134	16.069340796019894	2.1271047983648077	1.2059980612983128	1.212432971569027
135	15.643773012778855	2.130333768495006	1.1943415058218483	1.2121623192009614
136	15.384907120743032	2.1335389083702174	1.1870948787394382	1.211893664285546
137	15.822902586284576	2.1367205671564067	1.1992861543562285	1.2116269775556798
138	15.725134981528845	2.1398790864012365	1.1965943820334615	1.2113622303828278
139	15.455724781876624	2.143014800254095	1.1890893757137262	1.2110993947585786
140	15.815196078431363	2.146128035678238	1.1990745807128782	1.2108384432768633
141	15.028201638130717	2.1492191126553797	1.1769070134967523	1.2105793491168053
142	15.806671608598958	2.1522883443830563	1.1988404307040499	1.2103220860261783
143	15.106565076714334	2.155336037465062	1.1791657258999364	1.2100666283054433
144	15.22969025573192	2.1583624920952498	1.1826910706640552	1.2098129507923432
145	15.161115187087303	2.161368002234975	1.1807311473241102	1.2095610288470287
146	15.82561801291135	2.164352855784437	1.1993606788382953	1.2093108383376971
147	15.765684051398338	2.167317334748176	1.1977128189343897	1.20906235562672
148	15.451528656315892	2.1702617153949575	1.1889714516677583	1.208815557557241
149	15.645919030093099	2.173186268412274	1.1944010783787036	1.2085704214402273
150	15.75866666666667	2.1760912590556813	1.1975194692572497	1.2083269250419506
151	15.010659530073482	2.1789769472931693	1.1763997744537276	1.2080850465718866
152	15.31975269499049	2.1818435879447726	1.1852517545871941	1.2078447646710126
153	15.774146695715324	2.184691430817599	1.1979458753414989	1.20760605840049
154	15.91637573895638	2.187520720836463	1.2018441830145152	1.2073689072307134
155	15.447140762463347	2.1903316981702914	1.1888481040844485	1.207133291030717
156	15.445395559724833	2.1931245983544616	1.188799035149995	1.2068991900579187
157	15.71918321468714	2.1958996524092336	1.196429975891044	1.2066665849481935
158	15.642578463672619	2.1986570869544226	1.194308342089999	1.2064354567062623
159	15.265674135220129	2.2013971243204513	1.1837159875892567	1.2062057866963827
160	16.01179413377193	2.2041199826559246	1.2044399976745355	1.2059775566333324
161	15.00428571428571	2.2068258760318495	1.1762153254704382	1.2057507485736734
162	15.854600033823779	2.2095150145426308	1.2001552904946573	1.205525344907287
163	16.002327057330227	2.2121876044039577	1.2041831423228804	1.2053013283491678
164	15.420049144521302	2.214843848047698	1.1880857578368842	1.2050786819314716
165	15.42063492063492	2.2174839442139063	1.1881022554822196	1.2048573889958007
166	16.112148594377512	2.220108088040055	1.2071534585112194	1.204637433185727
167	15.642936349523177	2.2227164711475833	1.1943182781802941	1.2044187984395358
168	15.661398949251064	2.225309281725863	1.1948305526647423	1.2042014689831888
169	15.403603285348407	2.2278867046136734	1.1876223249855735	1.2039854293234942
170	15.75220588235294	2.230448921378274	1.1973413794242136	1.2037706642414792
171	15.67750974658869	2.2329961103921536	1.195277079445051	1.2035571587859564
172	16.057776162790695	2.2355284469075487	1.205685399778137	1.2033448982672788
173	15.752993393889346	2.2380461031287955	1.1973630908828061	1.2031338682512738
174	15.46997419657518	2.2405492482826	1.189489589310592	1.2029240545533542
175	16.114120879120883	2.2430380486862944	1.2072066171545157	1.2027154432327962
176	14.780728200371058	2.24551266781415	1.1696958309202639	1.2025080205871823
177	15.513144240747142	2.247973266361807	1.1906998305674958	1.202301773146999
178	15.838483146067421	2.250420002308894	1.1997135867966187	1.2020966876703894
179	14.769453312051075	2.2528530309798933	1.1693644202981663	1.2018927511380508
180	15.885788113695092	2.255272505103306	1.2010087655867385	1.2016899507482761
181	15.760746530117236	2.2576785748691846	1.1975767846149543	1.2014882739121309
182	15.5044710191769	2.2600713879850747	1.1904569535871163	1.2012877082487643
183	15.95901639344262	2.2624510897304293	1.2030061208452834	1.2010882415808486
184	16.108299365942027	2.2648178230095364	1.207049692189961	1.2008898619301422
185	15.47556536127965	2.2671717284030137	1.1896465238504113	1.200692557513174
186	15.248980348535406	2.2695129442179165	1.1832408047444767	1.2004963167370424
187	15.482271564752383	2.271841606536499	1.1898346808728313	1.200301128195329
188	16.135638297872337	2.27415784926368	1.2077861500163871	1.20010698066412
189	15.216931216931219	2.2764618041732443	1.182327077537601	1.1999138630981325
190	15.537246963562756	2.278753600952829	1.1913740688758796	1.1997217646269456
191	16.410038260169152	2.2810333672477277	1.2151095936162235	1.1995306745513268
192	15.794791666666665	2.2833012287035497	1.1985139019338702	1.1993405823396577
193	15.839225845778726	2.285557309007774	1.1997339512987657	1.1991514776244503
194	15.670041728031416	2.287801729930226	1.1950701529605912	1.1989633501989545
195	15.952087912087913	2.290034611362518	1.2028175343746434	1.1987761900138516
196	15.927356656948497	2.292256071356476	1.202143705207451	1.1985899871740344
197	15.892928815960335	2.294466226161593	1.2012039382017794	1.1984047319354674
198	16.069100091827362	2.296665190261531	1.2059915559110133	1.198220414702126
199	15.691233947515354	2.298853076409707	1.1956570975400953	1.1980370260230164
200	16.179427083333334	2.3010299956639813	1.2089631390962685	1.1978545565892653
201	15.925684079601997	2.303196057420489	1.202098096305066	1.1976729972312854
202	15.911910308677928	2.305351369446624	1.201722322117634	1.1974923389160108
203	15.570012315270938	2.307496037913213	1.19228895607821	1.1973125727441998
204	15.904411764705882	2.3096301674258988	1.201517611068874	1.1971336899478044
205	16.183155487804875	2.311753861055754	1.2090632068514855	1.1969556818874045
206	15.287714712471994	2.3138672203691533	1.1843425696542815	1.1967785400497035
207	16.22611812373383	2.315970345456918	1.2102146332527703	1.1966022560450862
208	15.90625	2.3180633349627615	1.2015678040168527	1.1964268216052332
209	15.458266879319511	2.3201462861110542	1.1891608009056909	1.1962522285807955
210	16.0565306122449	2.322219294733919	1.2056517116320387	1.1960784689391217
211	16.33234597156398	2.3242824552976926	1.2130485711009287	1.1959055347620409
212	16.190566037735852	2.326335860928751	1.2092620323709158	1.1957334182436974
213	15.840981372103592	2.3283796034387376	1.1997820832690689	1.1955621116884365
214	15.464727163099187	2.330413773349191	1.1893422623537	1.1953916075087407
215	16.610387596899226	2.3324384599156054	1.220379766661542	1.1952218982232117
216	16.055799220272903	2.3344537511509307	1.2056319286079318	1.1950529764546016
217	15.86792297564187	2.3364597338485296	1.2005200837018548	1.1948848349278882
218	15.978260869565217	2.3384564936046046	1.2035295074026209	1.1947174664683953
219	15.957158205748051	2.3404441148401185	1.202955550833486	1.1945508639999556
220	14.622933884297522	2.342422680822206	1.1650345163927283	1.1943850205431152
221	15.845139647370882	2.3443922736851106	1.1998960710943427	1.19421992921338
222	15.990490490490492	2.346352974450639	1.2038617854501983	1.1940555832194995
223	15.336190978633601	2.3483048630481607	1.185717508089249	1.1938919758617916
224	16.53432881773399	2.3502480183341627	1.2183865701798287	1.1937291005305035
225	16.045797101449274	2.3521825181113627	1.2053612962624574	1.193566950704209
226	15.536334240980256	2.3541084391474008	1.1913485558602672	1.1934055199482425
227	15.120084842551805	2.3560258571931225	1.1795542281062394	1.193244801913166
228	15.80767543859649	2.357934847000454	1.1988680104499287	1.193084790333271
229	16.226560493192913	2.359835482339888	1.210226473176206	1.1929254790251125
230	16.025712143928036	2.361727836017593	1.2048173376171474	1.1927668618860752
231	15.490389610389611	2.3636119798921444	1.1900623411623288	1.1926089328929719
232	16.12218169761273	2.3654879848909	1.2074238113600402	1.1924516861006689
233	16.64749642346209	2.367355921026019	1.2213489302610323	1.192295115640745
234	15.53904428904429	2.369215857410143	1.1914243045062087	1.1921392157201771
235	15.405635422656697	2.3710678622717363	1.1876796159838423	1.191983980620053
236	16.015593220338985	2.3729120029701067	1.2045430296403865	1.1918294046943136
237	15.52146395156852	2.374748346010104	1.190932680588667	1.1916754823685207
238	15.37174869947979	2.376576957056512	1.1867232759145248	1.1915222081386503
239	16.10983263598326	2.3783979009481375	1.2070910285851708	1.1913695765699113
240	15.511041666666667	2.380211241711606	1.1906409644734706	1.1912175822955908
241	16.241319065298104	2.3820170425748683	1.210621298274406	1.1910662200159197
242	16.445592286501377	2.383815365980431	1.2160495191763627	1.1909154844969654
243	15.884316415180608	2.385606273598312	1.2009685296130896	1.1907653705695453
244	15.363084395871281	2.387389826338729	1.1864784163224968	1.1906158731281633
245	15.280128893662729	2.3891660843645326	1.18412701769323	1.1904669871299673
246	15.029640921409213	2.3909351071033793	1.176948604824206	1.1903187075937298
247	15.133251188171096	2.392696953259666	1.1799322407395891	1.1901710295988466
248	15.603870967741937	2.3944516808262164	1.1932323503664033	1.190023948284357
249	15.462760131434832	2.3961993470957363	1.1892870188746179	1.1898774588479855
250	15.681700000000003	2.3979400086720375	1.1953931412948136	1.1897315565451982
251	15.680731618978633	2.399673721481038	1.1953663217841834	1.189586236688284
252	15.826118326118324	2.401400540781544	1.1993744084651758	1.1894414946454472
253	16.130632411067193	2.403120521175818	1.2076513944970053	1.1892973258399253
254	15.790748031496065	2.404833716619938	1.1984027036787321	1.189153725749118
255	15.78326797385621	2.406540180433955	1.1981969301833661	1.1890106899037374
256	15.314985795454545	2.4082399653118496	1.1851165983375918	1.1888682138869724
257	16.340744858254585	2.4099331233312946	1.2132718490419843	1.1887262933336709
258	15.527810077519385	2.41161970596323	1.191110210505645	1.1885849239295372
259	15.714739950034065	2.413299764081252	1.196307198640288	1.188444101410345
260	15.882692307692311	2.4149733479708178	1.2009241224781937	1.1883038215611663
261	16.96759259259259	2.416640507338281	1.2296202278262158	1.1881640802156126
262	15.228825881497638	2.4183012913197452	1.182666421205844	1.1880248732550944
263	15.302478038547266	2.419955748489758	1.1847617648910693	1.187886196608092
264	15.849308300395256	2.4216039268698313	1.2000103133754438	1.1877480462494407
265	15.047605224963714	2.423245873936808	1.1774673889439162	1.1876104181996303
266	14.667293233082708	2.424881636631067	1.166349974620487	1.1874733085241167
267	15.64494382022472	2.4265112613645754	1.194374007967338	1.1873367133326476
268	16.145273631840798	2.428134794028789	1.2080454098853264	1.1872006287786
269	16.850706319702603	2.429752280002408	1.2266181096180564	1.1870650510583298
270	15.821082621082619	2.4313637641589874	1.1992361985216422	1.1869299764105345
271	15.962308908803376	2.432969290874406	1.2030957111893112	1.1867954011156265
272	14.893513655462185	2.4345689040341987	1.1729971679444622	1.1866613214951192
273	15.365282865282865	2.436162647040756	1.1865405597567769	1.1865277339110227
274	16.145985401459857	2.437750562820388	1.208064555476254	1.1863946347652528
275	16.33648484848485	2.439332693830263	1.2131586143055677	1.1862620204990484
276	16.079710144927535	2.4409090820652177	1.2062782158307719	1.1861298875924007
277	15.4339651022864	2.4424797690644486	1.1884775139324926	1.1859982325634935
278	15.975454930173509	2.444044795918076	1.2034532343328381	1.1858670519681518
279	15.656124815517604	2.4456042032735974	1.1946842749950184	1.1857363423993008
280	15.317485119047612	2.4471580313422194	1.1851874670866651	1.1856061004864364
281	14.461127840131395	2.44870631990508	1.1602021654097172	1.1854763228951022
282	15.222517730496456	2.450249108319361	1.182486488573319	1.1853470063263782
283	15.58960121150934	2.45178643552429	1.1928350058972395	1.1852181475163774
284	16.226164680390028	2.4533183400470375	1.2102158793468591	1.1850897432357512
285	15.848245614035084	2.45484486000851	1.199981193221653	1.184961790289204
286	16.60472027972028	2.456366033129043	1.2202315639454142	1.1848342855150162
287	15.932214127336078	2.4578818967339924	1.2022761346501427	1.1847072257845757
288	15.86381172839506	2.459392487759231	1.2004075470240039	1.1845806080019161
289	15.63830653368614	2.4608978427565478	1.1941897216844768	1.184454429103266
290	15.743204868154157	2.462397997898956	1.1970931470112152	1.1843286860566018
291	15.746641674476727	2.4638929889859074	1.1971879449344232	1.184203375861213
292	15.805650684931505	2.4653828514484184	1.1988123795212702	1.1840784955472703
293	14.874099355328026	2.4668676203541096	1.1724306781415548	1.183954042175405
294	16.00170068027211	2.4683473304121573	1.2041661424563512	1.1838300128362929
295	16.667796610169493	2.469822015978163	1.2218781923119986	1.1837064046502466
296	15.91988416988417	2.4712917110589387	1.2019399035672818	1.1835832147668142
297	16.086339586339587	2.4727564493172123	1.2064572325199938	1.1834604403643845
298	15.552658750645328	2.4742162640762553	1.191804643011164	1.1833380786498005
299	14.886956521739128	2.4756711883244296	1.1728059199875227	1.1832161268579762
300	15.448666666666668	2.4771212547196626	1.1888910025765804	1.1830945822515238
301	15.191362126245847	2.4785664955938436	1.181596716416459	1.1829734421203828
302	15.457426679280985	2.4800069429571505	1.1891371951444405	1.1828527037814596
303	15.553538687202051	2.481442628502305	1.191829213779859	1.1827323645782692
304	16.092404306220093	2.482873583608754	1.2066209352685144	1.1826124218805856
305	15.778814627994954	2.484299839346786	1.198074374040872	1.1824928730840962
306	15.501361655773422	2.48572142648158	1.1903698487261023	1.1823737156100629
307	16.592019543973944	2.4871383754771865	1.2198992506068653	1.1822549469049881
308	15.885606060606058	2.4885507165004443	1.2010037884899483	1.1821365644402864
309	15.09683843664426	2.4899584794248346	1.1788860073407976	1.182018565711962
310	15.695037220843675	2.4913616938342726	1.195762349968387	1.18190094824029
311	16.038685691318328	2.4927603890268375	1.2051687766417456	1.1817837095695047
312	16.52342209072978	2.494154594018443	1.2180999970527857	1.1816668472674916
313	16.193711114847822	2.4955443375464483	1.2093463874814372	1.181550358925484
314	15.305732484076435	2.496929648073215	1.1848541183946664	1.1814342421577666
315	16.015873015873016	2.4983105537896004	1.2045506167833289	1.1813184946013802
316	15.60618846694796	2.499687082618404	1.1932968473354622	1.1812031139158354
317	15.774690609075465	2.5010592622177517	1.197960850129234	1.181088097782827
318	16.572255574614065	2.5024271199844326	1.2193816222963458	1.1809734439059556
319	15.726959247648901	2.503790683057181	1.196644761426616	1.1808591500104517
320	16.585	2.505149978319906	1.219715475855501	1.1807452138429053
321	16.102492211838005	2.506505032404872	1.2068930977763048	1.1806316331709992
322	15.303312629399587	2.507855871695831	1.1847854504874216	1.1805184057832465
323	16.05228758169935	2.509202522331103	1.2055369316515314	1.1804055294887323
324	16.17962962962963	2.510545010206612	1.2089685758887927	1.1802930021168598
325	16.244195804195805	2.5118833609788744	1.2106982157459274	1.1801808215170992
326	15.474516281264748	2.513217600067939	1.1896170822698051	1.180068985558741
327	16.712028542303774	2.514547752660286	1.2230291687000192	1.1799574921306537
328	15.427591463414634	2.515873843711679	1.1882981298353157	1.1798463391410445
329	16.362082066869302	2.5171958979499744	1.2138385666102693	1.179735524517224
330	16.197668997669	2.5185139398778875	1.2094525198334296	1.1796250462053737
331	15.338746223564955	2.519827993775719	1.1857898621918084	1.1795149021703182
332	15.667168674698795	2.5211380837040362	1.1949905191197974	1.1794050903953
333	16.06006006006006	2.5224442335063197	1.205747165083627	1.1792956088817579
334	16.01567453328637	2.5237464668115646	1.2045452345961583	1.1791864556491087
335	14.427784156142366	2.525044807036845	1.1591996365228499	1.179077628734533
336	14.814484126984127	2.526339277389844	1.170686532987524	1.178969126192762
337	16.056874381800196	2.5276299008713385	1.2056610097566656	1.1788609460958694
338	15.721005917159761	2.5289167002776547	1.1964803311623546	1.178753086533067
339	15.507702392658144	2.530199698203082	1.190547457897041	1.178645545610501
340	15.974183006535949	2.531478917042255	1.2034186555736934	1.178538321451052
341	16.529162593678723	2.5327543789924976	1.2182508517470825	1.1784314121941402
342	15.117690058479532	2.534026106056135	1.1794854372303554	1.1783248159955295
343	15.584719602126563	2.5352941200427703	1.1926989929237573	1.1782185310271385
344	15.468917710196779	2.53655844257153	1.1894599291530201	1.1781125554768517
345	15.51966873706004	2.537819095073274	1.1908824471282098	1.1780068875483338
346	15.663501238645749	2.5390760987927767	1.194888845759333	1.1779015254608467
347	15.89301152737752	2.5403294747908736	1.2012061983905098	1.1777964674490713
348	15.23477011494253	2.5415792439465807	1.1828359053217263	1.1776917117629273
349	17.06494746895893	2.5428254269591797	1.2321049557276738	1.1775872566674004
350	15.55107142857143	2.5440680443502757	1.191760316159412	1.1774831004423694
351	16.688034188034187	2.545307116465824	1.2224051808031762	1.1773792413824355
352	15.8917297979798	2.546542663478131	1.201171172275348	1.1772756777967555
353	14.009065155807367	2.5477747053878224	1.1464091551843905	1.1771724080088761
354	16.216572504708097	2.5490032620257876	1.209959068149596	1.177069430356572
355	14.529833546734956	2.550228353055094	1.1622606390641208	1.1769667431916842
356	16.18932584269663	2.5514499979728753	1.209228764201629	1.1768643448799623
357	15.693557422969185	2.552668216112193	1.195721400823706	1.1767622338009085
358	15.289882060831783	2.5538830266438746	1.1844041354759236	1.1766604083476238
359	15.72361497988239	2.5550944485783194	1.196552400820926	1.1765588669266556
360	15.561458333333334	2.5563025007672873	1.192050294224472	1.176457607957849
361	15.899269705363885	2.5575072019056577	1.2013771765082142	1.176356629874199
362	15.439226519337016	2.558708570533166	1.1886255390827394	1.1762559311217038
363	15.492561983471072	2.5599066250361124	1.1901232423737969	1.1761555101592238
364	15.861263736263737	2.561101383649056	1.2003377865012161	1.1760553654583374
365	15.049619482496196	2.5622928644564746	1.1775255192825969	1.1759554955032032
366	15.729166666666666	2.5634810853944106	1.196705714253601	1.1758558987904217
367	15.27792915531335	2.5646660642520893	1.1840644918464052	1.1757565738288995
368	16.253952569169964	2.5658478186735176	1.2109589880993632	1.1756575191397154
369	15.244641537324464	2.56702636615906	1.1831172168160435	1.1755587332559883
370	16.71891891891892	2.568201724066995	1.2232081916001651	1.175460214722747
371	15.30154986522911	2.569373909615046	1.1847354219174115	1.1753619620968014
372	16.237386269644336	2.5705429398818973	1.210516122194164	1.1752639739466155
373	15.433422698838248	2.571708831808688	1.1884622510391087	1.1751662488521828
374	16.097147950089127	2.5728716022004803	1.2067489357051124	1.175068785404902
375	15.303555555555555	2.574031267727719	1.1847923444622257	1.1749715822074567
376	15.472872340425534	2.575187844927661	1.1895709423874101	1.174874637873693
377	15.73076923076923	2.576341350205793	1.196749960036524	1.1747779510285028
378	16.155026455026455	2.5774917998372255	1.2083076735429295	1.1746815203077057
379	15.258839050131925	2.578639209968072	1.1835214921181096	1.174585344357934
380	16.080701754385966	2.57978359661681	1.2063049972362765	1.1744894218365185
381	16.51233595800525	2.5809249756756194	1.2178085161404035	1.1743937514113765
382	15.762303664921467	2.582063362911709	1.1976196900476088	1.1742983317609
383	14.27023498694517	2.583198773968623	1.154431124669892	1.1742031615738462
384	15.34449404761905	2.584331224367531	1.1859525730578564	1.1741082395492308
385	15.876808905380333	2.5854607295085006	1.20076321760938	1.1740135643962195
386	15.746761658031087	2.586587304671755	1.1971912540842806	1.1739191348340234
387	14.098765432098766	2.5877109650189114	1.1491810850311794	1.1738249495917956
388	15.01331615120275	2.5888317255942073	1.1764766300915157	1.1737310074085274
389	15.986289631533845	2.5899496013257077	1.2037476770335498	1.1736373070329482
390	14.143589743589743	2.591064607026499	1.150559650477313	1.1735438472234248
391	17.0920716112532	2.5921767573958667	1.2327947037278266	1.1734506267478622
392	15.308673469387754	2.593286067020457	1.1849375597456393	1.1733576443836076
393	14.78972935461485	2.5943925503754266	1.1699602266762177	1.1732648989173529
394	15.078172588832487	2.595496221825574	1.1783487100565095	1.1731723891450403
395	15.143037974683546	2.59659709562646	1.1802130114445524	1.1730801138717684
396	15.416278166278165	2.597695185925512	1.1879795379856009	1.1729880719116992
397	15.998320738874895	2.598790506763115	1.2040743993987952	1.1728962620879673
398	15.041206030150756	2.5998830720736876	1.1772826601412907	1.1728046832325896
399	14.572860723236662	2.6009728956867484	1.163544814252059	1.1727133341863751
400	14.584843750000001	2.6020599913279625	1.1639017808093945	1.1726222137988382
401	14.761014131338321	2.603144372620182	1.169116196004248	1.1725313209281114
402	16.058872305140962	2.60422605308447	1.2057150447502616	1.1724406544408585
403	16.12406947890819	2.6053050461411096	1.2074746608678546	1.172350213212191
404	15.442656765676567	2.606381365110605	1.1887220187597858	1.172259996125584
405	14.730041152263375	2.6074550232146687	1.1682039601607528	1.172170002072793
406	14.476600985221674	2.6085260335771943	1.1606666042197828	1.172080229953773
407	15.364338364338364	2.60959440922522	1.1865138629390444	1.171990678676597
408	15.047549019607843	2.61066016308988	1.17746576677739	1.1719013471573776
409	15.96437303527768	2.611723308007342	1.2031518672747172	1.1718122343201862
410	14.5801393728223	2.6127838567197355	1.1637616754605806	1.1717233390969775
411	15.102189781021899	2.6138418218760693	1.1790399235093278	1.1716346604275112
412	15.328016643550624	2.6148972160331345	1.185485963302728	1.1715461972592767
413	15.430992736077481	2.615950051656401	1.1883938668234648	1.1714579485474177
414	15.735104669887281	2.617000341120899	1.1968696361849414	1.1713699132546591
415	16.293072289156626	2.6180480967120925	1.2120029843957478	1.1712820903512329
416	15.90144230769231	2.6190933306267428	1.2014365178967772	1.1711944788148063
417	14.974420463629096	2.6201360549737576	1.1753500234274061	1.1711070776304102
418	15.776555023923445	2.621176281775035	1.1980121764756368	1.1710198857903686
419	15.925218774860781	2.622214022966295	1.2020854072279337	1.1709329022942294
420	14.648095238095237	2.6232492903979003	1.1657811549722834	1.1708461261486949
421	15.525534441805226	2.6242820958356683	1.1910465590020438	1.1707595563675537
422	15.21563981042654	2.625312450961674	1.1822902189548208	1.170673191971614
423	15.760441292356186	2.6263403673750423	1.1975683735692764	1.1705870319886367
424	14.885781671159029	2.6273658565927325	1.1727716449322048	1.1705010754532703
425	14.88078431372549	2.6283889300503116	1.1726258219455037	1.170415321406985
426	15.188086854460096	2.629409599102719	1.1815030720274708	1.1703297688980097
427	16.318891491022637	2.630427875025024	1.2126906546823917	1.1702444169812674
428	15.314122533748701	2.6314437690131722	1.1850921177166507	1.1701592647183139
429	14.212121212121213	2.6324572921847245	1.1526589028371959	1.1700743111772747
430	15.208914728682169	2.6334684555795866	1.1820982249563061	1.1699895554327848
431	15.347099767981438	2.6344772701607315	1.1860263163756057	1.1699049965659274
432	15.089699074074074	2.635483746814912	1.178680578955694	1.1698206336641745
433	15.381832178598922	2.6364878963533656	1.187008068733554	1.169736465821328
434	15.889400921658984	2.637489729512511	1.2011075233041457	1.1696524921374611
435	16.047988505747124	2.6384892569546374	1.205420604616249	1.1695687117188602
436	15.205963302752295	2.639486489268586	1.1820139380492345	1.1694851236779682
437	14.04023646071701	2.640481436970422	1.1473744220900697	1.1694017271333286
438	15.035388127853881	2.6414741105040997	1.177114643584494	1.1693185212095285
439	14.343394077448748	2.6424645202421213	1.1566519305991192	1.1692355050371448
440	12.938636363636364	2.6434526764861874	1.1118885073253602	1.1691526777526884
441	15.806500377928948	2.6444385894678386	1.1988357260489682	1.1690700384985513
442	15.153846153846155	2.645422269349092	1.1805228738547562	1.168987586422953
444	13.907657657657658	2.6473829701146196	1.1432539918170836	1.1688232404290724
445	15.11685393258427	2.6483600109809315	1.1794614167018707	1.1687413448358952
446	16.385650224215247	2.649334858712142	1.2144636799683584	1.1686596330713646
447	15.570190156599553	2.6503075231319366	1.192293916579526	1.1685781043120589
448	15.915736607142858	2.651278013998144	1.201826743303519	1.1684967577400764
449	15.311061618411285	2.6522463410033232	1.1850053042863422	1.168415592542987
450	13.989444444444445	2.6532125137753435	1.1458004679226415	1.1683346079137822
451	16.186252771618626	2.6541765418779604	1.2091463182424953	1.1682538030508276
452	15.609513274336283	2.655138434811382	1.1933893613862157	1.1681731771578157
453	14.47130242825607	2.656098202012832	1.1605076197126811	1.168092729443718
454	15.441079295154184	2.6570558528571038	1.1886776532243155	1.1680124591227392
455	16.17230769230769	2.6580113966571126	1.20877199557285	1.1679323654142704
456	15.87280701754386	2.658964842664435	1.2006537361077456	1.167852447542844
457	15.34442013129103	2.6599162000698504	1.1859504810025172	1.167772704738089
458	14.627001455604079	2.660865478003869	1.1651553046108247	1.1676931362346854
459	15.52069716775599	2.661812685537261	1.1909112252539447	1.1676137412723213
460	14.908695652173913	2.662757831681574	1.1734396490973513	1.1675345190956483
461	15.525488069414317	2.663700925389648	1.1910452618290777	1.1674554689542394
462	15.757575757575756	2.6646419755561257	1.1974894037569117	1.1673765901025448
463	15.067494600431965	2.6655809910179533	1.1780410445067637	1.167297881799852
464	15.480603448275861	2.6665179805548807	1.189787885878418	1.1672193433102418
465	13.282795698924732	2.667452952889954	1.1232894928657478	1.1671409739025485
466	15.61945636623748	2.66838591669	1.193665914224261	1.167062772850318
467	15.886152748037114	2.6693168805661123	1.2010187340481144	1.1669847394317687
468	15.001602564102564	2.670245853074124	1.1761376555603889	1.16690687292975
469	14.844882729211086	2.6711728427150834	1.1715767711299294	1.1668291726317042
470	13.863829787234042	2.6720978579357175	1.1418832177007543	1.1667516378296259
471	15.619957537154988	2.673020907128896	1.193679848913603	1.166674267820025
472	15.143765133171913	2.673941998634088	1.1802338654724867	1.1665970619038866
473	14.251585623678647	2.6748611407378116	1.1538631864009798	1.1665200193866347
474	14.390295358649789	2.6757783416740852	1.158069707857063	1.1664431395780936
475	15.543157894736842	2.6766936096248664	1.1915392587975984	1.1663664217924516
476	14.807422969187675	2.677606952720493	1.1704794820427635	1.1662898653482232
477	14.835779175401816	2.678518379040114	1.1713103604062225	1.166213469568214
478	14.665271966527197	2.6794278966121188	1.1662901213545398	1.1661372337794844
479	14.551148225469728	2.680335513414563	1.1628972646834461	1.1660611573133133
480	14.313541666666666	2.681241237375587	1.1557471065746947	1.1659852395051638
481	14.630769230769232	2.682145076373832	1.1652671602945583	1.165909479694648
482	14.51313969571231	2.6830470382388496	1.1617613755680054	1.1658338772254926
483	12.898550724637682	2.683947130751512	1.1105409159076576	1.1657584314455047
484	15.666666666666666	2.6848453616444123	1.194976603216055	1.1656831417065383
485	15.180559646539027	2.6857417386022635	1.181287782555739	1.1656080073644604
486	15.679012345679013	2.6866362692622934	1.195318702077307	1.1655330277791183
487	15.189322381930182	2.6875289612146345	1.1815383997776827	1.165458202314307
488	14.603483606557376	2.6884198220027105	1.164456467472176	1.1653835303377362
489	15.798227675528288	2.6893088591236203	1.1986083683524227	1.1653090112209994
490	15.090306122448979	2.690196080028514	1.1786980499771724	1.1652346443395405
491	12.60081466395112	2.6910814921229687	1.1003986238970325	1.165160429072624
492	14.81829268292683	2.69196510276736	1.1707981684815347	1.165086364803303
493	14.645436105476673	2.69284691927723	1.1657023084438456	1.1650124509183886
494	15.100202429149798	2.693726948923647	1.1789827693642592	1.1649386868084195
495	14.918181818181818	2.694605198933569	1.1737158958948681	1.164865071867632
496	15.713709677419354	2.6954816764901977	1.1962787249664741	1.16479160549393
498	15.2904953145917	2.6972293427597176	1.184421554013354	1.1646451160575584
499	14.0	2.6981005456233897	1.146128035678238	1.1645720918087699
501	12.520958083832335	2.699837725867246	1.0976375616700886	1.1644264813113672
502	14.923306772908367	2.7007037171450192	1.1738650667093757	1.1643538938978568
503	15.508946322067596	2.7015679850559273	1.1905822928454366	1.164281450937006
504	15.35515873015873	2.7024305364455254	1.1862543102141736	1.1642091518550202
505	14.775577557755776	2.7032913781186614	1.16954446588114	1.1641369960815169
506	14.148221343873518	2.7041505168397992	1.150701845578035	1.1640649830494985
507	15.228139381985537	2.705007959333336	1.1826468432244264	1.1639931121953255
508	14.302165354330707	2.7058637122839193	1.1554017948248518	1.1639213829586912
509	15.070726915520629	2.7067177823367587	1.1781342004092392	1.1638497947825934
510	16.13137254901961	2.7075701760979363	1.2076713212082582	1.1637783471133105
511	14.838356164383564	2.708420900134713	1.1713857912206131	1.1637070394003743
512	14.916015625	2.709269960975831	1.1736528296267679	1.1636358710965453
513	15.115009746588694	2.7101173651118162	1.179408431559375	1.1635648416577877
514	14.24383916990921	2.710963118995276	1.1536270613224011	1.1634939505432438
515	15.506796116504853	2.711807229041191	1.1905220768171276	1.1634231972152096
516	15.324612403100774	2.7126497016272113	1.1853894989605491	1.16335258113911
517	16.25725338491296	2.7134905430939424	1.2110471746815472	1.163282101783476
518	14.788610038610038	2.714329759745233	1.1699273571659883	1.1632117586199182
519	15.009633911368017	2.7151673578484576	1.1763700998241067	1.1631415511231054
520	14.723717948717947	2.716003343634799	1.1680174893988713	1.1630714787707392
522	13.93199233716475	2.717670503002262	1.1440132269168346	1.1629317374251855
523	14.245697896749522	2.718501688867274	1.1536837301836305	1.162862067402362
524	14.408396946564885	2.7193312869837265	1.1586156646454615	1.1627925304646676
525	14.194761904761904	2.720159303405957	1.1521281123028564	1.1627231261046278
526	15.562737642585551	2.7209857441537393	1.1920859961555117	1.1626538538176652
527	14.901328273244781	2.7218106152125467	1.173224982239776	1.1625847131020768
528	13.789457070707071	2.722633922533812	1.1395471671303241	1.1625157034590137
529	14.671077504725899	2.7234556720351857	1.16646201140102	1.1624468243924584
530	14.512264150943395	2.724275869600789	1.1617351747775584	1.1623780754092032
531	15.46421845574388	2.725094521081469	1.1893279761378002	1.1623094560188305
532	14.193609022556391	2.7259116322950483	1.152092837972977	1.1622409657336896
533	15.855534709193247	2.7267272090265724	1.2001808926788635	1.1621726040688785
534	15.789637952559302	2.727541257028556	1.1983721719963674	1.1621043705422207
535	13.485981308411215	2.7283537820212285	1.1298825534082846	1.1620362646742468
537	15.222532588454374	2.7299742856995555	1.1824869124667974	1.1619004340098822
538	15.260223048327138	2.7307822756663893	1.1835608814530516	1.161832708267903
539	14.662337662337663	2.7315887651867388	1.166203216752486	1.1617651082933904
540	13.70888888888889	2.7323937598229686	1.1370022564686357	1.1616976336201075
541	13.495378927911275	2.7331972651065692	1.1301850833342182	1.1616302837844041
542	13.94649446494465	2.733999286538387	1.144465058803082	1.1615630583251995
543	14.313075506445673	2.734799829588847	1.1557329623388979	1.1614959567839622
544	14.492647058823529	2.73559889969818	1.1611477159092256	1.161428978704692
545	15.690825688073396	2.7363965022766426	1.1956457977831707	1.1613621236339013
547	15.168799512492384	2.737987326333431	1.1809512112593397	1.1612287807162573
548	13.605839416058394	2.738780558484369	1.1337253408615557	1.161162291974826
549	14.655737704918034	2.739572344450092	1.1660076837851507	1.1610959244526802
550	15.754545454545454	2.7403626894942437	1.197405877555692	1.1610296777086213
551	14.30369026013309	2.741151598851785	1.1554480971054022	1.1609635513038552
552	15.103864734299515	2.741939077729199	1.1790880875597696	1.1608975448019738
553	14.844484629294756	2.7427251313046983	1.1715651243612508	1.1608316577689395
554	13.78519855595668	2.74350976472843	1.139413025874169	1.1607658897730666
555	14.685285285285284	2.7442929831226763	1.1668823878095649	1.1607002403850055
556	14.854916067146284	2.7450747915820575	1.1718702023074246	1.1606347091777247
557	14.734290843806104	2.745855195173729	1.1683292382495174	1.1605692957264955
558	14.16188769414576	2.7466341989375787	1.151121146045162	1.160503999608874
559	14.754919499105545	2.747411807886423	1.1689368443890369	1.1604388204046856
560	15.041964285714286	2.7481880270062002	1.1773045531933677	1.1603737576960094
561	15.823529411764707	2.7489628612561616	1.1993033586241342	1.1603088110671604
563	14.078152753108348	2.7505083948513462	1.1485456731468247	1.1601792643972952
564	15.22695035460993	2.751279103983342	1.1826129317808687	1.1601146635359514
567	14.238095238095237	2.7535830588929064	1.1534518935905103	1.159921545969964
568	13.589788732394366	2.754348335711019	1.1332127052189902	1.1598574004453241
569	16.34797891036907	2.7551122663950713	1.2134640687804266	1.1597933677536796
572	14.18006993006993	2.7573960287930244	1.15167837260788	1.1596019427245894
573	14.863874345549739	2.75815462196739	1.1721320252781298	1.1595383574231584
574	14.982578397212544	2.7589118923979736	1.1755865588455943	1.1594748829941486
575	15.128695652173914	2.7596678446896306	1.1798014861538997	1.1594115190515812
579	14.173862982153139	2.762678563727436	1.151488230148199	1.1591591604962819
580	14.070689655172414	2.7634279935629373	1.1483153842929945	1.1590963432661747
582	15.527491408934708	2.7649229846498886	1.1911012976307886	1.1589710330707859
584	15.517123287671232	2.7664128471123997	1.1908112107307676	1.1588461527568432
585	13.430769230769231	2.7671558660821804	1.128100887062714	1.158783872885683
586	15.25995449374289	2.767897616018091	1.1835532385241159	1.158721699384978
587	13.502555366269165	2.7686381012476144	1.1304159667505564	1.1586596318919982
588	14.022108843537415	2.7693773260761385	1.146813333904399	1.158597670045866
590	14.10677966101695	2.7708520116421442	1.1494278829908042	1.1584740618598195
591	14.593908629441625	2.7715874808812555	1.1641716228640564	1.1584124148072987
592	15.635135135135135	2.77232170672292	1.1941016392207733	1.158350871976387
594	14.764309764309765	2.7737864449811935	1.169213148384847	1.1582280975739576
595	14.33109243697479	2.7745169657285498	1.1562792972547506	1.1581668653041561
596	14.034395973154362	2.7752462597402365	1.1471937257577027	1.1581057358593734
599	14.836393989983305	2.7774268223893115	1.1713283577789584	1.1579229610361665
600	15.718333333333334	2.7781512503836434	1.1964064944699362	1.1578622394610967
601	15.016638935108153	2.7788744720027396	1.176572738574956	1.1578016190044336
602	13.487541528239202	2.7795964912578244	1.129932794888918	1.157741099329956
606	13.425742574257425	2.782472624166286	1.127938315748402	1.1575000217878424
607	15.42998352553542	2.7831886910752575	1.1883654623708035	1.157440001039185
609	16.013136288998357	2.784617292632875	1.2044763999774502	1.1573202556160314
616	14.845779220779221	2.7895807121644256	1.1716029976480102	1.1569042216498595
617	14.19611021069692	2.7902851640332416	1.1521693623092355	1.156845174474198
618	15.488673139158575	2.790988475088816	1.1900142148525839	1.1567862229215349
622	14.012861736334406	2.7937903846908188	1.1465268368833994	1.1565513667790779
625	15.0288	2.7958800173440754	1.1769243049925024	1.1563762137107043
626	15.365814696485623	2.7965743332104296	1.1865555915242705	1.1563180161350572
629	14.955484896661368	2.798650645445269	1.1748004985796658	1.1561439795845339
631	15.362916006339145	2.8000293592441343	1.1864736561426061	1.1560284157547362
634	13.94689800210305	2.802089257881733	1.1444776247870407	1.1558557549924
635	13.228346456692913	2.8027737252919755	1.121505560769906	1.1557983829146241
636	14.059748427672956	2.803457115648414	1.1479775498835991	1.1557411011155287
638	13.670846394984325	2.8048206787211623	1.1357954036162452	1.1556268072200249
639	12.918622848200313	2.8055008581584002	1.1112162194404123	1.155569794560268
641	15.02808112324493	2.8068580295188172	1.1769035307673474	1.1554560364182733
644	14.81832298136646	2.808885867359812	1.1707990564672137	1.1552860629928194
645	14.274418604651164	2.8095597146352675	1.1545584285162174	1.1552295810950433
647	14.143740340030911	2.8109042806687006	1.1505642746820859	1.1551168795319144
650	15.026153846153846	2.8129133566428557	1.1768478310759227	1.1549484787266722
652	14.719325153374234	2.81424759573192	1.1678878990718493	1.1548366427683139
654	13.791284403669724	2.815577748324267	1.139604714576913	1.1547251493402266
658	13.743161094224924	2.8182258936139557	1.1380866372272391	1.154503181726797
659	15.39453717754173	2.8188854145940097	1.187366636775355	1.1544479006595083
661	13.671709531013615	2.82020145948564	1.1358228227950369	1.154337589739296
663	14.113122171945703	2.821513528404773	1.149623101072033	1.1542276120852115
665	14.906766917293233	2.8228216453031045	1.1733834608752198	1.1541179656896228
666	14.5	2.823474229170301	1.1613680022349748	1.1540632660913308
668	14.54565868263473	2.824776462475546	1.1627333925309293	1.1539541128586819
681	13.822320117474302	2.833147111912785	1.1405809467752421	1.1532524847849976
684	13.976608187134502	2.835056101720116	1.145401790555984	1.1530924732051024
693	15.188311688311689	2.8407332346118066	1.18150950097269	1.1526166157648032
694	14.780259365994237	2.841359470454855	1.1696820551840954	1.1525641246586442
696	13.876436781609195	2.842609239610562	1.1422779614537655	1.1524593689725002
697	13.653515064562411	2.8432327780980096	1.1352444738397665	1.1524071039587644
704	12.911931818181818	2.847572659142112	1.1109912240798552	1.1520433350063284
705	12.388652482269503	2.848189116991399	1.0930240705939225	1.1519916634918843
707	13.371994342291371	2.8494194137968996	1.1261961841699957	1.151888539978688
710	14.777464788732395	2.8512583487190755	1.1695999331992406	1.1517344004012573
712	14.525280898876405	2.8524799936368566	1.1621245397991946	1.1516320020895354
716	12.85754189944134	2.8549130223078554	1.1091579482501	1.151428065557197
717	13.486750348675034	2.8555191556678	1.1299073184152015	1.1513772594417429
721	13.640776699029127	2.857935264719429	1.1348390995359265	1.1511747411123807
722	13.51939058171745	2.858537197569639	1.1309571152030702	1.151124287083772
724	14.922651933701658	2.859738566197147	1.1738460093182663	1.151023588331277
731	14.738714090287278	2.8639173769578603	1.1684595942520757	1.1506733202945716
734	14.318801089918257	2.8656960599160706	1.1559066561121718	1.1505242310384725
737	14.687924016282226	2.8674674878590514	1.1669604171663517	1.150375749897956
755	12.491390728476821	2.8779469516291885	1.0966107932243916	1.1494973609469656
759	14.44927536231884	2.88024177589548	1.1598460675744005	1.1493050087117567
762	12.146981627296588	2.8819549713396007	1.0844683746040926	1.1491614086209496
763	14.158584534731324	2.8825245379548803	1.1510198381360672	1.1491136675310725
827	13.582829504232164	2.9175055095525466	1.1329902493313084	1.1461815614977595
884	13.418552036199095	2.946452265013073	1.1277056546842428	1.143755243632526
