k	v	lnk	lnv	linreg	 k=[-0.03894695], b=2.275903046931225
1	89.730199613651	0.0	1.9529386338828285	2.275903046931225
2	96.83401833702182	0.3010299956639812	1.9860279542160133	2.2641788464238415
3	96.03790087463543	0.47712125471966244	1.9824426590013418	2.2573206287760863
4	102.169391091132	0.6020599913279624	2.0093208050816167	2.252454645916458
5	111.55940959409598	0.6989700043360189	2.0475062071832495	2.2486802963830383
6	110.98158567774932	0.7781512503836436	2.045250925615802	2.2455964282687026
7	112.71998047510581	0.8450980400142568	2.0520009048745917	2.2429890549296316
8	113.22693266832918	0.9030899869919435	2.053949742382394	2.240730445409074
9	118.69542396688088	0.9542425094393249	2.07443397603765	2.238738210620947
10	123.25167535368575	1.0	2.090792831331952	2.2369560958756547
11	128.1135653409092	1.0413926851582251	2.1075951175728456	2.235343976992739
12	125.41881258941352	1.0791812460476249	2.0983626847481607	2.233872227761319
13	123.80810961190697	1.1139433523068367	2.0927490925383183	2.232518349710253
14	133.87754114230398	1.146128035678238	2.1267077273028923	2.231264854422248
15	131.72653508771933	1.1760912590556813	2.1196732683664132	2.2300978782278995
16	132.4116879350348	1.2041199826559248	2.1219263218231315	2.2290062449016905
17	134.93393113342896	1.2304489213782739	2.13012117317859	2.227980813013926
18	132.65981057393265	1.255272505103306	2.1227393728300306	2.2270140101135634
19	129.73533403709862	1.2787536009528289	2.113058274368214	2.226099493022781
20	137.9225574712642	1.3010299956639813	2.1396353015937457	2.225231895368271
21	137.69846109175384	1.3222192947339193	2.1389290866396826	2.2244066367744924
22	144.65055432372512	1.3424226808222062	2.1603201022721024	2.2236197764853554
23	147.6517441444024	1.3617278360175928	2.1692385814590094	2.2228678995508404
24	142.71428571428575	1.380211241711606	2.1544674482117254	2.2221480272539353
25	146.49539568345318	1.3979400086720377	2.165823975129085	2.221457545834852
26	148.99838396897215	1.414973347970818	2.173181558095737	2.2207941492028693
27	150.19843021829774	1.4313637641589874	2.176665393712799	2.220155792465808
28	145.75559927360777	1.4471580313422192	2.1636252473893487	2.2195406539148643
29	147.74493705528178	1.462397997898956	2.1695126073426168	2.2189471036832904
30	143.07738095238085	1.4771212547196624	2.1555709817401465	2.218373677720516
31	146.5045030293107	1.4913616938342726	2.165850973568807	2.2178190560353093
32	150.04348150357995	1.505149978319906	2.1762171326597817	2.217282044394307
33	149.49599537610447	1.5185139398778875	2.174629559153064	2.2167615588375997
34	155.35269607843128	1.5314789170422551	2.191318794648124	2.216256612506543
35	167.73513784461156	1.5440680443502757	2.224624049925868	2.215766304381445
36	157.45608317815024	1.5563025007672873	2.1971594438844004	2.21528980960618
37	151.5301134467801	1.568201724066995	2.1804989483774757	2.214826371138727
38	150.93197454420383	1.5797835966168101	2.178781253672938	2.214375292515397
39	158.2276612276612	1.591064607026499	2.1992824087976444	2.2139359315551137
40	156.71263440860213	1.6020599913279623	2.195104011355283	2.213507694860888
41	160.82515542802477	1.6127838567197355	2.206353979792604	2.2130900330003476
42	150.5137662337662	1.6232492903979006	2.1775762230258535	2.2126824362671087
43	158.541255176808	1.6334684555795864	2.200142292195993	2.212284430940949
44	171.54845041322315	1.6434526764861874	2.234386799454122	2.2118955759779717
45	161.0152525252525	1.6532125137753437	2.206867017484034	2.2115154600727607
46	149.4346036858114	1.662757831681574	2.174451176125114	2.2111436990434568
47	159.6700709219859	1.6720978579357175	2.203223518195147	2.210779933498079
48	161.7025862068966	1.6812412373755872	2.208716965895284	2.2104238267465517
49	151.6305194805196	1.6901960800285136	2.1807866228527284	2.2100750629280377
50	160.32086956521732	1.6989700043360187	2.2049900597656906	2.2097333453274683
51	152.22595704948642	1.7075701760979363	2.1824887131585147	2.209398394858787
52	168.05197802197802	1.7160033436347992	2.225443628611355	2.2090699486954857
53	160.23331536388136	1.724275869600789	2.2047528187047973	2.2087477590315823
54	160.09940922517606	1.7323937598229686	2.2043897293539065	2.2084315919584245
55	172.0282962071043	1.7403626894942439	2.235599888046359	2.208121226444552
56	166.6620370370371	1.7481880270062005	2.221836685713193	2.2078164534074807
57	168.14741398951924	1.7558748556724915	2.225690192502762	2.207517074867642
58	169.75905996046566	1.7634279935629373	2.2298329616614545	2.2072229031759067
59	178.67468138220983	1.7708520116421442	2.252063016327583	2.20693376030714
60	164.33380952380952	1.7781512503836436	2.2157269230155583	2.206649477213132
61	172.06195756991323	1.7853298350107671	2.2356848596141807	2.2063698932290112
62	169.11124896608786	1.792391689498254	2.228172497020644	2.2060948555279256
63	166.70393885949431	1.7993405494535817	2.221945861404094	2.2058242186193535
64	169.20191271551724	1.806179973983887	2.2284052681421267	2.2055578438869237
65	166.6200992555831	1.8129133566428555	2.221727388843175	2.205295599162066
66	175.58513708513715	1.8195439355418688	2.2444877510057424	2.205037358330216
67	170.36350955502857	1.8260748027008264	2.231376578130306	2.204783000966626
68	167.43476621417798	1.8325089127062364	2.2238456400808264	2.204532411999159
69	155.8415551839465	1.8388490907372552	2.1926832734952453	2.204285481395701
70	174.74414414414417	1.845098040014257	2.242402631007152	2.204042103874061
71	167.73009209100758	1.8512583487190752	2.2246109854246803	2.2038021786324475
72	167.01234567901238	1.8573324964312685	2.222748575711036	2.2035656090987965
73	158.08834455537493	1.863322860120456	2.198899851703996	2.2033323026973886
74	176.33011583011586	1.8692317197309762	2.246326492797708	2.203102170631343
75	167.34487394957986	1.8750612633917	2.223612413738867	2.2028751276797127
76	187.672697368421	1.8808135922807914	2.2734010960379654	2.202651092008014
77	164.6554950425918	1.8864907251724818	2.216576228985693	2.202429984991145
78	162.17476383265853	1.8920946026904804	2.2099832741604706	2.2022117310477305
79	164.3870021611609	1.8976270912904414	2.2158674755346572	2.2019962574850123
80	177.2516768292683	1.9030899869919435	2.2485903523699347	2.201783494353504
81	181.92204585537925	1.9084850188786497	2.2598853313514984	2.2015733743106694
82	169.4848269994328	1.9138138523837167	2.229130824395303	2.201365832492964
83	164.8549397590361	1.919078092376074	2.217101964994183	2.201160806395637
84	179.38817330210767	1.9242792860618816	2.253793807498809	2.2009582357597255
85	173.91438695960312	1.9294189257142926	2.2403355102299787	2.2007580624657397
86	149.108803986711	1.9344984512435677	2.1735032867123305	2.2005602304335654
87	178.0954607442042	1.9395192526186185	2.2506528504072816	2.2003646855281516
88	162.83222853535358	1.9444826721501687	2.211740366706917	2.200171375470588
89	168.47144836078192	1.9493900066449128	2.2265263095395245	2.199980249754208
90	169.9010840108401	1.954242509439325	2.2301961497838443	2.199791259565377
91	171.22686524002316	1.9590413923210936	2.2335719058443373	2.199604357708659
92	181.6165458937198	1.9637878273455553	2.25915541171263	2.199419498536073
93	171.0178684376977	1.968482948553935	2.2330414890966925	2.1992366378801704
94	181.8002540489044	1.9731278535996986	2.2595944857724186	2.1990557329906952
95	171.68692699490668	1.9777236052888478	2.2347372273092874	2.1988767424745945
96	183.46680790960454	1.9822712330395684	2.2635575048519327	2.198699626239168
97	174.6524775523778	1.9867717342662448	2.2421747507506167	2.1985243454381673
98	173.20545233018584	1.9912260756924949	2.2385615590418535	2.198350862420654
99	174.02480949849374	1.99563519459755	2.2406111670195332	2.198179140682461
100	177.13367346938782	2.0	2.248301129297406	2.1980091448200847
101	174.05418541854183	2.0043213737826426	2.2406844710694434	2.197840840486879
102	183.33686274509805	2.0086001717619175	2.263249795443489	2.1976741943514035
103	181.1584951456311	2.012837224705172	2.2580587044117646	2.197509174057803
104	185.8345797720797	2.0170333392987803	2.2691265299314103	2.197345748188102
105	180.4658201058201	2.0211892990699383	2.2563949594545742	2.197183886226306
106	183.278917145201	2.0253058652647704	2.263112510275333	2.1970235585241986
107	181.70360480640852	2.0293837776852097	2.2593635433344628	2.196864736268751
108	174.58456790123458	2.03342375548695	2.2420058523618853	2.196707391451041
109	175.81017911751854	2.037426497940624	2.2450440163952607	2.1965514968366096
110	180.3981818181818	2.041392685158225	2.2562321560977745	2.1963970259371686
111	160.79686829686833	2.0453229787866576	2.206277586112473	2.196243952983588
112	159.17232142857142	2.0492180226701815	2.2018675502363427	2.196092252900097
113	167.90830875122913	2.0530784434834195	2.2250721872370898	2.19594190127963
114	180.21335597057157	2.0569048513364727	2.255786974264431	2.1957928743602584
115	175.99293478260867	2.060697840353612	2.2454952334589473	2.1956451490026536
116	176.32056194125158	2.0644579892269186	2.2463029612891807	2.195498702668523
117	162.6019166019166	2.0681858617461617	2.2111256603523346	2.195353513399975
118	194.3567026194145	2.0718820073061255	2.2885995223813955	2.195209559799757
119	170.4884723120017	2.0755469613925306	2.2316950192197846	2.1950668210123325
120	176.19259259259263	2.0791812460476247	2.2459876460522774	2.1949252767057486
121	176.355614973262	2.0827853703164503	2.246389291693233	2.1947849070542524
122	179.68330849478386	2.0863598306747484	2.254507735621521	2.194645692721628
123	170.09717382888115	2.089905111439398	2.230697097852908	2.1945076148452087
124	207.3071054925894	2.093421685162235	2.316614187879378	2.194370655020542
125	185.43102439024392	2.0969100130080562	2.2681823975230575	2.194234795286665
126	160.24485596707817	2.100370545117563	2.2047840970927606	2.19410001811197
127	180.10039370078738	2.103803720955957	2.2555146621915076	2.1939663063806267
128	178.73307291666666	2.1072099696478683	2.2522049221543314	2.19383364337954
129	181.8565891472868	2.110589710299249	2.2597290413184967	2.19370201278581
130	191.2530769230769	2.113943352306837	2.281608430910435	2.1935713986546825
131	179.8883234379417	2.1172712956557644	2.2550029741790834	2.193441785407956
132	180.81874298540964	2.12057393120585	2.2572434457922412	2.1933131578228324
133	180.94977443609022	2.123851640967086	2.257558046072445	2.1931855010211874
134	170.2953091684435	2.1271047983648077	2.2312026853653144	2.193058800459242
135	183.73518518518517	2.130333768495006	2.2641923314204053	2.1929330419176214
136	181.01029411764705	2.1335389083702174	2.257703274047987	2.1928082114917755
137	179.56970802919707	2.1367205671564067	2.254233076510971	2.192684295582754
138	180.59913043478264	2.1398790864012365	2.2567156549017136	2.192561280888318
139	157.27908707516744	2.143014800254095	2.1966709796375525	2.192439154394366
140	169.11950549450552	2.146128035678238	2.2281937000879872	2.1923179033666775
141	169.9340425531915	2.1492191126553797	2.230280388945725	2.19219751534294
142	204.26216389244556	2.1522883443830563	2.3101879283822777	2.192077978125064
143	151.61685682738315	2.155336037465062	2.1807474890277856	2.1919592797717664
144	182.64190821256037	2.1583624920952498	2.261600435943064	2.191841408591413
145	185.2286206896552	2.161368002234975	2.267708092752164	2.191724353135104
146	178.58047945205482	2.164352855784437	2.2518339846220443	2.191608102190005
147	174.899416909621	2.167317334748176	2.2427883616035698	2.191492644772899
148	172.48160660660662	2.1702617153949575	2.2367427888286198	2.1913779701239595
149	166.02684563758388	2.173186268412274	2.220178316772728	2.1912640677007347
150	154.4153846153846	2.1760912590556813	2.188690567506942	2.191150927172329
151	212.62185430463575	2.1789769472931693	2.3276079013731503	2.1910385384137823
152	186.06882591093114	2.1818435879447726	2.2696736172525203	2.1909268915006304
153	191.36274509803926	2.184691430817599	2.281857392306121	2.1908159767036484
154	135.88414217361583	2.187520720836463	2.133168777053788	2.1907057844837614
155	223.73677419354846	2.1903316981702914	2.349737372191179	2.1905963054871225
156	148.77564102564097	2.1931245983544616	2.1725318301739276	2.190487530540347
157	168.777423920736	2.1958996524092336	2.227314353886993	2.190379450645899
158	182.56708860759494	2.1986570869544226	2.261422489932357	2.1902720569776286
159	171.57264150943396	2.2013971243204513	2.2344480376575455	2.1901653408764434
160	182.95868055555553	2.2041199826559246	2.2623530196053183	2.1900592938461205
161	171.64890487087283	2.2068258760318495	2.2346410369487533	2.1899539075492465
162	188.28213507625273	2.2095150145426308	2.274809114462358	2.1898491738032857
163	204.08069844266163	2.2121876044039577	2.309801931927071	2.189745084576765
164	151.33055198973042	2.214843848047698	2.1799266161994724	2.1896416319855803
165	188.48917748917742	2.2174839442139063	2.2752864193075264	2.189538808289413
166	171.88142041851617	2.220108088040055	2.2352289340121834	2.1894366058882535
167	180.9309381237525	2.2227164711475833	2.2575128350057527	2.1893350173190305
168	175.27164502164499	2.225309281725863	2.243711662775617	2.189234035252342
169	182.88884192730347	2.2278867046136734	2.2621872099202553	2.189133652489281
170	180.34444444444446	2.230448921378274	2.256102768310695	2.189033861958356
171	215.609857978279	2.2329961103921536	2.3336686135077214	2.188934656712503
172	155.94651162790697	2.2355284469075487	2.1929756644558105	2.1888360299261818
173	147.10789980732181	2.2380461031287955	2.167635995301336	2.188737974892558
174	158.32521974306965	2.2405492482826	2.1995500994666792	2.188640485020768
175	211.48888888888885	2.2430380486862944	2.325287555536115	2.188543553833258
176	148.56209415584416	2.24551266781415	2.1719080126617	2.1884471749632044
177	203.4994350282486	2.247973266361807	2.3085632078391027	2.1883513421520013
178	210.81300160513644	2.250420002308894	2.3238973918879577	2.1882560492468244
179	200.49720670391062	2.2528530309798933	2.302108326474763	2.188161290198258
180	205.51045751633987	2.255272505103306	2.3128339260957222	2.1880670590579934
181	153.68280792980178	2.2576785748691846	2.1866252868957896	2.1879733499765854
182	211.81758241758243	2.2600713879850747	2.3259620069046387	2.187880157201276
183	138.48315118397088	2.2624510897304293	2.14139693735029	2.1877874750738724
184	216.2451690821256	2.2648178230095364	2.3349464141048966	2.1876952980286895
185	164.5581081081081	2.2671717284030137	2.2163192857179506	2.18760362059054
186	191.56336405529956	2.2695129442179165	2.282312455108016	2.1875124373727868
187	171.59205500381972	2.271841606536499	2.234497175424809	2.18742174307544
188	176.74955673758868	2.27415784926368	2.247358333322342	2.1873315324833116
189	195.08544973544977	2.2764618041732443	2.2902248791574573	2.1872418004642147
190	204.31776315789472	2.278753600952829	2.310306125350522	2.187152541967211
191	162.2482547993019	2.2810333672477277	2.2101800340695763	2.1870637520209053
192	202.74479166666666	2.2833012287035497	2.3069497063876074	2.1869754257317844
193	135.93609671848014	2.285557309007774	2.1333347953937842	2.1868875582825984
194	171.38298969072164	2.287801729930226	2.2339677146113415	2.1868001449307837
195	176.9333333333333	2.290034611362518	2.2478096594727353	2.1867131810069274
196	191.66122448979593	2.292256071356476	2.282534258452021	2.186626661913271
197	160.80583756345177	2.294466226161593	2.206301810429706	2.1865405831222504
198	204.19797979797983	2.296665190261531	2.3100514411449673	2.1864549401750772
199	152.6854271356784	2.298853076409707	2.1837975883558425	2.186369728680349
200	191.23	2.3010299956639813	2.2815560250343667	2.186284944312701
201	149.7222222222222	2.303196057420489	2.1752862644194515	2.186200582811487
202	146.32403240324035	2.305351369446624	2.165315660937096	2.1861166399794953
203	160.52216748768473	2.307496037913213	2.205535015263058	2.186033111681697
204	187.55065359477126	2.3096301674258988	2.2731185819610578	2.18594999384402
205	222.57018970189702	2.311753861055754	2.3474669959603562	2.185867282452161
206	191.68155339805827	2.3138672203691533	2.2825803202703154	2.1857849735504193
207	214.3789586688137	2.315970345456918	2.3311821570353493	2.1857030632405623
208	190.7558760683761	2.3180633349627615	2.280477924895675	2.1856215476807184
209	186.27033492822966	2.3201462861110542	2.270143695460858	2.1855404230842947
210	188.93619047619046	2.322219294733919	2.276315154421011	2.1854596857189224
211	177.25355450236967	2.3242824552976926	2.2485949529399383	2.185379331905425
212	183.249213836478	2.326335860928751	2.2630421201360202	2.185299358016815
213	188.77308294209703	2.3283796034387376	2.275940068547287	2.1852197604773083
214	172.53971962616822	2.330413773349191	2.2368890879819885	2.1851405357613674
215	168.81162790697678	2.3324384599156054	2.227402357940761	2.1850616803927623
216	137.82638888888889	2.3344537511509307	2.1393323775978237	2.1849831909436572
217	221.02016129032256	2.3364597338485296	2.3444318915030657	2.1849050640337158
218	152.09327217125383	2.3384564936046046	2.1821100035104424	2.184827296329226
219	169.36073059360731	2.3404441148401185	2.228812718488492	2.1847498845422497
220	146.60779220779224	2.342422680822206	2.1661570536810406	2.184672825429785
221	157.9630467571644	2.3443922736851106	2.198555501723556	2.184596115792954
222	156.83610533610533	2.346352974450639	2.1954460490576544	2.1845197524762043
223	213.9461883408072	2.3483048630481607	2.3303045535107656	2.184443732366531
224	190.05952380952382	2.3502480183341627	2.2788896368135823	2.1843680523927134
225	189.06222222222223	2.3521825181113627	2.276604758250211	2.184292709524574
226	181.2007743362832	2.3541084391474008	2.2581600492417677	2.1842177007722463
227	143.69658590308367	2.3560258571931225	2.1574464498247936	2.1841430231854666
228	173.2550125313283	2.357934847000454	2.2386858082662697	2.1840686738528747
229	160.38602620087335	2.359835482339888	2.205166527238562	2.1839946499013356
230	167.9055900621118	2.361727836017593	2.225065155296566	2.18392094849527
231	158.63540163540162	2.3636119798921444	2.200400112484975	2.1838475668360062
232	205.26436781609198	2.3654879848909	2.312313566010021	2.18377450216114
233	176.14714898835072	2.367355921026019	2.245875618345264	2.1837017517439103
234	169.45982905982905	2.369215857410143	2.2290667639827584	2.183629312892591
235	170.53617021276597	2.3710678622717363	2.2318165056618318	2.183557182949892
236	193.55084745762713	2.3729120029701067	2.2867950772068486	2.1834853592923733
237	163.38115330520392	2.374748346010104	2.2132019574129105	2.183413839329873
238	195.63193277310924	2.376576957056512	2.291439745621543	2.183342620504949
239	178.99961962723467	2.3783979009481375	2.25285210810856	2.1832717002923268
240	187.8673611111111	2.380211241711606	2.2738513350734024	2.183201076198365
241	178.75186721991702	2.3820170425748683	2.252250587083306	2.1831307457605273
242	169.10743801652893	2.383815365980431	2.2281627100134322	2.183060706546869
243	133.8894767783657	2.385606273598312	2.126746444400489	2.18299095615553
244	130.3941256830601	2.387389826338729	2.1152580266650953	2.1829214922142444
245	214.7156462585034	2.3891660843645326	2.3318636924853715	2.1828523123798513
246	183.3943089430894	2.3909351071033793	2.2633858546002994	2.182783414337825
247	188.97435897435898	2.392696953259666	2.2764028808325523	2.1827147958018087
248	178.2967741935484	2.3944516808262164	2.2511434858415647	2.1826464545131583
249	179.6880856760375	2.3961993470957363	2.254519281913136	2.182578388240498
250	139.94400000000002	2.3979400086720375	2.1459542831326504	2.1825105947792816
251	185.2883013400942	2.399673721481038	2.2678479998702747	2.182443071951365
252	175.09637188208617	2.401400540781544	2.2432771472946738	2.182375817604586
253	135.27075098814228	2.403120521175818	2.131203901123304	2.182308829612354
254	187.3297244094488	2.404833716619938	2.272606694207979	2.182242105873243
255	182.59901960784313	2.406540180433955	2.261498441434606	2.1821756443106004
256	199.46223958333334	2.4082399653118496	2.299860691036479	2.1821094428721564
257	171.87937743190662	2.4099331233312946	2.235223771947069	2.1820434995296436
258	188.75968992248065	2.41161970596323	2.2759092552514044	2.1819778122784266
259	135.7200772200772	2.413299764081252	2.1326440980718413	2.1819123791371333
260	123.01730769230768	2.4149733479708178	2.0899662179960594	2.181847198147299
261	143.93793103448274	2.416640507338281	2.1581752558423375	2.1817822673730127
262	156.95971162001695	2.4183012913197452	2.1957881921131515	2.1817175849005728
263	129.7661596958175	2.419955748489758	2.113161452298738	2.1816531488381488
264	147.99147727272728	2.4216039268698313	2.1702367053949367	2.1815889573154488
265	181.71698113207546	2.423245873936808	2.2593955132594075	2.1815250084833955
266	163.54736842105265	2.424881636631067	2.2136435604487086	2.1814613005138037
267	150.85518102372035	2.4265112613645754	2.1785602303305165	2.1813978315990687
268	164.830223880597	2.428134794028789	2.2170368485083634	2.1813345999518585
269	112.68649318463446	2.429752280002408	2.051871863810806	2.181271603804811
270	193.86049382716047	2.4313637641589874	2.287489314695199	2.1812088414102377
271	172.34132841328415	2.432969290874406	2.2363894361802608	2.181146311039834
272	143.97279411764706	2.4345689040341987	2.1582804332003978	2.181084010984392
273	143.8937728937729	2.436162647040756	2.15804199993807	2.18102193955352
275	185.92363636363638	2.439332693830263	2.2693346048863208	2.1808984758963654
276	177.27898550724638	2.4409090820652177	2.2486572577715673	2.1808370803809343
277	159.49638989169677	2.4424797690644486	2.2027508575006687	2.1807759069112516
278	109.01618705035972	2.444044795918076	2.037490988075577	2.1807149538869823
279	172.2983870967742	2.4456042032735974	2.2362812119909803	2.180654219725031
280	278.93333333333334	2.4471580313422194	2.4455004168035366	2.180593702859294
281	138.1779359430605	2.44870631990508	2.1404387010470045	2.1805334017404165
282	140.29078014184395	2.450249108319361	2.1470291302935536	2.1804733148355564
283	159.76325088339223	2.45178643552429	2.2034768890331162	2.1804134406281497
284	171.2693661971831	2.4533183400470375	2.2336796905705367	2.1803537776176802
285	172.55438596491229	2.45484486000851	2.236926002608387	2.1802943243194552
286	167.0944055944056	2.456366033129043	2.2229619097368913	2.1802350792643828
287	126.58623693379792	2.4578818967339924	2.1023864896574014	2.180176040998754
288	144.59490740740742	2.459392487759231	2.160152997496489	2.180117208084029
289	176.98961937716265	2.4608978427565478	2.247947795291631	2.1800585790966274
290	186.3496551724138	2.462397997898956	2.27032859345768	2.1800001526277204
291	120.51202749140893	2.4638929889859074	2.08103039307256	2.179941927283028
292	194.47602739726025	2.4653828514484184	2.2888660745011067	2.1798839016826213
293	164.93515358361773	2.4668676203541096	2.2173132292060465	2.1798260744607223
294	160.4387755102041	2.4683473304121573	2.205309338729761	2.179768444265515
295	163.89025423728813	2.469822015978163	2.21455312894079	2.179711009758954
296	152.83445945945948	2.4712917110589387	2.1842212852987704	2.179653769616576
297	187.6161616161616	2.4727564493172123	2.2732702466144645	2.179596722527322
298	194.73154362416108	2.4742162640762553	2.289436306488275	2.179539867193351
299	148.49832775919734	2.4756711883244296	2.171721563087291	2.179483202329868
300	158.05333333333334	2.4771212547196626	2.198803659511299	2.1794267266649454
301	151.5	2.4785664955938436	2.180412632838324	2.1793704389393556
302	101.21854304635761	2.4800069429571505	2.005260081723202	2.1793143379063986
303	137.4818481848185	2.481442628502305	2.1382453617767463	2.17925842233174
304	138.03336466165413	2.482873583608754	2.1399840743510468	2.1792026909932467
305	152.58433515482696	2.484299839346786	2.183509949706512	2.179147142680825
306	152.6516339869281	2.48572142648158	2.1837014573586138	2.1790917761962647
307	189.0610749185668	2.4871383754771865	2.2766021227731037	2.1790365903530846
308	200.99891774891773	2.4885507165004443	2.3031937190277603	2.1789815839763778
309	89.27615965480042	2.4899584794248346	1.9507355001799667	2.1789267559026637
310	125.1247311827957	2.4913616938342726	2.0973431574527788	2.178872104979739
311	138.90996784565917	2.4927603890268375	2.142733410784728	2.1788176300665327
312	167.97756410256412	2.494154594018443	2.225251279123853	2.178763330032963
313	159.4326791419443	2.4955443375464483	2.2025773441391725	2.178709203759798
314	328.52866242038215	2.496929648073215	2.5165732654878408	2.1786552501385152
315	160.0873015873016	2.4983105537896004	2.2043568842660703	2.1786014680711667
316	158.89082278481013	2.499687082618404	2.2010988139536694	2.178547856470245
318	177.77201257861634	2.5024271199844326	2.249863389145952	2.17844114036906
319	133.7523510971787	2.503790683057181	2.1263014247834113	2.1783880337448043
320	154.52604166666666	2.505149978319906	2.189001679871438	2.178335093338737
321	229.05607476635515	2.506505032404872	2.359941814132283	2.178282318113612
322	168.58695652173913	2.507855871695831	2.2268239704680495	2.1782297070418633
323	164.1578947368421	2.509202522331103	2.2152617738043148	2.178177259105482
324	164.6327160493827	2.510545010206612	2.21651614307471	2.178124973295902
325	249.25538461538463	2.5118833609788744	2.3966445490638915	2.1780728486138794
326	136.97085889570553	2.513217600067939	2.1366281790762263	2.1780208840693813
327	161.93272171253824	2.514547752660286	2.2093346154198614	2.1779690786814707
328	262.9146341463415	2.515873843711679	2.419814760134974	2.177917431478197
329	186.4483282674772	2.5171958979499744	2.270558493744713	2.1778659414964854
330	106.8409090909091	2.5185139398778875	2.028737574702065	2.1778146077820297
331	167.20694864048338	2.519827993775719	2.223254321509177	2.1777634293891865
332	157.04156626506023	2.5211380837040362	2.196014618079983	2.17771240538087
333	226.9144144144144	2.5224442335063197	2.3558620846985274	2.177661534828449
334	326.97904191616766	2.5237464668115646	2.5145199169665426	2.177610816811647
335	229.83582089552237	2.525044807036845	2.3614177162795986	2.177560250418439
337	232.46142433234422	2.5276299008713385	2.366350894475128	2.1774595688953933
338	197.4733727810651	2.5289167002776547	2.295508543841655	2.177409451981897
339	145.41445427728613	2.530199698203082	2.162607577780693	2.177359483124491
340	150.9735294117647	2.531478917042255	2.1789008079676124	2.1773096614509724
341	183.44770283479963	2.5327543789924976	2.2635122778122345	2.177259986096823
342	188.51949317738794	2.534026106056135	2.275356263516202	2.1772104562051195
343	155.07871720116617	2.5352941200427703	2.190552199900564	2.177161070926444
344	176.62572674418607	2.53655844257153	2.247053961808295	2.177111829418798
345	172.7826086956522	2.537819095073274	2.2375000267562033	2.177062730847515
346	168.61416184971097	2.5390760987927767	2.226894048075735	2.1770137743851743
347	122.4250720461095	2.5403294747908736	2.0878703682689252	2.1769649592115226
348	227.7787356321839	2.5415792439465807	2.357513177914027	2.1769162845133843
349	123.2888252148997	2.5428254269591797	2.0909237143293793	2.1768677494845865
350	210.21285714285716	2.5440680443502757	2.3226592750387187	2.1768193533258744
351	164.51282051282053	2.545307116465824	2.216199748249608	2.176771095244836
352	317.5426136363636	2.546542663478131	2.5018020150619384	2.1767229744558207
353	114.27620396600567	2.5477747053878224	2.0579558055294127	2.1766749901798654
354	136.6497175141243	2.5490032620257876	2.135608738244678	2.1766271416446177
355	228.00140845070422	2.550228353055094	2.3579375298095746	2.1765794280842607
356	125.40870786516854	2.5514499979728753	2.098327693165298	2.1765318487394407
358	141.87206703910616	2.5538830266438746	2.1518968963387963	2.1764370896908742
359	127.58402971216343	2.5550944485783194	2.1057963151221544	2.176389908500086
360	113.38333333333334	2.5563025007672873	2.0545492205769236	2.1763428585506097
362	139.18508287292818	2.558708570533166	2.1435926923641797	2.176249149469202
363	147.32966023875113	2.5599066250361124	2.168290187313184	2.1762024888991136
365	138.74429223744292	2.5622928644564746	2.142215125843217	2.1761095521492018
366	156.5	2.5634810853944106	2.194514341882467	2.1760632745664887
367	262.6512261580381	2.5646660642520893	2.419379432599348	2.176017123252917
368	138.83152173913044	2.5658478186735176	2.142488084008746	2.175971097521306
369	157.58672086720867	2.56702636615906	2.197519618628975	2.17592519669007
370	165.80810810810812	2.568201724066995	2.219605763973674	2.175879420083157
371	114.59568733153638	2.569373909615046	2.059168273797523	2.1758337670299888
372	175.4529569892473	2.5705429398818973	2.2441606919774237	2.175788236865403
374	154.22459893048128	2.5728716022004803	2.1881536495108924	2.1756975425680563
375	171.13066666666666	2.574031267727719	2.23332784221622	2.175652377131526
376	138.00177304964538	2.575187844927661	2.1398846662616022	2.175607331975928
377	190.8978779840849	2.576341350205793	2.2808011008141773	2.1755624064623182
378	149.21428571428572	2.5774917998372255	2.1738104043020705	2.175517599956831
379	142.65083553210204	2.578639209968072	2.1542743197429632	2.1754729118306244
380	142.23859649122807	2.57978359661681	2.1530174583398463	2.175428341459827
381	116.22965879265092	2.5809249756756194	2.0653169628774153	2.175383888225488
383	165.81462140992167	2.583198773968623	2.2196228236670255	2.17529533071466
384	116.09895833333334	2.584331224367531	2.0648283231656643	2.1752512252244007
385	179.20779220779218	2.5854607295085006	2.253356889473829	2.1752072344429587
386	203.66450777202073	2.586587304671755	2.308915351917322	2.1751633577752147
387	141.96124031007753	2.5877109650189114	2.1521697851068695	2.175119594630671
388	119.66237113402062	2.5888317255942073	2.0779576042240486	2.1750759444234
389	160.21593830334191	2.5899496013257077	2.2047057175714664	2.175032406571999
390	145.02051282051283	2.591064607026499	2.161429436543088	2.1749889804995437
391	130.69053708439895	2.5921767573958667	2.1162441427388456	2.1749456656335413
392	142.89094387755102	2.593286067020457	2.155004705007641	2.174902461405887
393	130.21119592875317	2.5943925503754266	2.114648327711688	2.174859367252817
394	125.5253807106599	2.595496221825574	2.0987315472364907	2.1748163826148668
396	162.57828282828282	2.597695185925512	2.211062532169796	2.1747307396676936
397	125.66498740554157	2.598790506763115	2.0992142920480954	2.1746880802606414
398	179.02638190954775	2.5998830720736876	2.2529170347423997	2.1746455281729653
399	122.4110275689223	2.6009728956867484	2.0878205435987893	2.1746030828660485
400	145.2075	2.6020599913279625	2.1619890483509554	2.1745607438053174
401	132.5218204488778	2.603144372620182	2.122287393143154	2.174518510460204
402	186.71227197346602	2.60422605308447	2.2711728636116626	2.1744763823041033
403	169.76426799007444	2.6053050461411096	2.22984628515551	2.174434358814337
404	180.7450495049505	2.606381365110605	2.257066411072374	2.174392439472112
405	118.65185185185184	2.6074550232146687	2.0742745208320295	2.1743506237624826
406	126.11576354679804	2.6085260335771943	2.100769373595449	2.1743089111743132
407	118.62162162162161	2.60959440922522	2.0741638567779783	2.1742673012002407
410	183.36341463414635	2.6127838567197355	2.263312687890696	2.1741430819447776
411	137.99148418491484	2.6138418218760693	2.13985228578083	2.1741018774276153
415	131.60481927710845	2.6180480967120925	2.1192717931315284	2.1739380558474504
417	145.94244604316546	2.6201360549737576	2.1641816208953175	2.173856736239227
418	182.39473684210526	2.621176281775035	2.2610123022302835	2.173816222576911
420	167.9047619047619	2.6232492903979003	2.225063013229384	2.1737354852115387
422	149.7037914691943	2.625312450961674	2.1752327996302783	2.1736551313980415
423	137.31560283687944	2.6263403673750423	2.137719887862838	2.1736150971878008
424	125.51650943396227	2.6273658565927325	2.0987008531836646	2.1735751575094313
425	143.1635294117647	2.6283889300503116	2.155832396515672	2.173535311917553
427	190.1533957845433	2.630427875025024	2.279104085505269	2.1734559012274177
428	145.86214953271028	2.6314437690131722	2.1639426093594083	2.1734163352539837
429	116.43356643356644	2.6324572921847245	2.066078200377277	2.1733768616166276
431	131.58468677494199	2.6344772701607315	2.119205351009682	2.173298189633263
432	176.22916666666666	2.635483746814912	2.2460777875840687	2.1732589904362736
433	101.20554272517322	2.6364878963533656	2.0052042981662246	2.1732198818733472
436	148.78440366972478	2.639486489268586	2.172557408661641	2.1731030958218422
440	158.89469696969698	2.6434526764861874	2.201109403090139	2.1729486249224013
443	162.17381489841986	2.6464037262230695	2.209980732962941	2.1728336905327366
444	175.52252252252254	2.6473829701146196	2.2443328517400927	2.1727955519688207
445	139.16404494382022	2.6483600109809315	2.1435270434676927	2.1727574992060212
446	130.4517937219731	2.649334858712142	2.1154500550590782	2.1727195318591472
447	138.03579418344518	2.6503075231319366	2.1399917182900654	2.172681649545596
449	134.65924276169264	2.6522463410033232	2.129236167941647	2.1726061385008535
455	153.27912087912088	2.6580113966571126	2.1854830008782478	2.1723816071604727
456	138.01754385964912	2.658964842664435	2.1399342944966397	2.172344473345491
457	120.68052516411379	2.6599162000698504	2.0816371914215823	2.1723074208751862
459	216.22657952069716	2.661812685537261	2.33490907828363	2.1722335585485095
461	164.30151843817788	2.663700925389648	2.2156415771068483	2.1721600173633973
462	82.67532467532467	2.6646419755561257	1.9173759091125024	2.1721233663286226
463	185.7149028077754	2.6655809910179533	2.2688467553687066	2.1720867945393905
464	140.4094827586207	2.6665179805548807	2.147396439493723	2.1720503016537562
466	203.65343347639487	2.66838591669	2.3088917364317494	2.1719775512365267
467	80.83083511777302	2.6693168805661123	1.9075770658103903	2.1719412930320092
468	80.56837606837607	2.670245853074124	1.906164610117291	2.1719051123852076
470	95.81063829787234	2.6720978579357175	1.9814137334789075	2.1718329824425084
474	144.00632911392404	2.6757783416740852	2.158381579865032	2.1716896388224893
477	82.9706498951782	2.678518379040114	1.9189244918604609	2.171582922721304
478	110.51046025104603	2.6794278966121188	2.0434033876528352	2.171547499784943
479	92.14613778705638	2.680335513414563	1.9644771369189469	2.1715121508777613
480	158.56875	2.681241237375587	2.200217602655002	2.1714768756909812
484	193.83677685950414	2.6848453616444123	2.287436179690275	2.171336506039485
485	135.98969072164948	2.6857417386022635	2.133505986073124	2.1713015948899805
486	144.6851851851852	2.6866362692622934	2.160424064486608	2.1712667556481464
488	132.01434426229508	2.6884198220027105	2.1206211228384504	2.1711972917068607
492	143.29674796747966	2.69196510276736	2.156236334460118	2.1710592138304414
494	123.5495951417004	2.693726948923647	2.0918413266056533	2.170990595294425
497	107.59356136820925	2.696356388733332	2.0317862829853586	2.1708881866308536
500	112.68	2.6989700043360187	2.0518468383137356	2.170786394271898
501	196.80239520958085	2.699837725867246	2.2940303797659216	2.170752599163891
502	147.77490039840637	2.7007037171450192	2.1696006753026906	2.1707188714439813
504	132.1626984126984	2.7024305364455254	2.1211088972113337	2.1706516170972026
505	138.63432343234322	2.7032913781186614	2.1418707673019273	2.1706180899386927
509	121.86640471512769	2.7067177823367587	2.0858839988282076	2.1704846419413135
510	143.74313725490197	2.7075701760979363	2.1575871192853295	2.170451443803217
513	130.99025341130604	2.7101173651118162	2.1172389823186535	2.170352238557364
514	144.1673151750973	2.710963118995276	2.15886681067423	2.17031929902226
515	119.35339805825242	2.711807229041191	2.0768347881265203	2.170286423509616
518	127.32625482625483	2.714329759745233	2.1049179649301544	2.1701881786297497
520	139.51923076923077	2.716003343634799	2.1446340731389557	2.1701229976399152
525	100.26857142857143	2.720159303405957	2.0011648273966904	2.169961135678119
529	89.72400756143668	2.7234556720351857	1.9529086632942116	2.1698327521704552
532	93.96052631578948	2.7259116322950483	1.9729454407939775	2.16973710000642
538	176.32899628252787	2.7307822756663893	2.2463237353851073	2.1695474032974276
539	136.65677179962896	2.7315887651867388	2.1356311573045166	2.1695159929895516
541	128.06900800985827	2.7331972651065692	2.1074440456014325	2.169453346821901
543	244.89318600368324	2.734799829588847	2.388976701326553	2.169390931821446
545	143.33853211009176	2.7363965022766426	2.1563629526676964	2.169328746288423
549	134.39253187613843	2.739572344450092	2.1283751358673775	2.1692050569187336
552	194.88134057971016	2.741939077729199	2.2897702584546704	2.1691128798735506
553	148.5605786618445	2.7427251313046983	2.1719035823657875	2.1690822654834183
558	159.418458781362	2.7466341989375787	2.2025386061614696	2.168930019217648
561	131.15864527629233	2.7489628612561616	2.1177969222389468	2.168839324920301
564	181.89893617021278	2.751279103983342	2.2598301591142955	2.1687491143281727
565	146.6495575221239	2.7520484478194387	2.166280756945007	2.168719150731443
567	109.91358024691358	2.7535830588929064	2.0410513544974926	2.1686593823090754
569	134.1353251318102	2.7551122663950713	2.127543166289429	2.168599824339335
573	148.8365328679465	2.75815462196739	2.1727095446210836	2.168481333865766
574	258.16550522648083	2.7589118923979736	2.4118982135671763	2.1684518404913704
575	115.0208695652174	2.7596678446896306	2.0607766465685056	2.168422398454467
576	126.67013888888889	2.760422483423212	2.1026742467362243	2.1683930075766455
583	141.83876500857633	2.765668554759014	2.151794941203299	2.168188689093096
584	125.4041095890411	2.7664128471123997	2.0983117688918185	2.1681597011752376
588	152.04591836734693	2.7693773260761385	2.1819747661155926	2.1680442437581315
589	199.18251273344652	2.7701152947871015	2.29925120679479	2.168015502126865
593	133.81450252951095	2.7730546933642626	2.126503183889398	2.1679010215143477
594	131.04040404040404	2.7737864449811935	2.1174052234902705	2.1678725220199384
599	116.67111853088481	2.7774268223893115	2.0669633614864122	2.1677307404192003
600	131.29166666666666	2.7781512503836434	2.1182371614623934	2.1677025261575618
601	131.41763727121463	2.7788744720027396	2.118653654839751	2.1676743588805607
610	136.1655737704918	2.785329835010767	2.134067320415483	2.1674229421734412
612	139.08496732026143	2.7867514221455614	2.143280192805412	2.167367575688881
614	150.9087947882736	2.788168371141168	2.1787145506882193	2.167312389845701
619	114.62681744749597	2.791690649020118	2.0592862346205965	2.167175207861545
621	137.62479871175523	2.79309160017658	2.138696696786799	2.1671206450854235
625	143.3824	2.7958800173440754	2.156495845529953	2.1670120447384784
632	139.04825949367088	2.800717078282385	2.143165557047533	2.1668236559628613
635	120.52125984251968	2.8027737252919755	2.08106366282703	2.16674355583244
639	105.8075117370892	2.8055008581584002	2.0245165012545727	2.1666373423221694
646	133.80804953560371	2.8102325179950842	2.1264822402161196	2.1664530585980986
649	108.6748844375963	2.812244696800369	2.0361291870442324	2.166374690368654
652	126.5138036809816	2.81424759573192	2.1021379131436495	2.1662966835619977
662	131.51057401812687	2.8208579894397	2.1189606733816797	2.166039228881803
666	163.8108108108108	2.823474229170301	2.214342559943015	2.1659373343210655
668	110.40119760479043	2.824776462475546	2.042973784537482	2.165886616304263
671	131.42921013412817	2.826722520168992	2.118691897874096	2.165810823290525
672	127.48065476190476	2.8273692730538253	2.1054442854163167	2.1657856342375745
673	210.79494799405646	2.828015064223977	2.323860198169563	2.1657604826404784
674	126.02299703264094	2.82865989653532	2.1004498036338206	2.1657353683880096
675	132.04296296296297	2.829303772831025	2.1207152610689626	2.165710291369435
680	175.21470588235294	2.832508912706236	2.243570553975502	2.1655854609435887
682	111.54692082111437	2.833784374656479	2.0474575863737257	2.1655357855894395
685	132.30729927007297	2.8356905714924254	2.1215838044692026	2.1654615450345673
686	127.71428571428571	2.8363241157067516	2.106239478781661	2.1654368704190605
687	140.6579330422125	2.8369567370595505	2.148164231199405	2.1654122317461963
691	142.54269175108539	2.8394780473741985	2.1539449556788757	2.165314034396776
692	120.93641618497111	2.840106094456758	2.082557094630825	2.165289573877791
693	137.86724386724387	2.8407332346118066	2.1394610936048664	2.1652651486808674
694	155.73054755043228	2.841359470454855	2.19237381058569	2.165240758704139
698	120.42550143266476	2.843855422623161	2.0807184633234943	2.165143548977203
710	129.43943661971832	2.8512583487190755	2.1120666140219053	2.164855227576877
711	118.41912798874824	2.851869600729766	2.0734218587129702	2.164831421174734
718	167.3941504178273	2.8561244442423	2.2237402775183743	2.1646657079927025
721	103.19625520110957	2.857935264719429	2.0136639378434977	2.164595182056209
726	134.20385674931129	2.8609366207000937	2.127764996763496	2.16447828839173
731	112.51709986320108	2.8639173769578603	2.051218529664151	2.16436219702365
735	133.04353741496598	2.8662873390841948	2.1239937835609526	2.164269894224712
736	122.09782608695652	2.866877814337499	2.0867079315383	2.164246897013922
737	106.48982360922659	2.8674674878590514	2.027308107666563	2.1642239310281397
744	124.29032258064517	2.8715729355458786	2.094437315178728	2.1640640363580195
751	107.53129161118508	2.8756399370041685	2.031534862359189	2.1639056390512805
753	125.00398406374502	2.8767949762007006	2.0969238548426707	2.163860653796226
758	95.30870712401055	2.8796692056320534	1.979132578321164	2.1637487113232408
760	157.48157894736843	2.8808135922807914	2.197229760478693	2.1637041409524436
778	108.7866323907455	2.890979596989689	2.0365755329025377	2.1633082060646154
782	119.29283887468031	2.893206753059848	2.076614373841707	2.1632214651261576
788	133.53807106598984	2.8965262174895554	2.125605098635168	2.163092182107483
789	149.40557667934092	2.89707700320942	2.1743668081612038	2.1630707306830095
800	105.94625	2.9030899869919438	2.0250855893325213	2.1628365432979337
801	118.24843945068665	2.9036325160842376	2.072795417972829	2.16281541344393
811	125.1134401972873	2.909020854211156	2.0973039658883756	2.16260555410263
818	91.25672371638142	2.912753303671323	1.9602648727487366	2.1624601865761877
820	142.4	2.9138138523837167	2.1535099893008374	2.162418881437394
831	149.1768953068592	2.919601023784111	2.173701564304515	2.1621934887561123
839	117.42312276519667	2.9237619608287004	2.0697536258769333	2.1620314329446915
846	99.61702127659575	2.9273703630390235	1.998333551424888	2.161890896680417
847	124.25501770956316	2.9278834103307068	2.0943139355910807	2.161870915052659
873	144.82588774341352	2.9410142437055695	2.1608461992866426	2.161359509127889
877	121.58380843785633	2.9429995933660407	2.0848757429112377	2.1612821858118347
879	110.11945392491468	2.9439888750737717	2.0418640490890345	2.1612436563055835
904	118.26769911504425	2.9561684304753633	2.072866147742248	2.160769299757479
911	107.39187705817783	2.9595183769729982	2.030971433298143	2.160638829555197
935	94.40748663101604	2.9708116108725178	1.9750064357558526	2.160198992527253
966	129.9016563146998	2.9849771264154934	2.113614688592262	2.159647288886724
970	102.85979381443299	2.9867717342662448	2.0122456494295227	2.159577394382597
974	118.48973305954826	2.9885589568786157	2.0736807210739223	2.1595077875109876
977	171.22210849539405	2.989894563718773	2.2335598408179957	2.1594557696967542
980	103.5326530612245	2.9912260756924947	2.0150773431050055	2.159403911365084
987	118.08510638297872	2.9943171526696366	2.072195125186959	2.159283523341346
1014	125.34615384615384	3.0060379549973173	2.0981110124943263	2.158827033826758
1020	109.84509803921569	3.0086001717619175	2.040780680810279	2.1587272432958335
1028	118.2908560311284	3.011993114659257	2.072951174647313	2.1585950985148763
1068	121.20505617977528	3.0285712526925375	2.083520737199689	2.157949430584302
1072	110.86007462686567	3.030194785356751	2.0447751666073812	2.157886198937091
1089	117.0734618916437	3.037027879755775	2.06845846074103	2.1576200707439748
1095	113.77808219178083	3.0394141191761372	2.056058609159768	2.157527133994063
1112	123.4478417266187	3.0461047872460387	2.091483501441595	2.1572665528722155
1137	127.69217238346526	3.0557604646877348	2.106164275533886	2.156890493675485
1139	152.9297629499561	3.0565237240791006	2.184492015347191	2.156860767049327
1147	152.58761987794247	3.0595634179012676	2.1835192987774223	2.156742380242811
1168	124.62671232876713	3.0674428427763805	2.0956111384196197	2.156435500667854
1208	82.77400662251655	3.082066934285113	1.9178939774525174	2.1558659368916313
1212	98.06600660066006	3.0835026198302673	1.9915184905176433	2.155810021316973
1229	103.56387306753459	3.089551882886454	2.015208283752071	2.1555744209648013
1230	102.25040650406504	3.089905111439398	2.009665043252694	2.1555606637896383
1241	98.46817082997583	3.09377178149873	1.9932958704286003	2.1554100687800894
1297	84.50578257517348	3.11293997608408	1.926886427938614	2.15466352604375
1328	92.89834337349397	3.1231980750319988	1.9680079694278174	2.1542640043661025
1352	147.68121301775147	3.130976691605617	2.1693252508862813	2.15396105096713
1462	98.12448700410397	3.1649473726218416	1.9917773992629215	2.1526379965162663
1469	95.37508509189925	3.1670217957902564	1.9794349384326702	2.152557204058658
