k	v	lnk	lnv	linreg	 k=[-0.03263767], b=1.5067681765098748
5	36.29438554050294	0.6989700043360189	1.559839448249226	1.4839554240615256
6	34.6632127189835	0.7781512503836436	1.53986881231515	1.4813711326707208
7	33.48134948634504	0.8450980400142568	1.5248029541797006	1.4791861454329556
8	32.48469217563978	0.9030899869919435	1.5116787557541675	1.4772934233959685
9	31.89624290122977	0.9542425094393249	1.5037395299738157	1.4756239242408378
10	31.346357612830932	1.0	1.4961870839051727	1.4741305063568901
11	30.95537764471859	1.0413926851582251	1.4907361066211569	1.4727795455519497
12	30.416317660196306	1.0791812460476249	1.483106635204889	1.4715462149660854
13	30.129896002150314	1.1139433523068367	1.4789976326434802	1.4704116608081743
14	29.96667037235649	1.146128035678238	1.4766384907185899	1.4693612277283201
15	29.826078174026915	1.1760912590556813	1.4745961518081663	1.468383297927007
16	29.555965957770372	1.2041199826559248	1.4706451576715096	1.467468505691333
17	29.247238752046194	1.2304489213782739	1.4660848703718388	1.466609190473835
18	29.298581558692433	1.255272505103306	1.4668465952297287	1.4657990065362023
19	29.067404101642413	1.2787536009528289	1.4634062483279795	1.465032638275035
20	29.073816940465843	1.3010299956639813	1.4635020516315815	1.4643055886522547
21	28.88758093014924	1.3222192947339193	1.460711175188784	1.463614019298437
22	28.709319306274256	1.3424226808222062	1.4580228955604733	1.4629546278473142
23	28.638421258928485	1.3617278360175928	1.45694907308296	1.462324552559795
24	28.407293590367946	1.380211241711606	1.4534298597434452	1.46172129726145
25	28.511969912416934	1.3979400086720377	1.4550272240627924	1.4611426716131763
26	28.239382678959718	1.414973347970818	1.4508551986810516	1.4605867431035389
27	28.127732931731323	1.4313637641589874	1.4491347298574857	1.4600517981063192
28	28.148476999765457	1.4471580313422192	1.449454901905264	1.4595363100236847
29	28.233257455778677	1.462397997898956	1.450760988435806	1.4590389130220636
30	28.05368579855388	1.4771212547196624	1.447989928580213	1.4585583802223716
31	27.967004127694832	1.4913616938342726	1.446645946511118	1.4580936054677152
32	28.029291707076368	1.505149978319906	1.4476121233901522	1.4576435879866976
33	27.76387831393808	1.5185139398778875	1.4434801322689679	1.4572074194174311
34	27.827496267066163	1.5314789170422551	1.4444741331643538	1.4567842727691995
35	27.909180666472537	1.5440680443502757	1.4457470870349274	1.4563733929846063
36	27.815723236071758	1.5563025007672873	1.4442903565059182	1.4559740888315669
37	27.777126173642184	1.568201724066995	1.443687311542325	1.4555857259064342
38	28.049892529547222	1.5797835966168101	1.4479312016380261	1.4552077205703995
39	27.79607054625367	1.591064607026499	1.4439834052454983	1.4548395346736558
40	27.71204523542622	1.6020599913279623	1.4426685792532443	1.4544806709476192
41	27.562965497342866	1.6127838567197355	1.4403259414593594	1.4541306689661975
42	27.79137594761116	1.6232492903979006	1.4439100491761467	1.4537891015938016
43	27.711355516969697	1.6334684555795864	1.4426577700673884	1.4534555718513629
44	27.88846104268877	1.6434526764861874	1.4454245494360483	1.4531297101426788
45	27.628895312543083	1.6532125137753437	1.4413635208463786	1.4528111717924885
46	27.496432207356513	1.662757831681574	1.4392763457146622	1.4524996348551595
47	27.700897476134873	1.6720978579357175	1.4424938399171172	1.4521947981590566
48	27.43676242752193	1.6812412373755872	1.4383328627629524	1.4518963795568145
49	27.857250520993958	1.6901960800285136	1.4449382498307357	1.4516041143560365
50	27.596252633858366	1.6989700043360187	1.4408501121039676	1.451317753908541
51	27.57139820001932	1.7075701760979363	1.4404587905945585	1.4510370643393165
52	27.233342730970048	1.7160033436347992	1.435100951678398	1.4507618253989034
53	27.626494624303785	1.724275869600789	1.441325783146692	1.4504918294250935
54	26.94030886761602	1.7323937598229686	1.4304025705529775	1.4502268804016838
55	27.46278071018681	1.7403626894942439	1.4387445090823978	1.4499667931036004
56	27.12914880125102	1.7481880270062005	1.4334361676385226	1.4497113923190494
57	27.762536442791724	1.7558748556724915	1.443459141638222	1.4494605121405164
58	27.126094673846584	1.7634279935629373	1.4333872731687822	1.4492139953174281
59	27.227944176226266	1.7708520116421442	1.4350148515262973	1.4489716926641492
60	27.467277790960413	1.7781512503836436	1.4388156197792479	1.4487334625177362
61	26.952769466934576	1.7853298350107671	1.4306033966994482	1.4484991702405108
62	27.38196073639622	1.792391689498254	1.4374645433782731	1.44826868776308
63	27.088293779375917	1.7993405494535817	1.4327816508235576	1.4480418931639185
64	27.29296541889963	1.806179973983887	1.4360507249369516	1.4478186702820621
65	27.02145253341035	1.8129133566428555	1.4317086907366998	1.447598908359825
66	27.34425279622939	1.8195439355418688	1.436866060425666	1.4473825017127957
67	26.890043720133356	1.8260748027008264	1.4295915083369954	1.4471693494246487
68	27.553009352443553	1.8325089127062364	1.4401690396228368	1.446959355064564
69	27.343855489717196	1.8388490907372552	1.4368597501680513	1.4467524264252765
70	26.937398368986155	1.845098040014257	1.4303556489759246	1.4465484752799709
71	27.233699589133714	1.8512583487190752	1.435106642515451	1.4463474171564226
72	27.414015988622168	1.8573324964312685	1.4379726617321318	1.4461491711269314
73	27.36078100289154	1.863322860120456	1.437128489992711	1.4459536596127474
74	26.98482940529816	1.8692317197309762	1.4311196768547498	1.4457608082017988
75	27.42137476290306	1.8750612633917	1.4380892242308811	1.4455705454786578
76	26.63054375908907	1.8808135922807914	1.425380034225682	1.445382802865764
77	27.25158906293625	1.8864907251724818	1.4353918314252647	1.4451975144750304
78	27.132709202048822	1.8920946026904804	1.4334931602472893	1.4450146169690203
79	27.24827998918482	1.8976270912904414	1.4353390932261747	1.4448340494309695
80	27.40570636209029	1.9030899869919435	1.4378410001759485	1.4446557532429838
81	26.900577377545737	1.9084850188786497	1.4297616015336747	1.4444796719718007
82	27.107610783525423	1.9138138523837167	1.4330912413260857	1.444305751261562
83	27.169545067687977	1.919078092376074	1.4340823665648597	1.4441339387330854
84	27.081508240880243	1.9242792860618816	1.4326728476959507	1.4439641838891661
85	26.902232234999257	1.9294189257142926	1.4297883174418513	1.4437964380254855
86	26.815272643613625	1.9344984512435677	1.4283822169998128	1.4436306541467274
87	27.125213464696234	1.9395192526186185	1.4333731645957517	1.4434667868875448
88	27.2149237012987	1.9444826721501687	1.434807121083686	1.4433047924380433
89	27.083461597660463	1.9493900066449128	1.43270417170753	1.4431446284734735
90	26.419491088833198	1.954242509439325	1.4219244476675998	1.442986254087853
91	27.803023199023198	1.9590413923210936	1.4440920220787856	1.442829629731255
92	26.749063516711033	1.9637878273455553	1.4273085819967184	1.442674717150524
93	26.12151945724526	1.968482948553935	1.4169984357234104	1.4425214793331966
94	27.070370370370373	1.9731278535996986	1.4324941977249857	1.4423698804544212
95	26.67581414473683	1.9777236052888478	1.4261176829482796	1.4422198858266857
96	26.318826034063253	1.9822712330395684	1.4202665134259944	1.442071461852179
97	26.733214665381098	1.9867717342662448	1.4270511857483708	1.4419245759776198
98	26.86752462178902	1.9912260756924949	1.4292276555429766	1.441779196651401
99	27.192574653640246	1.99563519459755	1.4344503295048323	1.4416352932829126
100	26.83324378109452	2.0	1.4286731762528748	1.4414928362039054
101	27.053102310231044	2.0043213737826426	1.4322170749494239	1.4413517966317797
102	27.85391296869625	2.0086001717619175	1.444886214279622	1.441212146634681
103	27.17655995078767	2.012837224705172	1.4341944822367105	1.4410738590982983
104	27.135898817418216	2.0170333392987803	1.4335442112105061	1.440936907694268
105	27.025938546672492	2.0211892990699383	1.4317807849033573	1.4408012668500878
106	27.01641736075699	2.0253058652647704	1.4316277568394384	1.440666911720458
107	26.839110183588904	2.0293837776852097	1.4287681132568957	1.440533818159967
108	27.183971721008767	2.03342375548695	1.4343129097365568	1.4404019626970483
109	26.877444378980442	2.037426497940624	1.4293879717898392	1.440271322509138
110	27.440038232795242	2.041392685158225	1.4383847121469748	1.440141875398965
111	26.85513632444327	2.0453229787866576	1.4290273613215796	1.4400135997719157
112	27.410997670807458	2.0492180226701815	1.437924842728163	1.439886474614414
113	26.500886308895563	2.0530784434834195	1.4232603989415558	1.4397604794732597
114	27.37825563136236	2.0569048513364727	1.4374057741921646	1.439635594435881
115	26.978113127902077	2.060697840353612	1.431011571473902	1.4395118001114457
116	27.096140507332535	2.0644579892269186	1.432907435681192	1.4393890776127927
117	27.63935432004738	2.0681858617461617	1.4415278933144673	1.4392674085391373
118	27.160003400292936	2.0718820073061255	1.4339298199799062	1.4391467749595137
119	25.69149556729908	2.0755469613925306	1.40978938638857	1.4390271593969157
120	27.156460437710425	2.0791812460476247	1.4338731635264983	1.4389085448131007
121	27.379286596371237	2.0827853703164503	1.437422127826613	1.4387909145940245
122	26.94815498708942	2.0863598306747484	1.4305290364483467	1.4386742525358753
123	26.73723098995696	2.089905111439398	1.427116428054947	1.438558542831679
124	27.19121084618982	2.093421685162235	1.4344285474959197	1.4384437700584445
125	27.152787234042552	2.0969100130080562	1.433814416548601	1.438329919164827
126	27.06302521008403	2.100370545117563	1.4323763420993991	1.438216975459283
127	27.2709369388037	2.103803720955957	1.4357000591136964	1.4381049245986923
128	26.578531025985665	2.1072099696478683	1.4245309741635932	1.4379937525774267
129	26.61169616303447	2.110589710299249	1.425072556278941	1.4378834457168443
130	27.4863197586727	2.113943352306837	1.4391165944998032	1.4377739906551896
131	27.0339665068939	2.1172712956557644	1.4319097713988855	1.4376653743378793
132	27.688804713804725	2.12057393120585	1.4423042082770559	1.4375575840081602
133	27.200825859830303	2.123851640967086	1.4345820900975161	1.4374506071981157
134	25.8200541410594	2.1271047983648077	1.4119571485864313	1.4373444317200132
135	26.565758712298805	2.130333768495006	1.4243222237789535	1.43723904565797
136	27.059877152080347	2.1335389083702174	1.4323258206320875	1.4371344373599286
137	26.560845683108464	2.1367205671564067	1.4242418986199428	1.4370305954299256
138	25.774220766329172	2.1398790864012365	1.411185544101083	1.436927508720641
139	26.0883467139332	2.143014800254095	1.4164465576066787	1.4368251663262173
140	27.59801870748299	2.146128035678238	1.440877904699519	1.4367235575753354
141	26.864626104267753	2.1492191126553797	1.429180800535336	1.436622672024538
142	27.241247484909447	2.1522883443830563	1.4352269917652412	1.4365224994517871
143	26.796240796240802	2.155336037465062	1.4280738717914307	1.436423029850249
144	27.49160447761194	2.1583624920952498	1.4392000870766029	1.436324253422296
145	26.58419540229885	2.161368002234975	1.424623520485079	1.436226160573714
146	26.5495286492856	2.164352855784437	1.4240568151790163	1.436128741908112
147	27.754644165358457	2.167317334748176	1.443335663733744	1.436031988221518
148	27.66394663894664	2.1702617153949575	1.4419141382189822	1.4359358904971635
149	26.471450293624162	2.173186268412274	1.4227777356823021	1.4358404399004394
150	27.134924924924928	2.1760912590556813	1.4335286243405572	1.4357456277740224
151	27.092524929588187	2.1789769472931693	1.4328494816624713	1.4356514456331628
152	27.035061612364238	2.1818435879447726	1.431927363661202	1.4355578851611286
153	27.167498789639314	2.184691430817599	1.4340496563840215	1.435464938204798
154	26.874025974025965	2.187520720836463	1.4293327325786738	1.435372596770395
155	26.088408966648455	2.1903316981702914	1.4164475939306267	1.435280853019366
156	26.87596899224806	2.1931245983544616	1.4293641313571477	1.4351896992643849
157	27.03400397667914	2.1958996524092336	1.4319103733419887	1.4350991279654886
158	26.706418971714324	2.1986570869544226	1.426615657954428	1.4350091317263343
159	27.96525905959869	2.2013971243204513	1.4466188468229682	1.434919703290575
160	26.059909188034183	2.2041199826559246	1.415972897976552	1.4348308355383483
161	27.403354037267086	2.2068258760318495	1.4378037216061812	1.4347425214828757
162	26.26263278782658	2.2095150145426308	1.4193382612778664	1.4346547542671653
163	26.604065298639025	2.2121876044039577	1.4249480051222618	1.4345675271608171
164	26.261605691056907	2.214843848047698	1.4193212762639975	1.4344808335569266
165	26.029146005509645	2.2174839442139063	1.4154599195045916	1.434394666969082
166	26.476558407543212	2.220108088040055	1.4228615320610245	1.43430902102845
167	26.641597756867213	2.2227164711475833	1.425560266901535	1.4342238894809538
168	25.909983291562245	2.225309281725863	1.4134671329246646	1.4341392661845307
169	26.85118343195266	2.2278867046136734	1.4289634314374573	1.4340551451064736
170	26.433517156862735	2.230448921378274	1.422154952771972	1.4339715203208503
171	26.4136489728595	2.2329961103921536	1.4218284019380674	1.4338883860059979
172	27.89105758582503	2.2355284469075487	1.4454649823542463	1.433805736442092
173	26.920257488176563	2.2380461031287955	1.4300792095326018	1.4337235660087844
174	26.26081367211132	2.2405492482826	1.4193081782589236	1.4336418691829096
175	26.50942857142858	2.2430380486862944	1.4234003663241885	1.433560640536257
176	27.141012396694205	2.24551266781415	1.4336260434009986	1.4334798747334079
177	27.028541535886163	2.247973266361807	1.4318226117362525	1.4333995665296306
178	26.70215801676476	2.250420002308894	1.4265463616229956	1.433319710768838
179	26.950792844647598	2.2528530309798933	1.4305715458860468	1.4332403023816012
180	27.357732732732725	2.255272505103306	1.4370801024609485	1.4331613363832176
181	26.586798487932537	2.2576785748691846	1.4246660438853325	1.4330828078718338
182	26.673443223443225	2.2600713879850747	1.426079081547386	1.4330047120266196
183	25.324777106701173	2.2624510897304293	1.40354563165302	1.4329270441059923
184	26.59336180124223	2.2648178230095364	1.4247732421619972	1.4328497994458886
185	26.384340222575524	2.2671717284030137	1.421346238506421	1.432772973458085
186	27.068896853843086	2.2695129442179165	1.4324705572093392	1.4326965616285612
187	26.823555625458738	2.271841606536499	1.4285163457067112	1.4326205595159096
188	27.175531914893615	2.27415784926368	1.4341780534185835	1.4325449627497857
189	26.896866412370283	2.2764618041732443	1.4297016859842637	1.4324697670294
190	28.2433082706767	2.278753600952829	1.4509155663014668	1.4323949681220502
191	26.343125848361442	2.2810333672477277	1.4206673066223245	1.4323205618616914
192	26.98934659090909	2.2833012287035497	1.4311923704624958	1.4322465441475436
193	26.297286756922396	2.285557309007774	1.4199109421291882	1.4321729109427357
194	26.98739203120646	2.287801729930226	1.4311609178584503	1.4320996582729844
195	26.57042735042735	2.290034611362518	1.4243985395228065	1.4320267822253063
196	27.413613172541748	2.292256071356476	1.4379662802487947	1.4319542789467656
197	26.253807106598984	2.294466226161593	1.4191922900467635	1.4318821446432493
198	26.73510101010101	2.296665190261531	1.4270818292834369	1.4318103755782772
199	26.710733152944208	2.298853076409707	1.426685808646916	1.4317389680718406
200	28.128645833333334	2.3010299956639813	1.449148824903666	1.43166791849927
201	27.123030679933667	2.303196057420489	1.4333382152110103	1.4315972232901302
202	27.018409653465348	2.305351369446624	1.4316597821748667	1.4315268789271443
203	27.57686781609196	2.307496037913213	1.4405449374222963	1.4314568819451443
204	26.81655943627451	2.3096301674258988	1.42840305712145	1.4313872289300456
205	27.914285714285718	2.311753861055754	1.4458265193684976	1.4313179165178482
206	25.704793689320386	2.3138672203691533	1.4100141225018552	1.4312489413936629
207	26.90143369175627	2.315970345456918	1.4297754260182638	1.431180300290758
208	27.344651442307693	2.3180633349627615	1.4368723918669137	1.4311119899896325
209	26.505928853754945	2.3201462861110542	1.4233430279169834	1.4310440073171098
210	27.435193452380958	2.322219294733919	1.4383080268614348	1.4309763491454524
211	25.614454976303318	2.3242824552976926	1.4084851194041532	1.4309090123914994
212	26.99665246500305	2.326335860928751	1.4313099157845919	1.4308419940158226
213	25.505613390487852	2.3283796034387376	1.406635772442812	1.430775291021904
214	25.888215537383175	2.330413773349191	1.4131021157505685	1.4307089004553315
215	26.173581395348837	2.3324384599156054	1.417863152285254	1.4306428194030136
216	27.409722222222218	2.3344537511509307	1.4379046343002657	1.430577044992413
217	26.689927583936804	2.3364597338485296	1.4263473954458323	1.4305115743907961
218	27.479128440366964	2.3384564936046046	1.4390029540228149	1.4304464048045025
219	27.064535768645353	2.3404441148401185	1.432400582144067	1.4303815334782288
220	27.484469696969693	2.342422680822206	1.439087361825612	1.4303169576943295
221	26.383861236802414	2.3443922736851106	1.4213383541794051	1.4302526747721342
222	26.791154791154792	2.346352974450639	1.427991433601397	1.4301886820672802
223	25.789237668161434	2.3483048630481607	1.4114385045495643	1.4301249769710591
224	26.32853835978836	2.3502480183341627	1.4204267497289993	1.4300615569097785
225	26.90506666666667	2.3521825181113627	1.4298340724995762	1.4299984193441393
226	27.86799410029499	2.3541084391474008	1.44510570992161	1.4299355617686242
227	26.705446535843013	2.3560258571931225	1.4265998441074879	1.4298729817109026
228	26.989293085655316	2.357934847000454	1.4311915094909482	1.4298106767312455
229	27.101444407121264	2.359835482339888	1.432992437786795	1.429748644421956
230	26.616545893719803	2.361727836017593	1.4251516951420635	1.4296868824068103
231	26.528258778258778	2.3636119798921444	1.4237087453532038	1.429625388340512
232	27.231379310344828	2.3654879848909	1.435069639566205	1.4295641599081572
233	25.739934600449622	2.367355921026019	1.4106074391223722	1.4295031948247123
234	26.622150997150996	2.369215857410143	1.4252431423652983	1.4294424908345018
235	27.718484042553193	2.3710678622717363	1.4427694744983117	1.4293820457107074
236	27.897901533494753	2.3729120029701067	1.4455715370836846	1.4293218572548783
237	26.473166037456515	2.374748346010104	1.4228058835141555	1.429261923296451
238	27.17949579831933	2.376576957056512	1.434241395956493	1.4292022416922803
239	26.417433751743378	2.3783979009481375	1.4218906269958378	1.4291428103261783
240	26.08112745098039	2.380211241711606	1.4163263614140196	1.4290836271084653
241	26.80082987551867	2.3820170425748683	1.4281482419682812	1.4290246899755281
242	26.991735537190085	2.383815365980431	1.4312308100841993	1.428965996889389
243	28.129629629629626	2.385606273598312	1.4491640140398179	1.4289075458372822
244	26.592896174863387	2.387389826338729	1.4247656379809677	1.4288493348312399
245	27.020888355342134	2.3891660843645326	1.4316996230531829	1.428791361907687
246	26.771951219512186	2.3909351071033793	1.427680025015312	1.4287336251270435
247	26.324898785425102	2.392696953259666	1.4203667100753448	1.4286761225733344
248	26.717192082111442	2.3944516808262164	1.4267908128108493	1.428618852353809
249	26.64236947791165	2.3961993470957363	1.425572846827865	1.4285618125985668
250	27.19692307692308	2.3979400086720375	1.4345197729201802	1.4285050014601917
251	26.640890981528432	2.399673721481038	1.4255487453440077	1.4284484171133913
252	26.599702380952383	2.401400540781544	1.424876777419293	1.4283920577546476
253	27.523583662714092	2.403120521175818	1.439704979840195	1.4283359216018698
254	27.445209973753276	2.404833716619938	1.4384665577663334	1.4282800068940569
255	26.335409457900806	2.406540180433955	1.420540075073393	1.428224311890967
256	27.916259765625	2.4082399653118496	1.4458572308579387	1.4281688348727912
257	26.77756160830091	2.4099331233312946	1.4277710271840536	1.4281135741398359
258	27.907438169066072	2.41161970596323	1.4457199712036788	1.428058528012209
259	26.265508365508364	2.413299764081252	1.419385810933853	1.4280036948295152
260	26.64409340659341	2.4149733479708178	1.4256009475000964	1.4279490729505542
261	27.317369093231164	2.416640507338281	1.4364388705837603	1.4278946607530263
262	26.583382266588373	2.4183012913197452	1.4246102364361302	1.4278404566332439
263	26.756749049429665	2.419955748489758	1.4274333454313084	1.4277864590058469
264	27.537878787878785	2.4216039268698313	1.4399304839892066	1.4277326663035248
265	27.283018867924536	2.423245873936808	1.435892423357723	1.427679076976744
266	27.46096009253904	2.424881636631067	1.438715717008631	1.4276256894934802
267	29.11123595505618	2.4265112613645754	1.4640606443624116	1.427572502338955
268	26.831556503198293	2.428134794028789	1.4286458669001472	1.4275195140153778
269	27.81871856549311	2.429752280002408	1.4443371208841813	1.4274667230416938
270	26.08068783068783	2.4313637641589874	1.416319040937684	1.4274141279533346
271	27.867584445075224	2.432969290874406	1.4450993258127134	1.427361727301975
272	26.84420955882353	2.4345689040341987	1.4288506204692977	1.4273095196552932
273	27.674358974358974	2.436162647040756	1.4420775700341255	1.4272575035967365
274	27.104014598540147	2.437750562820388	1.4330336225667775	1.4272056777252902
275	27.0225	2.439332693830263	1.4317255255142685	1.427154040655251
276	25.331243032329986	2.4409090820652177	1.403656501627745	1.4271025910160056
277	26.161552346570403	2.4424797690644486	1.417663510124224	1.427051327451811
278	28.29064748201439	2.444044795918076	1.4516428871759055	1.4270002486215818
279	25.57820136852395	2.4456042032735974	1.4078700020977293	1.426949353198678
280	26.011263736263736	2.4471580313422194	1.41516145255548	1.4268986398707
281	27.96453990849008	2.44870631990508	1.4466076784167194	1.4268481073392838
282	26.948834853090172	2.450249108319361	1.4305399929805558	1.4267977543199026
283	27.041166077738513	2.45178643552429	1.4320254154577685	1.4267475795416709
284	27.611795774647884	2.4533183400470375	1.4410946525523	1.4266975817471517
285	25.264035087719297	2.45484486000851	1.402502715830475	1.4266477596921672
286	27.863199300699307	2.456366033129043	1.445030981394037	1.4265981121456135
287	29.340882694541225	2.4578818967339924	1.4674731750697056	1.4265486378892784
288	27.026988636363637	2.459392487759231	1.431797659036996	1.4264993357176605
289	27.576124567474043	2.4608978427565478	1.4405332322088704	1.426450204437795
290	28.577339901477835	2.462397997898956	1.4560218003865004	1.4264012428690789
291	27.291831879460748	2.4638929889859074	1.4360326873166704	1.4263524498431013
292	26.884050880626226	2.4653828514484184	1.4294947086731806	1.4263038242034765
293	26.939497362705552	2.4668676203541096	1.4303894883936552	1.426255364805679
294	27.15608465608466	2.4683473304121573	1.4338671538693855	1.4262070705168826
295	26.81186440677966	2.469822015978163	1.4283270144089824	1.4261589402158
296	27.22876447876448	2.4712917110589387	1.4350279354189768	1.426110972792528
297	26.66341991341992	2.4727564493172123	1.4259158522898423	1.426063167148394
298	25.48825503355705	2.4742162640762553	1.40634010399662	1.426015522195804
299	26.700250836120404	2.4756711883244296	1.426515341373236	1.4259680368580945
300	26.522727272727273	2.4771212547196626	1.4236181795591827	1.425920710069387
301	28.01479915433404	2.4785664955938436	1.447387513240242	1.4258735407744436
302	27.57994323557238	2.4800069429571505	1.440593367985478	1.4258265279285274
303	28.021039603960396	2.481442628502305	1.4474842439364743	1.4257796704972612
304	27.939555921052634	2.482873583608754	1.4462194990376815	1.4257329674564931
305	26.77989071038251	2.484299839346786	1.4278088003094982	1.4256864177921615
306	27.08732752360204	2.48572142648158	1.432766159001197	1.4256400205001625
307	25.14332247557003	2.4871383754771865	1.4004226654528225	1.4255937745862202
308	27.143356643356643	2.4885507165004443	1.433663553034374	1.4255476790657595
309	27.368122977346275	2.4899584794248346	1.4372450126627885	1.4255017329637798
310	25.283467741935482	2.4913616938342726	1.4028366391476779	1.4254559353147305
311	27.86977491961415	2.4927603890268375	1.445133461301597	1.425410285162391
312	27.684440559440564	2.494154594018443	1.4422357518175113	1.4253647815597494
313	27.300106496272637	2.4955443375464483	1.436164341203882	1.425319423568885
314	28.27525022747952	2.496929648073215	1.4514064569903387	1.425274210260853
315	27.68862433862434	2.4983105537896004	1.4423013791119301	1.4252291407155693
316	27.451740506329116	2.499687082618404	1.4385698849730415	1.4251842140216988
317	28.057439537329127	2.5010592622177517	1.448048035703507	1.4251394292765445
318	27.663836477987424	2.5024271199844326	1.4419124088058732	1.4250947855859395
319	29.408970340004824	2.503790683057181	1.4684798193563637	1.4250502820641382
320	29.419642857142858	2.505149978319906	1.4686373962598471	1.4250059178337129
321	26.84922118380062	2.506505032404872	1.4289316926246483	1.4249616920254484
322	29.387482083134255	2.507855871695831	1.4681623773538108	1.4249176037782403
323	26.47863777089783	2.509202522331103	1.4228956384791447	1.424873652238995
324	27.183641975308642	2.510545010206612	1.434307641646668	1.4248298365625298
325	27.68717948717949	2.5118833609788744	1.4422787161087245	1.4247861559114756
326	27.07532379004771	2.513217600067939	1.4325736589959797	1.4247426094561817
327	28.004383282364927	2.514547752660286	1.4472260129977979	1.4246991963746194
328	27.35975609756098	2.515873843711679	1.4371122214853764	1.4246559158522913
329	25.446048632218844	2.5171958979499744	1.405620352863164	1.4246127670821374
330	28.075	2.5185139398778875	1.4483197649334953	1.4245697492644465
331	28.20430513595166	2.519827993775719	1.4503154045634785	1.4245268616067657
332	26.373493975903614	2.5211380837040362	1.4211676691918578	1.4244841033238145
333	27.12725225225225	2.5224442335063197	1.4334058058471333	1.4244414736373971
334	26.338323353293415	2.5237464668115646	1.4205881251592176	1.4243989717763184
335	27.49054726368159	2.525044807036845	1.4391833855776017	1.4243565969762995
336	29.032242063492063	2.526339277389844	1.4628805762451527	1.4243143484798955
337	27.0893175074184	2.5276299008713385	1.432798063486623	1.4242722255364146
338	28.012204142011836	2.5289167002776547	1.4473472826561842	1.4242302274018381
339	25.752540150770237	2.530199698203082	1.4108200729521272	1.4241883533387412
340	28.829248366013076	2.531478917042255	1.459833319642865	1.4241466026162148
341	27.70194614769395	2.5327543789924976	1.4425102806714794	1.42410497450979
342	26.275828460038987	2.534026106056135	1.419556417942955	1.4240634683013624
343	26.5134110787172	2.5352941200427703	1.4234656054156538	1.4240220832791173
344	26.21172480620155	2.53655844257153	1.4184955997016386	1.4239808187374565
345	28.326811594202898	2.537819095073274	1.4521976940061179	1.4239396739769272
346	30.516618497109828	2.5390760987927767	1.484536408397925	1.423898648304149
347	27.40922190201729	2.5403294747908736	1.4378967068836521	1.4238577410317454
348	26.768199233716476	2.5415792439465807	1.4276191560518845	1.4238169514782741
349	26.789875835721105	2.5428254269591797	1.4279707007681142	1.4237762789681585
350	28.532244897959185	2.5440680443502757	1.4553359430009607	1.4237357228316216
351	26.415565915565914	2.545307116465824	1.4218599192582337	1.4236952824046187
352	29.189935064935067	2.546542663478131	1.4652331288704483	1.4236549570287724
353	28.195467422096318	2.5477747053878224	1.4501792986815805	1.4236147460513093
354	28.35828625235405	2.5490032620257876	1.4526799820246237	1.4235746488249952
355	27.54585289514867	2.550228353055094	1.4400562238657109	1.4235346647080733
356	28.96598002496879	2.5514499979728753	1.461888226853231	1.4234947930642026
357	28.150910364145656	2.552668216112193	1.4494924439380612	1.4234550332623972
358	29.81145251396648	2.5538830266438746	1.47438313683211	1.4234153846769657
359	27.142061281337043	2.5550944485783194	1.4336428267104808	1.4233758466874533
360	27.668055555555554	2.5563025007672873	1.441978639041015	1.4233364186785822
361	27.265927977839336	2.5575072019056577	1.4356202832000522	1.423297100040195
362	26.752071823204417	2.558708570533166	1.4273574217420069	1.4232578901671984
363	26.290830381739475	2.5599066250361124	1.4198043032806538	1.4232187884595058
364	29.20913461538462	2.561101383649056	1.4655186902385087	1.4231797943219842
365	23.425342465753427	2.5622928644564746	1.36968594875511	1.4231409071643981
366	27.426571038251367	2.5634810853944106	1.4381715140480842	1.4231021264013568
367	26.839237057220704	2.5646660642520893	1.4287701662455223	1.4230634514522615
368	26.53430706521739	2.5658478186735176	1.4238077506546143	1.4230248817412532
369	25.378500451671183	2.56702636615906	1.4044659572068987	1.4229864166971604
370	25.795405405405404	2.568201724066995	1.4115423577160904	1.4229480557534495
371	26.346938775510207	2.569373909615046	1.4207301622379067	1.4229097983481742
372	28.431600955794508	2.5705429398818973	1.4538013150788176	1.422871643923926
373	26.473637176050044	2.571708831808688	1.4228136125130362	1.4228335919277852
374	28.493181818181817	2.5728716022004803	1.4547409493771009	1.4227956418112742
375	25.718666666666667	2.574031267727719	1.4102484496985672	1.4227577930303084
376	24.382218844984802	2.575187844927661	1.387073225002021	1.4227200450451503
377	27.812997347480106	2.576341350205793	1.444247794377501	1.4226823973203628
378	26.083774250440914	2.5774917998372255	1.416370432824639	1.4226448493247645
379	28.17366274886064	2.578639209968072	1.4498433116010792	1.4226074005313838
380	26.208646616541355	2.57978359661681	1.4184445950731353	1.4225700504174148
381	28.633858267716537	2.5809249756756194	1.4568798709514963	1.4225327984641738
382	27.321553228621294	2.582063362911709	1.4365053853259184	1.422495644157056
383	28.380548302872068	2.583198773968623	1.4530207816292595	1.4224585869854924
384	27.51070601851852	2.584331224367531	1.4395017360099025	1.4224216264429081
385	26.18603896103896	2.5854607295085006	1.4180698097095221	1.4223847620266812
386	28.203511801957397	2.586587304671755	1.4503031885056785	1.4223479932381002
387	26.92986341823551	2.5877109650189114	1.430234150780353	1.4223113195823258
388	27.336892488954344	2.5888317255942073	1.4367491447744922	1.422274740568349
389	27.74935732647815	2.5899496013257077	1.4432529293399108	1.4222382557089521
390	26.270085470085473	2.591064607026499	1.419461485771457	1.422201864520671
391	26.886615515771524	2.5921767573958667	1.4295361367218617	1.4221655665237551
392	27.52508503401361	2.593286067020457	1.4397286693239288	1.4221293612421302
393	28.595783351508544	2.5943925503754266	1.4563019980877174	1.4220932482033608
394	26.63769035532995	2.595496221825574	1.4254965662407573	1.4220572269386138
395	28.01591320072333	2.59659709562646	1.4474047832044878	1.4220212969826203
396	27.824074074074076	2.597695185925512	1.4444207208518087	1.4219854578736417
397	27.649622166246854	2.598790506763115	1.4416892010209985	1.4219497091534323
398	27.662859753312013	2.5998830720736876	1.441897074937567	1.4219140503672052
399	27.861215538847116	2.6009728956867484	1.4450000600526947	1.4218784810635972
400	27.726	2.6020599913279625	1.4428872189023485	1.4218430007946345
401	26.202351264695405	2.603144372620182	1.4183402644291099	1.421807609115699
402	25.837064676616915	2.60422605308447	1.4122431723586804	1.4217723055854947
403	27.337468982630273	2.6053050461411096	1.4367583032910467	1.4217370897660147
404	28.01980198019802	2.606381365110605	1.4474650617416478	1.4217019612225088
405	27.13544973544973	2.6074550232146687	1.4335370238519445	1.4216669195234515
406	27.57820197044335	2.6085260335771943	1.4405659478525314	1.4216319642405089
407	28.32643032643032	2.60959440922522	1.4521918485334089	1.421597094948509
408	27.41106442577031	2.61066016308988	1.4379259003794405	1.42156231122541
409	28.368494586098496	2.611723308007342	1.4528362899623197	1.4215276126522691
410	25.658536585365855	2.6127838567197355	1.4092318830979849	1.4214929988132128
411	27.362530413625304	2.6138418218760693	1.4371562572973149	1.421458469295407
412	28.564320388349515	2.6148972160331345	1.4558238956431708	1.4214240236890274
413	27.63825665859564	2.615950051656401	1.4415106455245172	1.42138966158723
414	28.33816425120773	2.617000341120899	1.4523717131876155	1.4213553825861225
415	26.989672977624785	2.6180480967120925	1.4311976224270824	1.4213211862847361
416	27.760817307692307	2.6190933306267428	1.4434322480578767	1.421287072284997
417	27.65947242206235	2.6201360549737576	1.441843892101121	1.4212530401916987
418	25.97177033492823	2.621176281775035	1.4145015538066648	1.4212190896124743
419	28.03013126491647	2.622214022966295	1.4476251315631905	1.4211852201577697
420	27.52857142857143	2.6232492903979003	1.439783674641196	1.421151431440817
421	27.943883610451305	2.6242820958356683	1.4462867637459653	1.4211177230776069
422	28.767476303317537	2.625312450961674	1.458901764023881	1.421084094686864
423	26.07139479905437	2.6263403673750423	1.416164266202035	1.4210505458900196
424	27.012840670859543	2.6273658565927325	1.431570257005282	1.4210170763111871
425	29.534117647058824	2.6283889300503116	1.4703240005285687	1.4209836855771363
426	26.275821596244132	2.629409599102719	1.4195563044961563	1.4209503733172686
427	29.86182669789227	2.630427875025024	1.475116370721549	1.4209171391635915
428	25.776869158878508	2.6314437690131722	1.411230167106058	1.420883982750696
429	26.356643356643357	2.6324572921847245	1.420890099984543	1.4208509037157304
430	28.372558139534885	2.6334684555795866	1.4528984946184758	1.4208179016983782
431	26.813805104408353	2.6344772701607315	1.4283584483949534	1.4207849763408333
432	27.636574074074073	2.635483746814912	1.4414842053830064	1.4207521272877774
433	27.242205542725173	2.6364878963533656	1.4352422653648256	1.4207193541863572
434	28.59792626728111	2.637489729512511	1.4563345421035487	1.4206866566861607
435	26.51724137931034	2.6384892569546374	1.423528341902475	1.4206540344391956
436	28.065749235474005	2.639486489268586	1.4481766405157384	1.420621487099867
437	26.516018306636155	2.640481436970422	1.4235083101821318	1.420589014324955
438	28.6175799086758	2.6414741105040997	1.45663290417052	1.4205566157735934
439	28.182232346241456	2.6424645202421213	1.44997539108902	1.4205242911072475
440	26.810064935064933	2.6434526764861874	1.4282978658630074	1.420492039989694
441	27.76417233560091	2.6444385894678386	1.4434847314574586	1.4204598620869993
442	26.900452488687787	2.645422269349092	1.4297595852695997	1.4204277570674988
443	27.175620767494355	2.6464037262230695	1.4341794733772155	1.4203957246017767
444	28.85960960960961	2.6473829701146196	1.4602904519986721	1.4203637643626448
445	27.53573033707865	2.6483600109809315	1.43989659987148	1.4203318760251242
446	25.67656950672646	2.649334858712142	1.4095369997776928	1.4203000592664237
447	28.54958985831469	2.6503075231319366	1.4555998735783582	1.4202683137659209
448	25.254910714285717	2.651278013998144	1.4023458374549187	1.420236639205143
449	26.70415738678545	2.6522463410033232	1.426578878952121	1.4202050352677478
450	24.547777777777778	2.6532125137753435	1.3900121831176095	1.4201735016395038
451	28.28381374722838	2.6541765418779604	1.451537968692961	1.4201420380082723
452	27.272439949431096	2.655138434811382	1.4357239941635274	1.4201106440639888
453	27.424944812362032	2.656098202012832	1.438145762310167	1.4200793194986443
454	27.63700440528634	2.6570558528571038	1.4414909677630088	1.4200480640062672
455	27.211428571428577	2.6580113966571126	1.4347513423825666	1.4200168772829058
456	25.74956140350877	2.658964842664435	1.4107698360312622	1.41998575902661
457	26.49671772428884	2.6599162000698504	1.4231920791248847	1.4199547089374145
458	27.99344978165939	2.660865478003869	1.44705642218241	1.4199237267173206
459	28.09025832555244	2.661812685537261	1.4485557331085235	1.4198928120702794
460	26.292028985507244	2.662757831681574	1.4198241023942313	1.4198619647021749
461	26.95965292841648	2.663700925389648	1.430714296904685	1.4198311843208073
462	26.586580086580085	2.6646419755561257	1.4246624762917453	1.4198004706358764
463	27.49622030237581	2.6655809910179533	1.4392729987524915	1.4197698233589648
464	26.364224137931036	2.6665179805548807	1.4210149951792128	1.4197392422035218
465	26.410035842293905	2.667452952889954	1.421768990608662	1.4197087268848474
466	25.878755364806867	2.66838591669	1.4129433851653372	1.4196782771200769
467	27.24325481798715	2.6693168805661123	1.4352589925596886	1.419647892628164
468	27.81285612535613	2.670245853074124	1.4442455892162194	1.4196175731298664
469	25.60181236673774	2.6711728427150834	1.4082707103514227	1.4195873183477294
470	26.391489361702128	2.6720978579357175	1.4214638996295714	1.419557128006072
471	27.064968152866243	2.673020907128896	1.432407520396502	1.41952700183097
472	27.815677966101696	2.673941998634088	1.4442896496929396	1.4194969395502428
473	27.414376321353064	2.6748611407378116	1.4379783701073032	1.4194669408934377
474	26.561181434599156	2.6757783416740852	1.4242473884337776	1.4194370055918155
475	26.77263157894737	2.6766936096248664	1.427691061663017	1.4194071333783365
476	27.039653361344538	2.677606952720493	1.4320011198058322	1.4193773239876448
477	28.263452131376663	2.678518379040114	1.4512252059925255	1.4193475771560564
478	27.43305439330544	2.6794278966121188	1.4382741645971961	1.4193178926215428
479	26.691440501043843	2.680335513414563	1.4263720127074317	1.4192882701237193
480	26.3125	2.681241237375587	1.4201621131797435	1.4192587094038298
481	27.56424116424116	2.682145076373832	1.4403460409756719	1.4192292102047337
482	25.574688796680498	2.6830470382388496	1.4078103577426841	1.4191997722708927
483	27.36576949620428	2.683947130751512	1.4372076645471084	1.4191703953483572
484	28.09504132231405	2.6848453616444123	1.4486296751936798	1.4191410791847536
485	26.777319587628867	2.6857417386022635	1.4277671019305553	1.4191118235292706
486	26.2880658436214	2.6866362692622934	1.4197586338681332	1.4190826281326467
487	25.95242984257358	2.6875289612146345	1.4141780256842615	1.4190534927471579
488	28.770491803278688	2.6884198220027105	1.458947285791076	1.4190244171266044
489	26.53271983640082	2.6893088591236203	1.423781771256219	1.4189954010262984
490	27.302857142857142	2.690196080028514	1.4362080967275646	1.4189664442030518
491	22.765784114052952	2.6910814921229687	1.3572826131569178	1.4189375464151635
492	27.24430894308943	2.69196510276736	1.4352757964203722	1.418908707422408
493	25.56389452332657	2.69284691927723	1.4076270169804244	1.4188799269860235
494	26.705320994794675	2.693726948923647	1.4265978025047525	1.418851204868699
495	27.346969696969698	2.694605198933569	1.4369092093971674	1.4188225408345632
496	26.5866935483871	2.6954816764901977	1.4246643296979142	1.4187939346491736
497	27.141851106639837	2.696356388733332	1.4336394637358088	1.4187653860795033
498	27.13574297188755	2.6972293427597176	1.4335417169850961	1.4187368948939314
499	28.10581162324649	2.6981005456233897	1.4487961311129587	1.4187084608622305
500	26.377333333333336	2.6989700043360187	1.4212308876031616	1.4186800837555562
501	27.079840319361278	2.699837725867246	1.4326460991333163	1.4186517633464353
502	27.36130478087649	2.7007037171450192	1.4371368037799273	1.4186234994087559
503	25.46719681908549	2.7015679850559273	1.405981144688759	1.418595291717756
504	26.61111111111111	2.7024305364455254	1.4250630083112572	1.4185671400500122
505	26.330693069306932	2.7032913781186614	1.42046229063718	1.4185390441834305
506	28.14426877470356	2.7041505168397992	1.4493899695982233	1.4185110038972344
507	26.8560157790927	2.705007959333336	1.4290415834071766	1.418483018971955
508	26.733267716535433	2.7058637122839193	1.4270520475901287	1.4184550891894216
509	25.352652259332025	2.7067177823367587	1.4040233996196334	1.4184272143327494
510	27.426666666666666	2.7075701760979363	1.4381730283030238	1.4183993941863315
511	25.5146771037182	2.708420900134713	1.4067900765694554	1.418371628535828
512	26.095703125	2.709269960975831	1.4165690030191735	1.418343917168156
513	26.157894736842106	2.7101173651118162	1.417602787780503	1.4183162598714794
514	27.157101167315176	2.710963118995276	1.4338834101508597	1.4182886564352004
515	25.504854368932037	2.711807229041191	1.406622848080898	1.4182611066499489
516	28.418604651162788	2.7126497016272113	1.4536027503269489	1.4182336103075734
517	27.78433268858801	2.7134905430939424	1.4437999705601539	1.4182061672011315
519	27.325626204238922	2.7151673578484576	1.4365701231900607	1.4181514398742658
520	25.121153846153845	2.716003343634799	1.400039583214407	1.4181241552459187
521	26.216250799744078	2.7168377232995247	1.4185705831051676	1.418096923037639
522	24.551724137931036	2.717670503002262	1.3900819957379003	1.4180697430483908
523	25.92208413001912	2.718501688867274	1.413669915785744	1.4180426150782928
524	25.41730279898219	2.7193312869837265	1.4051294627534772	1.4180155389286087
525	26.49666666666667	2.720159303405957	1.4231912422640642	1.4179885144017386
526	25.787705956907473	2.7209857441537393	1.411412709545095	1.4179615413012114
527	25.817836812144215	2.7218106152125467	1.411919851412002	1.4179346194316753
528	25.589015151515152	2.722633922533812	1.4080535714482199	1.4179077485988894
529	26.883742911153117	2.7234556720351857	1.4294897335967143	1.4178809286097152
530	26.74308176100629	2.724275869600789	1.4272114520913086	1.4178541592721088
531	26.483992467043315	2.725094521081469	1.422983455681037	1.417827440395112
532	25.469924812030076	2.7259116322950483	1.4060276629153763	1.417800771788845
533	26.313320825515948	2.7267272090265724	1.4201756609016267	1.417774153264497
534	26.379213483146067	2.727541257028556	1.4212618425741914	1.4177475846343195
535	26.727850467289716	2.7283537820212285	1.426964032915446	1.4177210657116177
536	27.14179104477612	2.72916478969277	1.4336385026899043	1.4176945963107423
537	24.256983240223462	2.7299742856995555	1.384836788138508	1.4176681762470826
538	25.876394052044613	2.7307822756663893	1.412903756061182	1.4176418053370583
539	26.906864564007424	2.7315887651867388	1.4298630927141103	1.4176154833981112
540	24.72098765432099	2.7323937598229686	1.3930658177215172	1.417589210248699
541	28.036968576709796	2.7331972651065692	1.4477310548874216	1.4175629857082868
542	26.76629766297663	2.733999286538387	1.4275883033596024	1.4175368095973395
543	26.832412523020256	2.734799829588847	1.4286597221811432	1.4175106817373153
544	27.727328431372552	2.73559889969818	1.4429080266854382	1.4174846019506577
545	26.71192660550459	2.7363965022766426	1.426705212767333	1.4174585700607887
546	26.67399267399267	2.7371926427047373	1.4260880275571688	1.417432585892101
547	27.289457647775745	2.737987326333431	1.4359949045625753	1.4174066492699517
548	27.995133819951338	2.738780558484369	1.4470825478134113	1.4173807600206547
549	27.221615057680633	2.739572344450092	1.4349138883115078	1.4173549179714737
550	26.366363636363637	2.7403626894942437	1.4210502374324494	1.4173291229506155
551	26.916515426497277	2.741151598851785	1.4300188360498358	1.4173033747872237
552	24.534420289855074	2.741939077729199	1.3897758007358694	1.4172776733113701
553	27.269439421338152	2.7427251313046983	1.435676210229057	1.4172520183540505
554	26.050541516245488	2.74350976472843	1.4158167554694367	1.4172264097471756
555	25.2990990990991	2.7442929831226763	1.4031050562249785	1.4172008473235664
556	24.951438848920862	2.7450747915820575	1.397095594694038	1.4171753309169464
557	26.719569120287254	2.745855195173729	1.426829450428118	1.4171498603619352
558	24.869175627240143	2.7466341989375787	1.3956613893521848	1.4171244354940427
559	26.36255217650567	2.747411807886423	1.4209874522997883	1.4170990561496624
560	27.55	2.7481880270062002	1.440121603187804	1.4170737221660645
561	26.82412358882947	2.7489628612561616	1.4285255413834468	1.417048433381391
562	25.380782918149464	2.749736315569061	1.404505014598237	1.4170231896346484
563	25.99911190053286	2.7505083948513462	1.4149585132290734	1.416997990765701
564	26.192671394799053	2.751279103983342	1.4181797944487196	1.4169728366152672
565	26.61172566371681	2.7520484478194387	1.4250730377204988	1.4169477270249105
566	27.76148409893993	2.7528164311882715	1.4434426793171042	1.4169226618370354
567	26.511463844797177	2.7535830588929064	1.4234337081995625	1.4168976408948815
568	26.556338028169016	2.754348335711019	1.4241681880225638	1.4168726640425162
569	25.328646748681898	2.7551122663950713	1.4036119870554598	1.4168477311248304
571	25.911850554582603	2.756636108245848	1.4134984302357079	1.4167979964771393
572	25.052447552447553	2.7573960287930244	1.3988501616043203	1.4167731944409783
573	25.639616055846425	2.75815462196739	1.4089115174896922	1.416748435727173
574	25.250871080139373	2.7589118923979736	1.402276364584286	1.416723720184643
575	25.82608695652174	2.7596678446896306	1.4120586089636007	1.4166990476630965
576	27.305555555555557	2.760422483423212	1.4362510170648484	1.416674418013025
577	25.363951473136915	2.7611758131557314	1.4042169136140794	1.4166498310856988
578	25.70242214532872	2.761927838420529	1.409974052311195	1.4166252867331595
579	25.670120898100173	2.762678563727436	1.4094279140650599	1.4166007848082172
580	27.447844827586206	2.7634279935629373	1.4385082498341288	1.4165763251644434
581	25.462564543889847	2.7641761323903307	1.4059021428828273	1.4165519076561661
582	26.866838487972508	2.7649229846498886	1.4292165645347974	1.4165275321384658
583	26.02229845626072	2.765668554759014	1.4153456535931928	1.416503198467168
584	25.91780821917808	2.7664128471123997	1.413598271945318	1.416478906498841
585	26.518376068376064	2.7671558660821804	1.423546925232837	1.4164546560907878
586	25.38651877133106	2.767897616018091	1.4046031505760603	1.4164304471010436
587	25.367972742759797	2.7686381012476144	1.4042857623809302	1.4164062793883694
589	27.084889643463498	2.7701152947871015	1.4327270704075308	1.4163580672328755
590	26.097457627118644	2.7708520116421442	1.4165982011201477	1.4163340225111645
591	24.502538071065988	2.7715874808812555	1.389211072657099	1.4163100185087305
592	26.260135135135137	2.77232170672292	1.4192969566465488	1.4162860550878926
593	26.952360876897135	2.7730546933642626	1.4305968129699407	1.416262132111666
594	26.140572390572387	2.7737864449811935	1.4173150929363947	1.4162382494437586
595	26.18655462184874	2.7745169657285498	1.418078361840662	1.4162144069485665
596	25.256711409395972	2.7752462597402365	1.4023768018911187	1.4161906044911685
597	25.58961474036851	2.775974331129369	1.4080637474975197	1.4161668419373221
598	26.892976588628763	2.776701183988411	1.4296388737916559	1.416143119153459
599	25.207568169170838	2.7774268223893115	1.4015309503312638	1.41611943600668
601	26.866888519134775	2.7788744720027396	1.4292173732729554	1.4160721880960998
602	25.270764119601328	2.7795964912578244	1.4026183740097111	1.4160486230698084
603	25.8065229408513	2.780317312140151	1.4117294935277143	1.4160250971556114
604	27.038079470198674	2.7810369386211318	1.4319758401868776	1.416001610223892
605	26.213774104683196	2.781755374652469	1.4185295526078119	1.415978162145675
606	25.185231023102308	2.782472624166286	1.401145938977663	1.4159547527926257
607	25.95848434925865	2.7831886910752575	1.414279331503927	1.4159313820370434
608	25.810032894736842	2.783903579272735	1.4117885580500134	1.4159080497518577
609	28.29064039408867	2.784617292632875	1.4516427783679535	1.4158847558106258
610	26.13551912568306	2.785329835010767	1.4172311308420524	1.415861500087526
611	25.073649754500817	2.786041210242554	1.399217555054031	1.415838282457356
612	26.21078431372549	2.7867514221455614	1.4184800166744418	1.415815102795527
613	24.867047308319737	2.787460474518415	1.3956242205802567	1.4157919609780605
614	25.94245385450597	2.788168371141168	1.4140110528995087	1.4157688568815847
617	27.094003241491087	2.7902851640332416	1.4328731784271023	1.415699769693391
619	25.214862681744748	2.791690649020118	1.4016566073663437	1.4156538979379845
621	26.736983360171767	2.79309160017658	1.4271124057705404	1.4156081741562394
622	26.318327974276528	2.7937903846908188	1.4202582947211226	1.4155853674577557
623	24.791332263242374	2.7944880466591697	1.3942998659783	1.4155625973965542
624	25.516346153846154	2.795184589682424	1.406818485141911	1.415539863855114
625	28.48	2.7958800173440754	1.4545399849648188	1.4155171667164776
626	25.604632587859424	2.7965743332104296	1.40831854833249	1.4154945058642496
627	25.758373205741627	2.7972675408307164	1.410918431277867	1.4154718811825913
630	26.41111111111111	2.7993405494535817	1.4217866722888555	1.4154042230109338
631	25.753961965134707	2.8000293592441343	1.410844049968914	1.4153817418641916
632	25.964398734177216	2.800717078282385	1.4143782699523553	1.4153592963170634
633	23.19325961032122	2.801403710017355	1.3653617892284886	1.4153368862569808
634	26.761829652996845	2.802089257881733	1.4275158019596428	1.415314511571909
635	26.433595800524937	2.8027737252919755	1.4221562448610088	1.415292172150343
636	24.503930817610062	2.803457115648414	1.3892357576488015	1.415269867881304
637	25.850078492935637	2.8041394323353503	1.4124618661532518	1.4152475986543358
641	25.633385335413415	2.8068580295188172	1.4088059661296302	1.415158869976183
642	23.529595015576323	2.807535028068853	1.3716144522922955	1.415136774320813
643	26.63841368584759	2.808210972924222	1.4255083590870277	1.415114713055582
644	25.452173913043477	2.808885867359812	1.4057248820801802	1.4150926860736048
645	25.968992248062015	2.8095597146352675	1.4144550967375962	1.415070693268495
647	26.891808346213292	2.8109042806687006	1.4296200074436634	1.415026809765797
649	26.49768875192604	2.812244696800369	1.4232079944628495	1.4149830617062238
651	25.49615975422427	2.813580988568192	1.4064747716831496	1.4149394482562776
652	27.197085889570552	2.81424759573192	1.4345223727886482	1.4149176917515462
654	25.28440366972477	2.815577748324267	1.4028527152949646	1.414874278669984
655	25.30534351145038	2.816241299991783	1.4032122370850277	1.41485262188953
657	24.75951293759513	2.8175653695597807	1.3937420971091736	1.4148094073437103
658	25.3419452887538	2.8182258936139557	1.4038399489746312	1.414787849377502
659	23.75720789074355	2.8188854145940097	1.375795398055935	1.414766324149296
660	25.884848484848483	2.8195439355418688	1.4130456272129177	1.414744831559811
661	25.317700453857793	2.82020145948564	1.4034242572081557	1.4147233715102163
662	24.678247734138974	2.8208579894397	1.3923143196071195	1.4147019439021302
663	26.92257415786828	2.821513528404773	1.430116581893355	1.4146805486376157
664	25.420180722891565	2.8221680793680175	1.4051786338134087	1.414659185619179
665	24.95187969924812	2.8228216453031045	1.3971032678857234	1.4146378547497664
666	26.055555555555557	2.823474229170301	1.4159003376117771	1.4146165559327617
667	25.29160419790105	2.824125833916549	1.4029763766833074	1.4145952890719835
668	24.001497005988025	2.824776462475546	1.3802383300934582	1.414574054071683
669	27.24813153961136	2.8254261177678233	1.435336727168345	1.4145528508365404
670	24.000746268656716	2.8260748027008264	1.3802247456833086	1.414531679271664
673	26.017830609212478	2.828015064223977	1.4152710818594691	1.4144683536560607
674	24.921364985163205	2.82865989653532	1.3965718256793265	1.4144473078317792
675	24.653333333333336	2.829303772831025	1.391875647767473	1.4144262932096208
676	25.24112426035503	2.829946695941636	1.4021086948349533	1.414405309697203
677	24.636632200886265	2.8305886686851442	1.391581339996621	1.414384357202553
678	26.783185840707965	2.8312296938670634	1.427862234765151	1.4143634356341057
679	25.036082474226802	2.8318697742805017	1.39856637354281	1.4143425449007005
680	25.624264705882354	2.832508912706236	1.4086514120634397	1.4143216849115794
681	24.518355359765053	2.833147111912785	1.3894913352536493	1.414300855576384
682	24.668621700879765	2.833784374656479	1.3921448850217857	1.4142800568051546
684	26.648391812865498	2.835056101720116	1.4256710051872659	1.414238550596727
685	24.994160583941607	2.8356905714924254	1.397838555776195	1.4142178429815764
686	26.142857142857142	2.8363241157067516	1.4173530497161726	1.4141971655744818
688	27.257267441860463	2.837588438235511	1.4354823153869543	1.4141559010328213
690	25.528985507246375	2.838849090737255	1.4070335567800059	1.4141147562722918
694	22.53314121037464	2.841359470454855	1.3528217383389922	1.41403282332711
695	26.145323741007193	2.8419848045901137	1.4173940237928502	1.414012413877868
697	24.6441893830703	2.8432327780980096	1.3917145375546771	1.4139716829301576
699	25.05865522174535	2.8444771757456815	1.3989577607744066	1.4139310686901938
700	22.927142857142858	2.845098040014257	1.36034993703742	1.4139108051269862
701	25.470756062767475	2.8457180179666586	1.406041836562142	1.4138905704910736
702	25.803062678062677	2.846337112129805	1.4116712573291763	1.4138703646999833
703	24.867709815078236	2.846955325019824	1.395635790880228	1.4138501876715945
705	26.141843971631207	2.848189116991399	1.4173362182276752	1.4138099195761888
706	25.974504249291783	2.8488047010518036	1.4145472673417618	1.4137898283466739
707	25.623762376237625	2.8494194137968996	1.4086428982140202	1.4137697655548607
708	25.807909604519775	2.850033257689769	1.411752828875985	1.4137497311203597
709	25.160789844851905	2.8506462351830666	1.400724270313636	1.4137297249631222
712	25.513693820224717	2.8524799936368566	1.4067733394254829	1.4136698753595671
714	24.925770308123248	2.8536982117761744	1.3966485886646522	1.4136301155577617
717	26.16875871687587	2.8555191556678	1.4177831228998563	1.4135706841916598
720	23.455555555555556	2.8573324964312685	1.3702457238683314	1.4135115009739467
723	24.553250345781468	2.859138297294531	1.3901089919294212	1.4134525638410096
724	24.929558011049725	2.859738566197147	1.396714578741889	1.413432972462563
725	24.72551724137931	2.8603380065709936	1.3931453855160207	1.4134134081253649
727	25.905089408528198	2.8615344108590377	1.4133850955447158	1.413374360276842
728	25.70467032967033	2.862131379313037	1.410012038278013	1.4133548766173487
730	25.14246575342466	2.863322860120456	1.4004078672478664	1.4133159894597627
731	22.79343365253078	2.8639173769578603	1.3578097531760407	1.413296585815323
732	25.038251366120218	2.864511081058392	1.3986039951229492	1.4132772086967214
734	25.35149863760218	2.8656960599160706	1.4040036374683027	1.4132385337476263
735	23.13877551020408	2.8662873390841948	1.3643403726264376	1.4132192357731685
739	23.142083897158322	2.8686444383948255	1.3644024637033567	1.4131423055433505
740	23.875675675675677	2.8692317197309762	1.3779556708553773	1.413123138048814
741	25.95681511470985	2.869818207979328	1.414251403730755	1.413103996438816
743	25.218034993270525	2.8709888137605755	1.4017112430290104	1.4130657905934483
747	24.0334672021419	2.873320601815399	1.3808164290700693	1.4129896864640483
759	25.919631093544137	2.88024177589548	1.4136288160574193	1.4127637954673513
760	24.770394736842107	2.8808135922807914	1.3939329274847618	1.4127451327127794
762	25.069553805774277	2.8819549713396007	1.3991466043445528	1.4127078807595383
763	26.12975098296199	2.8825245379548803	1.417135270912139	1.4126892914322189
764	25.115837696335078	2.8830933585756897	1.3999476678958742	1.4126707264524205
773	24.153945666235447	2.888179493918325	1.382988085029763	1.4125047268447541
777	24.8005148005148	2.890421018800914	1.3944606958545387	1.4124315686949966
778	24.895886889460154	2.890979596989689	1.3961276021655198	1.4124133380043167
780	24.583333333333332	2.8920946026904804	1.390640769930538	1.4123769468160356
782	25.044757033248082	2.893206753059848	1.3987168228240368	1.4123406488191197
784	25.730867346938776	2.8943160626844384	1.41045442583882	1.4123044435374947
786	25.477099236641223	2.895422546039408	1.4061499787168674	1.4122683304987254
792	24.184343434343436	2.8987251815894934	1.3835343014944885	1.4121605401690063
794	23.74433249370277	2.8998205024270964	1.3755599651003378	1.4121247914487969
802	25.466334164588527	2.9041743682841634	1.4059664335120303	1.4119826914110636
807	23.9454770755886	2.90687353472207	1.3792234940924117	1.4118945969071752
810	23.135802469135804	2.90848501887865	1.3642845676731097	1.411842001818816
812	24.580049261083744	2.9095560292411755	1.3905827489245364	1.4118070465358734
816	22.51593137254902	2.9116901587538613	1.3524899162819695	1.4117373935207747
820	23.19390243902439	2.9138138523837167	1.365373826048431	1.4116680811085773
827	24.587666263603385	2.9175055095525466	1.3907173096684753	1.4115475940195832
828	25.659420289855074	2.9180303367848803	1.4092468403568745	1.411530464881487
833	24.10564225690276	2.9206450014067875	1.3821187070661942	1.4114451283199965
840	25.451190476190476	2.9242792860618816	1.4057081012169215	1.4113265137361815
842	22.902612826603324	2.9253120914996495	1.3598850313113198	1.4112928053729714
847	23.01298701298701	2.9278834103307068	1.36197299237855	1.4112088835171053
849	24.325088339222614	2.928907690243953	1.3860544261312324	1.4111754534071523
856	23.922897196261683	2.932473764677153	1.3788137739851292	1.4110590650460606
877	23.408209806157355	2.9429995933660407	1.3693682013499329	1.410715526521226
907	22.98566703417861	2.957607287060095	1.3614571113084142	1.4102387654327435
1049	23.589132507149667	3.020775488193558	1.3727119699536172	1.408177102519992
1086	24.165745856353592	3.035829825252828	1.3832002038324338	1.4076857640326799
