k	v	lnk	lnv	linreg	 k=[-2.72508834], b=4.829417141235305
2	76.33996023477616	0.3010299956639812	1.8827519293906305	4.009083808615063
3	1075.0741754220971	0.47712125471966244	3.0314384297075985	3.529219570940607
4	621.2416514104617	0.6020599913279624	2.7932605654907157	3.188750475994822
5	403.1543671319816	0.6989700043360189	2.605471368615215	2.9246621290517867
6	283.45952293779396	0.7781512503836436	2.4524910518715766	2.7088862383203653
7	208.47393123748853	0.8450980400142568	2.3190517560602184	2.5264503221759522
8	159.9890784907576	0.9030899869919435	2.204090336949126	2.3684171433745806
9	126.97390105806588	0.9542425094393249	2.10371446275692	2.229022000645909
10	102.84797705190263	1.0	2.0121957538446846	2.1043287964315454
11	85.14156286116605	1.0413926851582251	1.9301416178372517	1.9915300725467344
12	70.78859521334665	1.0791812460476249	1.8499632939202426	1.888552905700124
13	60.17628203907656	1.1139433523068367	1.7794253515696756	1.793823095092316
14	52.11408123098087	1.146128035678238	1.7169550855768363	1.7061169895557113
15	45.0875689094148	1.1760912590556813	1.6540568190792497	1.6244645587570887
16	39.250393124956716	1.2041199826559248	1.5938440109193448	1.5480838107543393
17	35.44541952020721	1.2304489213782739	1.5495601208836443	1.4763351267110134
18	31.169187209184578	1.255272505103306	1.4937254774398665	1.4086886680256678
19	27.77671563883298	1.2787536009528289	1.443680892796242	1.3447006074029133
20	24.74058674490807	1.3010299956639813	1.3934099950931906	1.283995463811304
21	22.4798253887924	1.3222192947339193	1.3517929335438894	1.2262527518812547
22	20.313863085497037	1.3424226808222062	1.3077925210010033	1.1711967399264935
23	18.70071639076891	1.3617278360175928	1.2718582438947041	1.1185884865089175
24	17.23762268802543	1.380211241711606	1.2364773702668834	1.0682195730798831
25	15.713363116193502	1.3979400086720377	1.1962691466243214	1.0199071168682683
26	14.132879025412912	1.414973347970818	1.1502306415008465	0.9734897624720746
27	13.412749192982474	1.4313637641589874	1.1275178037256857	0.9288244303512112
28	12.138915124770579	1.4471580313422192	1.0841798748464022	0.8857836569354696
29	11.413299840521114	1.462397997898956	1.0574112268317553	0.8442534016965069
30	10.582039414196396	1.4771212547196624	1.0245693747859195	0.8041312261368478
31	9.666544469974323	1.4913616938342726	0.9852712532119191	0.7653247714807359
32	9.10531374586356	1.505149978319906	0.959294915067752	0.727750478134098
33	8.625445560790379	1.5185139398778875	0.9357815384809219	0.6913325022520365
34	7.859682560760427	1.5314789170422551	0.8954050059765508	0.6560017940907716
35	7.436795967714321	1.5440680443502757	0.8713858665605885	0.6216953099924343
36	6.926127090257112	1.5563025007672873	0.8404904563285114	0.5883553354054261
37	6.286420769905914	1.568201724066995	0.7984034463494799	0.5559289006791754
38	6.249485224354236	1.5797835966168101	0.7958442455953212	0.524367274782672
39	5.918595019936101	1.591064607026499	0.7722186243739125	0.49362552479761845
40	5.445813199503923	1.6020599913279623	0.7360627402327314	0.4636621311910627
41	5.055539849993017	1.6127838567197355	0.7037675380387179	0.43443865060069786
42	4.659612035779847	1.6232492903979006	0.6683497583779505	0.4059194192610134
43	4.555701872831172	1.6334684555795864	0.6585552959117411	0.37807129133077666
44	4.11367389504866	1.6434526764861874	0.614229860719349	0.3508634073062522
45	4.0763259088892205	1.6532125137753437	0.6102688992730166	0.32426698846239077
46	3.851187855026143	1.662757831681574	0.58559470335694	0.2982551538886762
47	3.5588128591143318	1.6720978579357175	0.5513051511421269	0.27280275720334846
48	3.5940720064922553	1.6812412373755872	0.5555867738605959	0.2478862404596418
49	3.2302543199545175	1.6901960800285136	0.5092367159549052	0.2234835031165998
50	2.9550844031031143	1.6989700043360187	0.470569889710828	0.1995737842480274
51	2.8278506584828924	1.7075701760979363	0.45145647022055463	0.17613755641631546
52	2.697979174511029	1.7160033436347992	0.43103859306388786	0.1531564298518333
53	2.5524813405255733	1.724275869600789	0.4069625759356769	0.13061306575982812
54	2.484993265109923	1.7323937598229686	0.39532521603532267	0.10849109773096988
55	2.1360720779936084	1.7403626894942439	0.3296159031068705	0.08677506036321692
56	2.1821504696342933	1.7481880270062005	0.3388846939511241	0.06545032431522824
57	2.0726698845345024	1.7558748556724915	0.3165301372402412	0.044503037108214905
58	1.7750501125419176	1.7634279935629373	0.24921061840137498	0.023920069076265094
59	1.7569770357749184	1.7708520116421442	0.24476608517121387	0.003688963937006129
60	1.649712168397366	1.7781512503836436	0.21740817780115332	-0.016202106483393486
61	1.631506460136626	1.7853298350107671	0.21258879776602332	-0.0357643837829551
62	1.5427154036569768	1.792391689498254	0.18828581587440643	-0.055008561139505474
63	1.486773335994522	1.7993405494535817	0.17224476379422715	-0.0739448184134428
64	1.5141512647638933	1.806179973983887	0.18016926365199662	-0.09258285448614334
65	1.3985337916522709	1.8129133566428555	0.14567296434416935	-0.11093191709120198
66	1.2674057360410875	1.8195439355418688	0.10291566832918851	-0.12900083036820487
67	1.1194225447797006	1.8260748027008264	0.048994049198212056	-0.1467980203445416
68	1.1248718111951874	1.8325089127062364	0.05110303368063902	-0.1643315385294697
69	1.1807044825544817	1.8388490907372552	0.0721412120455171	-0.18160908378578
70	0.9806515766347252	1.845098040014257	-0.008485269096362172	-0.19863802262780705
71	0.9995324249899251	1.8512583487190752	-0.00020311273567244243	-0.21542540807970045
72	0.8357529143622108	1.8573324964312685	-0.07792210030019242	-0.23197799721481527
73	0.9326670251531118	1.863322860120456	-0.030273377635345693	-0.24830226748535544
74	0.867532456273803	1.8692317197309762	-0.06171426833312398	-0.2644044319410659
75	0.8728112090055772	1.8750612633917	-0.05907968499302898	-0.2802904534264288
76	0.6978713157310485	1.8808135922807914	-0.1562246519044001	-0.29596605783756935
77	0.5898863078633099	1.8864907251724818	-0.2292316843333478	-0.31143674651261755
78	0.8204386350772525	1.8920946026904804	-0.08595389656575748	-0.3267078078226229
79	0.7475809758756564	1.8976270912904414	-0.12634175889479654	-0.3417843280241364
80	0.5354503591355888	1.9030899869919435	-0.2712807858084112	-0.35667120142917863
81	0.6479146854809184	1.9084850188786497	-0.1884821763271733	-0.3713731399434863
82	0.5476165610008499	1.9138138523837167	-0.26152342642094134	-0.38589468201954436
83	0.612806725218897	1.919078092376074	-0.21267647720471192	-0.4002402010669668
84	0.46518900774540706	1.9242792860618816	-0.33237055605002824	-0.41441391335922795
85	0.5059020576012212	1.9294189257142926	-0.2959335542284378	-0.4284198854725041
86	0.43418382499810265	1.9344984512435677	-0.3623263597045279	-0.44226204128946467
87	0.4302131216369871	1.9395192526186185	-0.3663163476267739	-0.4559441685981902
88	0.4274372208140771	1.9444826721501687	-0.3691276625876303	-0.4694699253139891
89	0.35383488902315113	1.9493900066449128	-0.45119934677058454	-0.48284284534967004
90	0.4532454983172391	1.954242509439325	-0.3436665006702722	-0.49606634415785056
91	0.4059457327734873	1.9590413923210936	-0.39153201945789545	-0.5091437239670364
92	0.3709637574147488	1.9637878273455553	-0.43066851821148805	-0.5220781787315651
93	0.40161626987083465	1.968482948553935	-0.3961887018092541	-0.5348727988139617
94	0.3534872166910807	1.9731278535996986	-0.4516262871596066	-0.547530575416892
95	0.3508744447121291	1.9777236052888478	-0.45484826166394987	-0.5600544047806046
96	0.3158567555592617	1.9822712330395684	-0.5005098299593106	-0.5724470921605995
97	0.3864472910546472	1.9867717342662448	-0.41290973270335307	-0.5847113555991905
98	0.3164864954386533	1.9912260756924949	-0.49964481671013705	-0.5968498295036415
99	0.27333835459980543	1.99563519459755	-0.5632994242080522	-0.608865068042661
100	0.30268140117282727	2.0	-0.5190142642636796	-0.6207595483722139
101	0.34457013408072823	2.0043213737826426	-0.4627223681127138	-0.6325356737008336
102	0.23879850688982202	2.0086001717619175	-0.6219683930013721	-0.6441957762039259
103	0.19635527364384026	2.012837224705172	-0.7069574301019265	-0.6557421197959048
104	0.2832265260658171	2.0170333392987803	-0.5478660744832373	-0.667176902768408
105	0.17373629083450748	2.0211892990699383	-0.760109454650483	-0.6785022603022641
106	0.3131281538032999	2.0253058652647704	-0.5042778825851741	-0.6897202668604141
107	0.26148260877136553	2.0293837776852097	-0.5825571907959283	-0.7008329384684835
108	0.2949011572820217	2.03342375548695	-0.5303235231409458	-0.7118422348892715
109	0.24786084204578074	2.037426497940624	-0.6057920792293978	-0.7227500616970302
110	0.15807921480333664	2.041392685158225	-0.8011252299390446	-0.7335582722570244
111	0.17495235016157992	2.0453229787866576	-0.7570802191979347	-0.744268669615523
112	0.14724977261673164	2.0492180226701815	-0.8319453671783817	-0.7548830083050131
113	0.2658636680168827	2.0530784434834195	-0.5753410077525671	-0.7654029960692057
114	0.14575805822865626	2.0569048513364727	-0.8363674259514615	-0.7758302955120264
115	0.15414100784874618	2.060697840353612	-0.8120818057125501	-0.7861665256746004
116	0.18690512067799153	2.0644579892269186	-0.7283788000030247	-0.7964132635439762
117	0.15591868339053402	2.0681858617461617	-0.8071018411469773	-0.80657204549708
118	0.1417180262320752	2.0718820073061255	-0.8485749049028425	-0.8166443686832352
119	0.10980069635554356	2.0755469613925306	-0.9593949055834585	-0.8266316923483386
120	0.19274217207614794	2.0791812460476247	-0.7150232511144529	-0.8365354391036348
121	0.11656145776707465	2.0827853703164503	-0.9334450297329402	-0.8463569961418358
122	0.19192378253253423	2.0863598306747484	-0.7168712056570494	-0.8560977164031973
123	0.12893817757537457	2.089905111439398	-0.8896184724415862	-0.8657589196940005
124	0.14975139361397125	2.093421685162235	-0.8246291272956369	-0.8753418937597468
125	0.054568472849391196	2.0969100130080562	-1.2630582001908865	-0.8848478953152483
126	0.17612107995890047	2.100370545117563	-0.7541886601489577	-0.8942781510336841
127	0.08602944009825028	2.103803720955957	-1.0653529035904152	-0.903633858496554
128	0.15238625636579284	2.1072099696478683	-0.8170542000151197	-0.9129161871063847
129	0.18315387248542409	2.110589710299249	-0.737183894464512	-0.9221262789639209
130	0.1324936534280626	2.113943352306837	-0.8778049243474345	-0.9312652497114442
131	0.155975873614806	2.1172712956557644	-0.8069425732242731	-0.9403341893437736
132	0.07990924976290859	2.12057393120585	-1.0974029467375286	-0.9493341629884462
133	0.1226116352635909	2.123851640967086	-0.9114683153722013	-0.9582662116564391
134	0.17119997137688303	2.1271047983648077	-0.7664963122690455	-0.9671313529647829
135	0.06914406804766351	2.130333768495006	-1.160245072599815	-0.9759305818323067
136	0.04831892031455055	2.1335389083702174	-1.315882778581288	-0.984664871149711
137	0.08372818676190803	2.1367205671564067	-1.0771283138773935	-0.9933351724250974
138	0.0636038268979585	2.1398790864012365	-1.1965167530518097	-1.0019424164060213
139	0.03915301522505963	2.143014800254095	-1.4072347867304105	-1.0104875136790854
140	0.07965978781636399	2.146128035678238	-1.0987608547218828	-1.0189713552480484
141	0.07106330899893414	2.1492191126553797	-1.1483545738447343	-1.0273948130913482
142	0.04303073552551652	2.1522883443830563	-1.3662212304467716	-1.0357587406999418
143	0.10280437306588189	2.155336037465062	-0.9879884110412575	-1.0440639735962538
144	0.11636915115825139	2.1583624920952498	-0.9341621335812174	-1.0523113298350566
145	0.09357296781757432	2.161368002234975	-1.028849595954895	-1.0605016104870106
146	0.04632867118045921	2.164352855784437	-1.334150156245587	-1.0686356001055968
147	0.041005999529362666	2.167317334748176	-1.3871525976246826	-1.0767140671780977
148	0.09564063401967231	2.1702617153949575	-1.0193575535272748	-1.0847377645613072
149	0.08972475638065615	2.173186268412274	-1.0470877121831355	-1.092707429902557
150	0.05576530844012081	2.1760912590556813	-1.2536358913569832	-1.100623786046671
151	0.05396881273359961	2.1789769472931693	-1.2678571359262227	-1.108487541429386
152	0.0492306688622954	2.1818435879447726	-1.3077642637350497	-1.1162993904578116
153	0.0844860388886724	2.184691430817599	-1.0732150512225027	-1.124060013878382
154	0.01466994372162906	2.187520720836463	-1.8335715522393916	-1.1317700791328589
155	0.10044794798858425	2.1903316981702914	-0.9980589308553772	-1.139430240702782
156	0.033772586495896637	2.1931245983544616	-1.4714356773604456	-1.1470411404428642
157	0.03900421272345954	2.1958996524092336	-1.4088884836466795	-1.154603407903724
158	0.10078369041351252	2.1986570869544226	-0.9966097430542685	-1.1621176606443777
159	0.061777093355786995	2.2013971243204513	-1.209172529334001	-1.1695845045348694
160	0.05964474708231066	2.2041199826559246	-1.2244277986595427	-1.177004534049419
161	0.04104478565142822	2.2068258760318495	-1.3867420080122848	-1.184378332550434
162	0.0682310169254512	2.2095150145426308	-1.1660181558808622	-1.1917064725637267
163	0.0734355194565418	2.2121876044039577	-1.1340938287384692	-1.1989895160452697
164	0.07079967482811089	2.214843848047698	-1.1499687369526237	-1.2062280146397857
165	0.1547698879075382	2.2174839442139063	-0.8103135319457334	-1.2134225099314806
166	0.10260351258846222	2.220108088040055	-0.9888377710792352	-1.2205735336872072
167	0.05500677894128003	2.2227164711475833	-1.259583785498968	-1.2276816080923156
168	0.10250117938748746	2.225309281725863	-0.9892711375493869	-1.2347472459794693
169	0.04072663265089295	2.2278867046136734	-1.3901214966557636	-1.2417709510506727
170	0.038376745540533996	2.230448921378274	-1.4159318574722493	-1.2487532180927463
171	0.015285325605329692	2.2329961103921536	-1.815725305574345	-1.2556945331864817
172	0.04311725717541973	2.2355284469075487	-1.3653488737829833	-1.262595373909706
173	0.08956805911874062	2.2380461031287955	-1.047846836560949	-1.2694562095344484
174	0.054780712861599794	2.2405492482826	-1.2613723205697394	-1.2762775012184324
175	0.10870853786280521	2.2430380486862944	-0.9637363455080893	-1.2830597021910837
176	0.05351232757687458	2.24551266781415	-1.2715461585041898	-1.2898032579342313
177	0.08367763652300943	2.247973266361807	-1.0773905949623526	-1.2965086063576914
178	0.049319673290321456	2.250420002308894	-1.306979808975749	-1.3031761779699114
179	0.05264407898171138	2.2528530309798933	-1.2786504679765827	-1.3098063960438253
180	0.0017237211264851547	2.255272505103306	-2.763532995486547	-1.316399676778091
181	0.029247114646609118	2.2576785748691846	-1.5339169724831845	-1.322956429453872
182	0.04363914550962166	2.2600713879850747	-1.3601237618437634	-1.3294770565872778
183	0.0018381484463849292	2.2624510897304293	-2.735619418498041	-1.3359619540776526
184	0.03704416683050086	2.2648178230095364	-1.431280168596109	-1.3424115113518065
186	0.05093199488327098	2.2695129442179165	-1.2930093132243783	-1.3552061314342039
187	0.05001309965076244	2.271841606536499	-1.300916228445619	-1.3615519419775568
188	0.037114003161611286	2.27415784926368	-1.4304621995926488	-1.3678639080371342
189	0.09235515124424022	2.2764618041732443	-1.0345388761354133	-1.3741423887081412
190	0.03608658805266364	2.278753600952829	-1.4426541780665478	-1.380387737400846
191	0.07008723991265799	2.2810333672477277	-1.1543610425175908	-1.3866003019599509
192	0.003866990209613932	2.2833012287035497	-2.412626927465602	-1.3927804247808417
193	0.04374140552797929	2.285557309007774	-1.3591072660345875	-1.3989284429228244
194	0.0026304657890712816	2.287801729930226	-2.5799673421139917	-1.4050446882194318
195	0.0325402300384383	2.290034611362518	-1.4875793812064357	-1.4111294873858995
196	0.01743174464709987	2.292256071356476	-1.7586591445772966	-1.417183162123882
197	0.09349364259674885	2.294466226161593	-1.0292179193843822	-1.4232060292235182
198	0.00903959817304037	2.296665190261531	-2.043850874293427	-1.4291984006629015
199	0.0032384142936906775	2.298853076409707	-2.489667592286094	-1.435160583705053
200	0.023641518092486474	2.3010299956639813	-1.6263246395495954	-1.4410928809924552
201	0.01248974345814584	2.303196057420489	-1.903446482030658	-1.44699559063924
203	0.009115006164438794	2.307496037913213	-2.0402430332974473	-1.458713417362846
204	0.018010260890135174	2.3096301674258988	-1.7444799961018742	-1.4645291088241672
205	1.8298813106272268e-05	2.311753861055754	-4.73757707847247	-1.47031636158282
206	0.029608374938560188	2.3138672203691533	-1.528585428294033	-1.4760754524161461
207	0.021655749215436258	2.315970345456918	-1.6644267865588844	-1.4818066540804784
208	0.03785260717788201	2.3180633349627615	-1.4219042021884152	-1.4875102353886493
209	0.020302465698478378	2.3201462861110542	-1.692451214588521	-1.4931864612856574
210	0.02479152370644251	2.322219294733919	-1.6056967803332614	-1.4988355929225046
212	0.08204536316662805	2.326335860928751	-1.0859459582799913	-1.5100535994806545
214	0.047609440598430995	2.330413773349191	-1.322306921370309	-1.5211662710887248
216	0.04464242395469733	2.3344537511509307	-1.3502522324941033	-1.532175567509512
217	0.023268794761631403	2.3364597338485296	-1.6332261109946822	-1.5376420475786166
220	0.01087840388689099	2.342422680822206	-1.9634348209950299	-1.5538916048772657
221	0.010415041348104222	2.3443922736851106	-1.9823390015474542	-1.5592589194319748
224	0.01667500332952558	2.3502480183341627	-1.777934070695105	-1.5752163409252544
225	0.008605871029935451	2.3521825181113627	-2.065205166667019	-1.5804880237211272
226	0.010921275633600867	2.3541084391474008	-1.961726631935479	-1.585736328689447
229	0.03361144256729343	2.359835482339888	-1.4735128476742065	-1.6013430273434812
230	0.0006644777847194382	2.361727836017593	-3.177519534111827	-1.6064998582948427
232	0.009200928381962873	2.3654879848909	-2.036168349739041	-1.6167465961642176
233	0.0013059669945282896	2.367355921026019	-2.884067798769495	-1.6218368871548678
234	0.017461136887236113	2.369215857410143	-1.7579274829798697	-1.6269053781173213
235	0.046949474886805995	2.3710678622717363	-1.328369260800168	-1.6319522549801686
237	0.020739590043837013	2.374748346010104	-1.6831998324917732	-1.6419818983188348
238	0.008021045675643004	2.376576957056512	-2.095769010573868	-1.6469650249685799
245	0.02889366272824918	2.3891660843645326	-1.5391974009789349	-1.6812715090669181
250	0.0033520143197784784	2.3979400086720375	-2.47469413473523	-1.7051812279354905
258	0.06847242021955002	2.41161970596323	-1.164484321330585	-1.7424596115841622
260	0.07128769138802586	2.4149733479708178	-1.146985449442932	-1.7515985823316838
261	0.023201962630475276	2.416640507338281	-1.6344752770257256	-1.7561417388928886
264	0.0028089685949355928	2.4216039268698313	-2.5514531163065812	-1.7696674956086875
266	0.00736594258492573	2.424881636631067	-2.132771670649055	-1.7785995442766804
272	5.1501085908139496e-05	2.4345689040341987	-4.288183613697821	-1.8049982037699523
273	0.0019090011232492524	2.436162647040756	-2.7191938160689793	-1.809341294261734
274	0.05712582424269536	2.437750562820388	-1.2431675206381216	-1.8136685050453387
279	0.0006142579830088991	2.4456042032735974	-3.211649190640824	-1.8350703691086592
280	0.039015368797036966	2.4471580313422194	-1.4087642835129957	-1.8393046878682906
281	0.09527283537378683	2.44870631990508	-1.021030909739203	-1.8435239109853336
282	0.045079452578298956	2.450249108319361	-1.3460213664428686	-1.8477281457115895
287	0.051963501183173506	2.4578818967339924	-1.284301594833309	-1.8685281684586554
289	0.02318874251192237	2.4608978427565478	-1.6347228018122288	-1.8767468878132778
300	0.040617830655286125	2.4771212547196626	-1.3912832754067712	-1.9209571186669123
305	0.03394988455119479	2.484299839346786	-1.4691616982277886	-1.940519395966473
308	0.03281075959498679	2.4885507165004443	-1.4839837152374624	-1.9521034117531002
310	0.0317377390354809	2.4913616938342726	-1.4984240151800756	-1.9597635733230234
311	0.05250722581359105	2.4927603890268375	-1.2797809267839086	-1.9635751412902147
315	0.03864070703357095	2.4983105537896004	-1.4129549356217326	-1.9786998305969608
317	0.01133000652314455	2.5010592622177517	-1.945769840095573	-1.9861903038977795
318	0.01479287330368629	2.5024271199844326	-1.8299474623291059	-1.9899178371551107
343	0.02810903494267444	2.5352941200427703	-1.5511540646119069	-2.0794833159427517
400	0.0831090623717643	2.6020599913279625	-1.080351617329461	-2.2614262136126966
437	0.03389006566327589	2.640481436970422	-1.469927589699926	-2.3661280473234747
560	0.2982826360629737	2.7481880270062002	-0.5253720275012441	-2.65963802048853
