> n=5000 m=5 07/06/2021 11:11:59
2.2222 2.2222 2.2778 1.8163 1.8776 1.898 1.5781 1.6094 1.6094 1.3704 1.3951 1.3951 1.4198 1.23 1.25 1.25 1.27 1.27 1.28 1.29 1.1157 1.1322 1.1488 1.1488 1.157 1.0069 1.0347 0.9172 0.9231 0.8316 0.8316 0.8316 0.8367 0.8418 0.8418 0.8418 0.7689 0.7733 0.7778 0.7822 0.7867 0.7956 0.8 0.8089 0.8222 0.8267 0.7539 0.7617 0.7617 0.7617 0.7656 0.7773 0.7773 0.7812 0.7891 0.8008 0.7405 0.7405 0.7509 0.7543 0.7543 0.7578 0.7612 0.7612 0.7785 0.782 0.7191 0.662 0.6676 0.6275 0.63 0.63 0.6425 0.6475 0.6525 0.6525 0.6525 0.6525 0.6525 0.6575
6.92 7.04 7.2 7.36 7.36 7.36 7.36 7.44 7.44 7.72 7.84 8.04 8.28 8.32 8.52 8.64 8.76 8.84 8.88 9.0 9.12 9.36 9.44 9.52 9.64 9.76 9.88 9.92 10.08 10.28 10.32 10.4 10.48 7.6111 5.7959 5.8776 5.898 5.9796 3.7901 3.8272 3.8519 3.8642 3.8765 3.9753 3.9877 4.0123 4.0247 4.0494 4.0864 4.1111 4.1605 4.1728 4.2222 4.2716 4.3086 4.3457 4.3704 4.4198 4.4321 4.4691 3.69 3.69 3.69 3.7 3.72 3.72 3.75 3.75 3.77 3.78 3.81 3.84 3.88 3.88 3.91 3.91 3.91 3.93 3.94 3.97
3.2778 3.3333 3.3889 2.6122 2.6735 2.7551 2.7959 2.8367 2.8571 2.8776 2.898 3.0 3.0612 3.102 3.1429 3.1633 3.1837 3.2041 3.2449 3.3265 3.3469 3.3673 2.2346 2.2593 2.2963 1.92 1.94 1.96 2.0 2.01 2.03 2.03 1.7521 1.7686 1.7851 1.8017 1.8264 1.8347 1.8512 1.8678 1.8843 1.4201 1.426 1.432 1.432 1.432 1.432 1.4497 1.4497 1.4497 1.4793 1.4793 1.497 1.497 1.5089 1.3418 1.3469 1.3571 1.3673 1.3776 1.3929 1.398 1.398 1.4235 1.4388 1.4388 1.4592 1.4592 1.4694 1.4694 1.4745 1.4745 1.4847 1.5 1.5051 1.5051 1.5153 1.5153 1.5153 1.5255
1.8889 1.9444 2.0278 2.1111 1.6939 1.7551 1.8163 1.8163 1.8571 1.8571 1.898 1.9388 1.9388 1.625 1.6719 1.6875 1.7188 1.5062 1.5309 1.5309 1.5432 1.5556 1.5802 1.5802 1.5802 1.5926 1.5926 1.37 1.38 1.4 1.4 1.43 1.44 1.44 1.44 1.46 1.46 1.281 1.2893 1.3058 1.3058 1.3058 1.3306 1.3471 1.3554 1.3636 1.3884 1.3884 1.3884 1.3884 1.3884 1.3967 1.405 1.4132 1.4298 1.438 1.4711 1.4793 1.4793 1.4793 1.4793 1.4876 1.4959 1.5041 1.5041 1.5041 1.5041 1.5124 1.5207 1.5207 1.5207 1.5207 1.5207 1.5207 1.5372 1.3264 1.3264 1.3264 1.3264 1.3333
2.04 1.6667 1.75 1.7778 1.8611 1.8889 1.8889 1.9722 1.6122 1.6122 1.6531 1.6531 1.6735 1.6939 1.7143 1.7551 1.7551 1.4531 1.4688 1.5 1.2716 1.2963 1.321 1.3457 1.3704 1.3704 1.3704 1.3704 1.3951 1.3951 1.4074 1.4321 1.4444 1.4691 1.4938 1.5062 1.5556 1.5679 1.5679 1.5679 1.5679 1.5679 1.5679 1.5679 1.5679 1.5802 1.5802 1.6049 1.6049 1.6173 1.6296 1.6296 1.642 1.6543 1.6543 1.6667 1.6914 1.6914 1.6914 1.716 1.716 1.7284 1.7284 1.7284 1.7284 1.7284 1.7407 1.7407 1.5 1.51 1.51 1.52 1.54 1.55 1.57 1.59 1.59 1.59 1.6 1.6
2.12 2.12 2.16 2.16 2.2 2.24 2.28 2.28 2.28 2.28 2.32 2.36 2.36 2.4 2.4 2.4 2.4 2.48 2.48 2.52 2.52 2.56 2.6 2.6 2.6 2.68 2.72 2.72 2.8 2.8 2.8 2.8 2.84 2.84 2.88 2.88 2.88 2.88 2.88 2.96 3.0 3.08 3.08 3.08 3.12 2.4444 2.4444 2.4722 2.5278 2.5833 2.5833 2.5833 2.6667 2.6667 2.6667 2.6944 2.7222 2.7222 2.7778 2.8056 2.8056 2.8333 2.8333 2.8333 2.8611 2.8889 2.8889 2.8889 3.0278 3.0278 3.0556 3.0833 3.1111 3.1111 3.1389 3.1389 3.1667 3.1667 3.1667 3.1944
4.6 4.64 4.72 4.88 5.04 2.8776 2.9388 2.9796 3.0204 3.1224 3.1837 2.625 2.6562 2.6875 2.2222 2.2593 2.2593 2.3086 2.358 2.3827 2.3827 2.4074 2.4074 2.4074 2.4321 2.4815 2.5309 2.5309 2.5556 2.5802 2.6173 2.6667 2.679 2.6914 2.26 2.26 2.29 2.29 1.9504 1.9587 1.9669 1.9752 2.0165 2.0331 2.0331 2.0413 2.0579 2.0661 2.0826 2.1074 2.124 2.124 2.124 2.124 2.124 2.1405 2.1736 2.1736 2.1818 2.2149 2.2231 2.2397 2.2479 2.2479 2.2727 2.281 2.2893 2.2975 1.9792 1.9931 2.0069 2.0139 2.0278 2.0347 2.0486 2.0556 2.0556 2.0625 2.0625 2.0833
4.64 4.8 5.0 5.0 5.12 5.2 5.4 4.0 4.0 4.1667 4.1944 4.25 4.3056 4.4167 3.449 3.4694 3.4898 2.8438 2.9062 2.9219 2.9219 2.4691 2.5062 2.5062 2.13 2.15 2.15 2.16 2.18 2.19 2.22 2.23 2.25 2.25 2.29 2.33 2.33 2.33 2.36 2.36 2.38 2.39 2.39 2.4 2.43 2.0744 2.0826 2.0909 2.1074 2.1074 2.124 2.1405 2.1488 2.157 2.1653 2.1818 2.1818 2.1901 2.1901 2.1901 2.1901 2.2149 2.2149 2.2314 2.2562 2.2562 2.2727 2.281 2.314 2.314 2.0278 2.0278 2.0417 2.0625 2.0694 2.0694 2.0694 2.0694 2.0833 2.0903
2.4 2.56 2.0278 2.0556 2.0556 2.0556 2.1111 2.1111 2.1389 2.1667 2.1944 1.7551 1.7551 1.7755 1.7755 1.7755 1.8367 1.8367 1.8367 1.8571 1.3457 1.358 1.358 1.4074 1.22 1.0744 1.0744 1.0909 1.0909 1.0992 0.9653 0.9722 0.9861 0.9861 0.9861 0.8757 0.8876 0.8935 0.8994 0.8994 0.8994 0.8994 0.9053 0.9112 0.9112 0.9172 0.9172 0.9231 0.9231 0.9349 0.9349 0.9467 0.9527 0.9527 0.9527 0.9586 0.9645 0.9645 0.8776 0.8776 0.8776 0.8776 0.8776 0.8878 0.8878 0.8878 0.8878 0.8878 0.8878 0.8929 0.8929 0.9031 0.9082 0.9133 0.9133 0.9133 0.8222 0.8222 0.8267 0.8267
1.8333 1.8889 1.2969 1.3281 1.3906 1.2222 1.2593 1.284 1.358 1.16 1.17 1.19 1.21 1.21 1.23 1.27 1.29 1.32 1.36 1.36 1.4 1.4 1.4 1.44 1.2479 1.2562 1.2727 1.2727 1.2893 1.2975 1.2975 1.3058 1.3058 1.314 1.3388 1.3388 1.3471 1.3554 1.3554 1.3719 1.1875 1.1944 1.2014 1.2014 1.0769 0.9796 0.9847 0.9898 0.9898 0.9898 1.0 1.0 1.0 1.0051 1.0204 1.0408 1.0408 1.051 1.051 1.051 0.9467 0.9556 0.96 0.9689 0.9822 0.9822 0.9911 0.9956 0.9102 0.9102 0.9258 0.9336 0.9336 0.9336 0.9336 0.9375 0.9375 0.9414 0.9453 0.9492
3.28 3.44 3.48 2.5833 2.6944 2.6944 2.1633 1.8125 1.8281 1.8906 1.5926 1.6173 1.6296 1.6543 1.679 1.716 1.7284 1.7531 1.48 1.281 1.2893 1.2893 1.2893 1.3058 1.3223 1.3388 1.071 1.0769 0.9847 0.9847 0.9949 0.9949 1.0102 1.0153 1.0357 1.051 1.0663 1.0867 1.0918 0.9822 1.0 1.0178 1.0222 1.0356 1.0444 1.0444 1.0578 1.0667 1.08 1.08 1.08 1.08 0.9844 0.9961 1.0 1.0039 1.0117 1.0117 1.0195 1.0195 1.0312 1.0352 1.043 0.955 0.9689 0.9723 0.8981 0.8981 0.9012 0.9043 0.9105 0.9105 0.9105 0.9136 0.9198 0.9198 0.9259 0.9383 0.9383 0.9475
2.36 2.52 1.9167 1.9444 1.9722 2.0833 2.0833 2.1111 2.1389 2.1944 2.1944 2.3056 2.3056 2.3333 1.8163 1.8776 1.9184 1.9592 2.0204 2.0408 2.0408 2.1837 2.2041 2.2449 2.3061 2.3061 1.5679 1.5802 1.6049 1.6173 1.6543 1.6543 1.6543 1.6667 1.6667 1.6667 1.6667 1.6914 1.43 1.2479 1.2479 1.2479 1.2479 1.2479 1.2562 1.2727 1.2975 1.2975 1.3058 1.314 1.314 1.314 1.314 1.3554 1.3554 1.3719 1.3719 1.3802 1.3802 1.3802 1.3802 1.3802 1.3967 1.405 1.405 1.4132 1.4132 1.4215 1.438 1.4463 1.4545 1.4545 1.4628 1.4711 1.4793 1.4793 1.4793 1.4959 1.5041 1.5041
4.28 4.32 4.36 4.44 4.56 4.56 4.6 4.72 4.88 4.96 5.08 5.08 5.2 5.24 5.36 5.44 5.52 5.56 5.68 5.76 5.84 5.96 6.0 6.12 6.16 6.24 6.28 6.44 6.56 6.56 6.68 6.72 6.84 6.88 6.88 6.96 6.96 6.96 7.08 7.12 7.16 7.24 7.28 7.32 7.32 7.36 7.4 5.3333 4.0408 4.0408 4.0816 4.1224 4.1429 4.1429 4.2041 4.2449 4.3061 4.3265 4.3673 4.3878 4.4286 4.449 4.4694 4.4694 4.4898 4.4898 4.5306 4.551 4.5918 3.6562 3.6719 3.6719 3.6719 3.7031 3.7188 3.7344 3.7656 3.8281 3.8438 3.8594
8.44 8.56 6.25 6.3333 6.6111 6.8611 6.9444 6.9722 7.0278 7.1111 7.25 7.3611 7.4167 7.6111 7.6667 7.8611 5.9796 6.0204 6.0816 6.1429 6.1633 6.2449 6.3469 6.449 6.551 6.5918 6.6939 6.7551 6.8367 6.8367 6.9388 6.9796 7.0816 7.102 7.1633 7.2449 7.4082 5.7969 5.8281 5.8438 5.8906 5.9688 6.0156 6.0781 6.0938 6.1094 6.1406 6.1719 6.2344 6.3125 6.3438 6.375 6.4219 6.4688 6.5 6.5312 6.5781 6.625 6.6562 6.7031 6.7812 6.8125 6.9062 7.0625 7.1406 7.1719 7.2031 7.2188 7.25 7.2969 7.3125 7.3438 7.3594 7.4062 5.9506 5.963 5.9753 5.9877 6.0617 6.0864
7.04 7.16 7.24 7.44 7.6 7.76 7.92 8.04 8.16 8.36 8.44 8.6 8.72 8.8 8.96 9.04 9.04 9.12 9.48 9.6 9.8 9.92 10.04 10.2 10.32 10.4 10.4 10.44 10.72 10.76 10.88 10.92 10.96 11.04 11.12 11.12 11.12 11.2 11.28 11.4 11.56 11.6 11.64 11.64 11.76 11.88 12.0 12.08 12.2 12.28 12.36 12.36 12.56 12.72 12.72 12.72 12.8 12.92 12.92 12.96 13.0 13.08 13.2 13.24 13.4 13.4 13.44 13.52 13.56 13.68 13.76 13.84 13.92 13.92 13.92 13.96 14.08 14.2 14.32 14.32
3.04 3.16 3.36 3.4 3.48 3.52 3.56 3.68 3.76 3.84 3.96 3.96 4.08 4.12 4.2 4.32 4.36 4.44 4.44 4.44 4.44 4.44 4.44 4.44 4.44 4.52 4.52 4.56 4.6 4.64 4.64 4.72 4.76 4.8 4.92 5.08 5.12 5.2 5.2 5.24 5.32 5.32 5.36 5.4 5.4 5.44 5.44 5.48 5.48 5.52 5.56 5.64 5.72 5.8 5.84 5.88 5.92 5.96 6.0 6.04 6.2 6.2 6.32 6.32 6.4 6.4 4.6667 4.6667 3.5714 3.5714 3.5714 3.5918 3.6122 3.6939 3.7143 3.7143 3.7755 3.0156 3.0312 3.0469
2.68 2.72 2.72 2.8 2.88 2.88 2.88 2.92 2.92 3.0 3.0 3.08 3.12 3.16 3.2 3.2 3.2 2.3889 2.3889 2.4167 2.4167 1.9388 1.9388 1.9592 1.9796 2.0 1.6094 1.6094 1.6094 1.625 1.6562 1.7031 1.7188 1.75 1.75 1.7656 1.7969 1.8125 1.8281 1.8281 1.8438 1.875 1.875 1.875 1.5432 1.5432 1.5556 1.5802 1.5802 1.5926 1.6049 1.6049 1.6049 1.39 1.4 1.41 1.41 1.41 1.41 1.41 1.2397 1.2397 1.2479 1.2479 1.2479 1.2479 1.2479 1.2562 1.2562 1.2562 1.281 1.281 1.2893 1.2975 1.314 1.314 1.314 1.3223 1.3306 1.3306
2.24 2.28 2.36 1.8333 1.9167 1.9722 1.5918 1.6122 1.3281 1.1975 1.1975 1.1975 1.1975 1.1975 1.2099 1.06 0.9339 0.9587 0.9587 0.9752 0.9752 0.9835 0.9917 1.0083 1.0165 1.0248 1.0331 1.0661 1.1074 1.1157 1.1322 1.1322 1.1488 1.1488 1.1653 1.2149 1.2231 1.2314 1.0972 1.1042 1.125 1.125 1.1389 1.0178 1.0178 1.0237 1.0355 1.0355 1.0473 1.0533 1.0592 1.0769 1.0888 1.0888 1.1006 1.1006 1.1065 1.1243 1.1243 1.1302 1.1302 1.1302 1.1361 1.142 1.142 1.142 1.1598 1.1598 1.1775 1.1775 1.1953 1.2012 1.2071 1.2071 1.2071 1.2071 1.2071 1.213 1.0714 1.0816
4.56 4.64 4.68 4.76 4.96 5.04 5.12 5.16 5.36 5.44 5.52 5.64 5.76 5.84 5.88 5.92 6.0 6.08 6.16 6.28 4.5278 4.5278 4.5833 4.6667 4.7778 4.8889 4.9444 5.0 5.0 5.0 5.0278 5.0556 5.1667 5.2222 5.2778 3.1562 3.2188 3.2812 3.3281 3.375 3.4062 3.4844 3.5469 3.5781 2.45 2.45 2.46 2.0909 2.0992 2.1157 2.1405 2.157 2.2066 2.2149 2.2314 2.2479 2.281 2.3058 1.7337 1.7396 1.7456 1.7633 1.7692 1.7988 1.7988 1.8047 1.5816 1.5816 1.602 1.6071 1.6173 1.6378 1.4578 1.4578 1.4622 1.4622 1.4711 1.3281 1.332 1.3398
6.76 5.0278 5.1111 3.9388 3.1719 3.2344 2.6667 2.7037 2.7407 2.7654 2.8148 2.8272 2.8765 2.0826 2.1157 2.124 2.1405 2.1818 2.2066 2.2314 2.2975 2.3554 2.3884 2.4132 2.4463 2.4711 2.5041 2.5372 2.562 2.562 2.5868 2.6198 2.6364 2.6942 2.7355 2.3472 2.375 2.3958 2.4375 2.4514 2.4583 2.4722 2.4861 2.5 2.5069 2.5347 2.5694 2.5833 2.5972 2.6181 2.6458 2.6944 2.7083 2.7153 2.7361 2.7639 2.7639 2.7917 2.7986 2.8333 2.8611 2.8681 2.8681 2.875 2.9028 2.9167 2.9167 2.9167 2.9306 2.9444 2.9653 2.9722 3.0069 3.0278 3.0278 3.0556 3.0764 3.1042 3.1181 3.1319
> n=5000 m=5 07/06/2021 11:19:40
7.68 7.76 7.96 8.2 4.5306 4.5918 4.6735 4.8163 4.9184 3.9375 4.0625 4.125 3.3333 3.3457 3.3827 3.4444 3.4568 3.5185 3.5556 3.6049 3.6914 3.7407 2.6364 2.6529 2.6777 2.6942 2.7273 2.7769 2.7934 2.8099 2.8347 2.8595 2.8678 2.8843 2.9008 2.9174 2.9339 2.9587 2.9669 3.0165 3.0413 3.0744 3.0909 3.1157 3.1322 3.1901 3.2231 3.2562 3.281 3.3719 3.3967 3.405 3.4215 3.438 3.4793 3.4876 3.5124 3.5455 3.5702 3.595 3.6033 3.6446 3.6777 3.6942 3.719 3.7355 3.7603 3.7934 3.8182 3.8347 3.8512 3.876 3.8926 3.9008 3.9091 3.9669 3.9669 3.9752 3.9752 4.0
7.04 7.08 7.28 7.48 7.64 7.92 8.08 8.44 8.68 8.76 8.92 9.04 9.24 9.44 9.48 9.6 9.64 9.68 9.8 9.92 10.04 10.2 10.28 10.44 10.64 10.72 10.96 11.04 11.24 11.52 11.56 11.72 11.76 12.0 12.12 12.2 12.28 12.32 8.9167 9.0 9.0556 9.1944 9.25 9.3333 9.3889 9.4722 7.1224 7.1224 7.2653 7.2857 7.2857 7.2857 7.3469 7.3673 7.449 7.4898 7.5306 7.6122 7.6735 7.7551 7.8163 7.8571 7.9388 7.9592 8.0 8.0408 8.1429 8.1837 8.2653 8.3061 8.3878 8.4286 8.5102 8.5918 8.6122 8.6531 8.6939 8.7551 8.7755 8.8776
5.0556 3.8776 3.898 3.1719 3.2812 2.7654 2.8519 2.9259 2.9753 3.0617 3.0864 3.1235 3.2099 2.68 2.69 2.71 2.76 2.82 2.83 2.88 2.92 2.94 2.95 2.98 3.02 3.07 3.1 3.11 3.12 3.13 3.15 3.18 3.2 3.26 3.29 3.3 3.34 3.35 3.37 3.42 3.43 3.47 3.48 3.52 3.52 3.58 3.64 3.66 3.68 3.71 3.72 3.74 3.77 3.79 3.81 3.85 3.87 3.89 3.92 3.93 3.93 3.94 3.96 3.97 3.3471 2.8611 2.8681 2.8681 2.8819 2.8819 2.8958 2.5089 2.5207 2.5444 2.5621 2.5621 2.5799 2.6036 2.6213 2.645
7.92 8.04 8.32 8.48 8.72 9.08 9.44 9.56 9.76 9.88 9.88 7.0833 5.3673 5.4898 5.5714 5.6735 5.7347 5.7347 5.7755 5.8367 5.8571 5.9592 6.0 6.0612 6.1224 6.1633 6.2449 6.3061 6.3878 6.4082 6.4082 6.4898 6.551 6.6327 6.6735 6.7143 6.8163 6.8571 6.898 6.9592 7.0816 7.1429 7.2041 7.2449 7.3061 7.3265 7.3878 7.5102 7.5714 7.5714 7.6327 7.6939 7.6939 7.7143 7.7755 7.8163 7.898 7.9184 8.0 8.0816 8.1633 8.2449 8.2857 8.3265 8.3673 8.449 8.5714 8.6327 8.6531 8.7347 8.7551 8.8163 8.898 8.9184 8.9388 8.9592 9.0408 9.0408 9.0816 9.1224
2.2 2.2 2.24 2.32 2.44 2.56 2.0278 1.6327 1.6327 1.6327 1.6531 1.6939 1.4219 1.4531 1.4844 1.5 1.5156 1.5469 1.5625 1.5781 1.6094 1.625 1.625 1.6406 1.6719 1.4321 1.4444 1.22 1.24 1.25 1.25 1.27 1.27 1.27 1.28 1.29 1.33 1.34 1.37 1.37 1.38 1.38 1.4 1.41 1.41 1.2066 1.2066 1.2066 1.2231 1.2231 1.2314 1.2314 1.2314 1.2397 1.2397 1.2479 1.2562 1.2727 1.281 1.281 1.281 1.3306 1.3306 1.3388 1.3388 1.3471 1.3554 1.3554 1.3636 1.3719 1.3884 1.405 1.405 1.4132 1.4215 1.2292 1.2361 1.2569 1.2708 1.2708
4.24 3.1667 3.25 3.3056 2.5714 2.6531 2.7347 2.7959 2.25 2.3125 2.375 2.3906 2.4531 2.5312 2.625 2.6875 2.7031 2.7656 2.7812 2.8125 2.8594 2.875 2.9219 2.9688 3.0 3.0312 3.0625 3.1094 3.1094 3.1094 3.1094 3.1406 3.1562 3.2344 3.2812 3.3281 3.3594 3.375 3.4375 3.4688 3.4688 3.4688 3.4844 3.5156 3.5469 3.5781 3.6094 3.6875 3.7344 3.75 3.75 3.7969 3.8125 3.8438 3.875 3.8906 3.9375 3.9844 3.2716 3.284 3.2963 3.2963 3.3333 3.3457 3.3951 3.4074 3.4074 3.4444 3.4938 3.4938 3.5185 3.5432 3.5926 3.6543 3.679 3.6914 3.7037 3.7407 3.7654 3.7654
3.84 4.04 4.16 4.36 4.48 4.6 4.76 4.8 4.88 4.96 5.04 5.08 5.16 5.32 5.4 5.52 5.68 5.72 5.72 5.76 5.88 5.96 6.0 6.08 6.08 6.24 6.28 6.36 6.44 6.48 6.52 6.56 6.6 6.6 6.72 6.76 6.88 6.92 6.96 7.12 7.2 7.28 7.32 7.36 7.36 7.36 7.44 7.52 7.52 7.64 7.68 7.72 7.72 7.76 7.8 7.8 7.84 7.84 5.6389 5.6667 5.6667 5.6944 5.7222 5.8611 5.8611 5.9444 6.0278 6.0556 6.0556 6.0556 6.0833 6.1111 6.1111 6.1111 6.1667 6.1667 6.1944 6.1944 6.25 6.2778
1.96 1.96 1.96 1.96 2.04 2.04 1.6111 1.6111 1.6111 1.6111 1.6111 1.3878 1.4286 1.449 1.4694 1.4694 1.4694 1.4694 1.4694 1.4898 1.5102 1.5714 1.6122 1.6122 1.6122 1.6531 1.6531 1.6531 1.6531 1.6735 1.7143 1.7347 1.7551 1.4375 1.4375 1.4375 1.4375 1.4844 1.5 1.5 1.5 1.5 1.5 1.5156 1.5156 1.5312 1.5312 1.5312 1.5312 1.5469 1.5625 1.5938 1.5938 1.5938 1.5938 1.6094 1.6094 1.3457 1.358 1.4074 1.4198 1.4198 1.4198 1.4198 1.4444 1.4568 1.4568 1.4568 1.27 1.27 1.27 1.27 1.28 1.28 1.3 1.31 1.31 1.32 1.32 1.32
5.0 3.6667 3.75 3.8611 3.9167 3.9722 4.0556 4.0833 4.1389 4.1667 3.2041 3.3061 3.3469 3.449 3.5102 3.5714 3.6531 3.7551 3.8367 3.898 3.9388 3.9796 3.1562 3.1562 2.5802 2.5802 2.6049 2.6049 2.642 2.7037 2.7284 2.7407 2.7531 2.7654 2.7901 2.7901 2.7901 2.8395 2.8765 2.39 2.4 2.44 2.48 2.5 2.52 2.53 2.54 2.54 2.55 2.58 2.59 2.2149 1.9306 1.9375 1.9375 1.9722 1.9931 1.7456 1.5459 1.3778 1.3867 1.3911 1.4044 1.4044 1.4133 1.4178 1.4267 1.2891 1.293 1.2969 1.3008 1.3086 1.3125 1.3125 1.3203 1.3203 1.3281 1.332 1.332 1.3438
4.12 4.12 4.2 4.24 4.32 4.4 4.56 4.6 4.68 4.68 3.4167 3.4167 3.4722 3.5 3.5556 3.6111 3.6111 3.6667 2.8776 2.9184 2.9388 3.0 3.0612 3.102 3.1429 3.1837 3.2041 3.2041 3.2653 3.3061 3.3265 3.3469 3.3673 3.3673 3.3878 2.7031 2.7344 2.7344 2.7656 2.7656 2.8125 2.8281 2.8594 2.875 2.8906 2.3951 2.4074 2.4198 2.4568 2.4568 2.4938 2.5062 2.5309 2.5432 2.5802 2.6173 2.6296 2.6543 2.6667 2.679 2.679 2.6914 2.7037 2.7284 2.7531 2.7531 2.3 2.32 2.37 2.39 2.39 2.41 2.41 2.42 2.43 2.45 2.45 2.45 2.0826 2.0992
1.8889 1.9167 2.0 2.0 2.0278 2.0556 2.0833 2.2222 2.2778 2.3611 2.3611 2.3889 2.4444 2.4444 2.4444 2.4722 1.9592 1.9796 2.0612 2.0612 2.1224 1.7344 1.7812 1.8281 1.5432 1.5432 1.5556 1.5556 1.33 1.35 1.36 1.37 1.37 1.1983 1.1983 1.1983 1.1983 1.2231 1.2314 1.2562 1.2562 1.2562 1.2562 1.2727 1.2975 1.3058 1.3058 1.314 1.1528 1.1597 1.0414 1.0533 1.0533 1.0651 1.0651 1.0651 1.071 1.0828 1.1124 1.1243 1.1538 1.1538 1.0408 1.0408 1.0408 1.0408 1.0408 1.051 1.0561 1.0612 1.0612 1.0663 1.0714 1.0714 1.0714 1.0714 1.0765 1.0765 1.0816 0.9778
5.08 5.24 5.32 5.44 5.56 5.64 5.68 5.84 5.92 6.0 6.0 6.08 6.16 6.24 4.5833 4.6111 4.6389 3.551 3.6122 3.6327 3.6735 3.6939 3.7347 3.7347 3.8163 3.0469 3.0938 3.125 3.1406 3.1406 2.5926 2.642 2.679 2.716 2.7407 2.7654 2.7778 2.8272 2.8272 2.8395 2.8519 2.9136 2.9383 2.9383 2.963 2.9753 3.0 3.0247 3.0494 3.0741 3.0988 3.0988 3.1481 3.1728 3.1852 3.2346 3.2716 3.3086 3.3457 3.358 3.4198 2.86 2.87 2.87 2.88 2.89 2.9 2.91 2.93 2.97 2.98 2.98 3.0 3.03 3.03 3.04 3.06 3.06 3.06 3.08
2.04 2.04 2.04 2.04 2.08 2.12 2.12 2.12 1.7222 1.7778 1.8056 1.9167 1.9444 2.0 2.0 2.0833 2.1111 2.1111 2.1111 1.6939 1.6939 1.7347 1.7959 1.7959 1.8163 1.8163 1.8367 1.8367 1.8367 1.8367 1.8571 1.8571 1.8571 1.5625 1.5781 1.6094 1.625 1.625 1.6406 1.6406 1.4074 1.4198 1.23 1.24 1.24 1.24 1.25 1.26 1.26 1.26 1.27 1.27 1.29 1.3 1.3 1.31 1.32 1.32 1.32 1.34 1.34 1.34 1.34 1.34 1.35 1.36 1.37 1.37 1.37 1.39 1.39 1.39 1.4 1.4 1.4 1.41 1.2314 1.2314 1.2562 1.2562
5.2 5.36 5.4 5.44 5.68 5.84 4.3056 4.3333 3.3469 3.3878 3.5306 3.5918 3.5918 3.6735 3.6939 3.8571 3.8571 3.8776 3.9796 4.0 3.2031 3.2188 2.6173 2.6296 2.6667 2.26 1.9339 1.9504 1.9669 1.9835 1.9917 2.0165 2.0496 2.0496 2.0496 1.7917 1.7917 1.8056 1.8194 1.8194 1.8264 1.8403 1.8542 1.8611 1.6272 1.4337 1.4439 1.449 1.4592 1.4643 1.4796 1.4898 1.4898 1.3378 1.207 1.2109 1.2227 1.2305 1.2344 1.2461 1.2461 1.25 1.0309 1.0309 1.034 1.0401 1.0525 1.0617 1.0679 1.0679 0.9751 0.895 0.8975 0.9 0.905 0.91 0.9125 0.915 0.915 0.925
4.48 4.6 4.76 3.5833 3.6944 3.8056 3.8889 3.9722 4.0 4.0 4.0 4.0556 4.0833 4.0833 4.1944 4.3333 4.3611 4.3889 4.4167 4.5278 4.5556 2.7656 2.7969 2.8125 2.8281 2.8438 2.9062 3.0 3.0312 3.0781 2.5556 2.642 2.2 2.22 2.24 2.27 2.27 2.28 2.28 2.3 2.32 2.32 2.34 2.35 2.38 2.4 2.42 2.46 2.1074 1.8472 1.8542 1.8681 1.6272 1.6331 1.4643 1.4694 1.3111 1.3378 1.3378 1.3467 1.3511 1.36 1.36 1.36 1.36 1.3644 1.3733 1.3822 1.3867 1.3911 1.3911 1.3956 1.2539 1.2617 1.2617 1.2734 1.2734 1.2734 1.1626 1.0741
3.0 3.04 3.08 3.12 3.12 3.2 2.3611 2.4167 2.4167 2.4444 2.5 2.5278 2.5556 2.6111 2.6111 2.6389 2.6389 2.6389 2.6944 2.7222 2.7778 2.8333 2.8333 2.8611 2.8889 2.9444 2.3265 2.3469 2.3469 2.4082 2.4286 2.4286 2.449 2.5102 2.5102 2.5714 2.6122 2.6531 2.6531 2.6735 2.6939 2.7143 1.8272 1.8272 1.8272 1.8395 1.8642 1.8765 1.9012 1.9012 1.9259 1.9259 1.9383 1.65 1.65 1.65 1.65 1.65 1.68 1.69 1.69 1.69 1.69 1.69 1.7 1.4463 1.4463 1.4545 1.4545 1.4545 1.4628 1.4876 1.5207 1.5207 1.3403 1.3472 1.3611 1.3611 1.3611 1.3611
7.36 7.68 7.88 8.12 8.24 8.44 8.68 8.8 8.96 9.28 9.56 9.64 9.88 10.0 7.1944 7.25 7.3056 7.4167 5.6735 5.7551 5.7755 5.8163 5.8776 5.9388 5.9592 5.9796 6.0408 6.0408 6.102 6.1633 6.2245 6.3673 6.3878 6.4898 6.5918 6.6327 6.6939 6.7347 6.8367 6.9592 7.0612 7.2041 7.2449 7.2653 7.3061 7.3265 7.3878 7.3878 7.4286 7.449 7.5102 5.8906 6.0 6.0312 6.0312 6.1094 6.1406 4.9877 5.0123 5.0617 5.0864 5.1111 5.1481 5.1728 5.2346 5.2469 5.2716 5.321 4.41 4.44 4.46 4.47 4.48 4.51 4.54 4.55 4.57 4.59 4.61 4.63
6.92 7.28 7.44 7.56 4.2857 4.449 4.4898 4.5306 4.7347 4.7959 4.8571 4.898 4.898 4.9592 3.9531 4.0 4.0938 4.125 4.1562 4.1875 4.2188 4.2812 4.3438 3.5802 3.6667 3.6914 3.7284 3.09 3.12 3.16 3.2 2.7355 2.7769 2.7851 2.7934 2.7934 2.8182 2.8264 2.8347 2.8347 2.4653 2.4861 2.5 2.5208 2.5278 2.5486 2.5556 2.5764 2.5972 2.6111 2.6111 2.6181 2.625 2.6528 2.6736 2.6944 2.7083 2.7222 2.7292 2.7361 2.75 2.75 2.7639 2.7639 2.7708 2.7778 2.8056 2.8125 2.8264 2.8264 2.8333 2.8403 2.8611 2.8611 2.8611 2.875 2.8889 2.9028 2.9306 2.5858
6.6 6.76 6.84 4.9444 5.0278 3.8163 3.0781 3.1406 3.1562 2.6296 2.6914 2.7284 2.7778 2.8519 2.8889 2.9136 2.43 2.46 2.48 2.51 2.52 2.54 2.54 2.56 2.57 2.6 2.64 2.66 2.67 2.7 2.281 2.2975 2.3223 2.3306 2.0208 2.0278 2.0417 2.0417 2.0764 2.0833 2.1042 2.1181 2.1319 2.1319 2.1597 2.1597 2.1667 2.1875 1.9112 1.9408 1.9467 1.7194 1.7347 1.7551 1.7704 1.7857 1.7857 1.8112 1.8265 1.8265 1.8367 1.852 1.8827 1.8878 1.898 1.6933 1.7022 1.7111 1.7156 1.72 1.7244 1.7378 1.76 1.5859 1.5938 1.5977 1.6172 1.6289 1.6289 1.6367
1.2778 1.3056 1.3056 1.4167 1.4167 1.4167 1.4167 1.4722 1.4722 1.4722 1.5 1.6111 1.6111 1.125 1.1406 1.1719 1.2188 1.2344 1.2344 1.2656 1.2656 1.2656 1.2656 1.2812 1.1111 1.1358 0.99 1.0 1.0 1.01 1.02 1.03 1.04 0.9421 0.9421 0.9587 0.9587 0.9587 0.9669 0.9669 0.9669 0.9669 0.9669 0.9669 0.9752 0.9752 0.8611 0.8611 0.8611 0.8681 0.8681 0.875 0.875 0.8889 0.8889 0.8889 0.8889 0.9028 0.9097 0.9097 0.9167 0.9167 0.9583 0.9792 0.9861 0.8163 0.8163 0.8163 0.8367 0.8418 0.8418 0.8469 0.7778 0.7822 0.7188 0.7188 0.7227 0.7266 0.7266 0.7305
> n=5000 m=5 07/06/2021 11:25:51
2.32 2.36 1.9444 1.9722 2.0 2.0833 2.0833 1.7347 1.4531 1.2346 1.2346 1.2346 1.2593 1.3086 1.321 1.13 1.0 1.0 1.0083 1.0248 1.0331 1.0496 1.0496 1.0579 1.0579 1.0826 1.0992 1.0992 1.1074 1.1157 1.1157 1.124 1.124 1.157 1.1653 1.1653 1.1653 1.1653 1.1736 1.2149 1.2231 1.2479 1.2479 1.2479 1.2645 1.2727 1.125 1.1458 1.1597 1.1736 1.1736 1.1944 1.2014 1.2153 1.2222 1.2222 1.2431 1.1006 1.1006 1.1006 1.1006 0.9949 0.9949 1.0 1.0 1.0 1.0102 1.0153 1.0255 1.0306 1.0306 1.0357 1.0408 1.0459 1.0459 1.0612 1.0612 1.0663 1.0765 0.96
5.68 4.1944 4.3056 4.3611 4.4444 4.5833 4.7778 4.8611 4.9444 5.1944 5.3056 5.3611 5.4167 4.1633 4.2041 4.2857 3.4844 3.5156 3.5938 3.6094 3.6562 3.6875 3.7188 3.7188 3.7344 3.7656 3.7969 3.875 3.8906 3.8906 3.9219 3.9375 4.0 4.0625 4.0781 4.1094 4.1562 4.2031 4.2812 4.3594 4.375 4.375 4.4062 4.4844 4.5156 4.5156 4.5625 4.5625 4.5625 4.5781 4.6094 4.7031 4.75 4.7969 4.8438 4.875 4.9062 4.9531 4.9844 4.9844 4.9844 5.0 5.0312 5.0781 5.1562 5.1562 5.2031 5.2188 5.2656 5.3281 5.3906 5.4375 5.4844 5.5156 5.5469 5.5781 5.5938 4.5185 4.5432 4.5679
6.76 4.8889 5.0278 5.1389 5.25 5.3056 4.1429 4.2041 4.2653 4.3061 4.3878 4.5102 4.551 4.6122 4.7551 4.8163 4.8776 4.9184 4.9592 5.0408 5.0816 5.1429 4.0938 4.125 3.3827 3.3951 3.4444 2.87 2.89 2.92 2.96 2.99 3.01 2.5372 2.5702 2.5868 2.6033 2.6198 2.6281 2.6529 2.7107 2.0533 2.071 2.0888 2.1006 1.8724 1.8827 1.8878 1.9082 1.9235 1.9286 1.9388 1.9388 1.9439 1.9541 1.9694 1.9796 1.9949 2.0 1.7778 1.7778 1.7822 1.8 1.8044 1.8089 1.8222 1.8267 1.84 1.6602 1.668 1.6797 1.6914 1.6992 1.6992 1.7148 1.7148 1.7227 1.7266 1.7383 1.5571
4.56 4.68 4.84 5.04 5.16 5.28 5.48 5.56 5.56 5.64 5.76 5.88 5.88 4.25 4.2778 4.4444 4.4722 4.5278 4.6944 4.7778 4.8056 4.8611 4.8889 4.8889 4.9444 5.0833 5.1389 5.2222 5.25 4.0612 4.102 4.1837 4.2245 4.2449 4.2857 4.3265 4.3469 4.4082 4.449 3.5 3.5625 3.5938 3.625 3.6562 3.6719 3.6875 3.0 3.0123 3.037 3.037 3.0617 3.0864 3.0988 3.1235 3.1235 3.1358 3.1605 3.1975 3.1975 3.2222 3.2593 3.2716 3.2716 3.284 3.3086 3.358 3.3827 3.4198 3.4691 3.4938 3.4938 3.5185 3.5309 3.5432 3.5679 3.5679 3.5802 3.6049 3.6173 3.642
8.92 9.12 9.32 9.6 9.8 9.96 10.12 10.24 10.36 10.56 10.68 10.72 10.8 10.88 11.08 11.28 11.6 11.72 11.88 12.0 12.28 12.4 12.68 12.8 9.0833 9.1389 9.1944 9.25 9.3333 9.5 9.5833 9.8333 9.8889 10.0 10.0833 7.6327 7.7551 7.8367 7.8776 7.9388 8.0408 8.0612 8.1429 8.2245 8.3061 8.3469 6.4844 6.5781 6.6094 6.6719 6.75 6.7969 6.8438 6.875 6.875 6.9219 6.9531 6.9531 7.0156 7.0312 5.6667 5.7037 5.7407 5.7778 5.8148 5.8395 5.9136 5.9506 5.9753 6.0 6.037 6.037 6.0617 6.0988 5.03 5.05 5.09 5.15 5.16 5.23
6.56 6.68 7.0 7.16 7.32 7.4 7.44 7.56 7.8 7.84 7.96 8.2 8.28 8.36 8.4 8.56 8.6 8.72 8.84 8.88 9.04 9.12 9.24 9.32 9.52 9.64 9.76 7.0 7.1389 7.1944 5.5102 5.6122 5.6531 5.7347 5.7755 5.8163 4.5938 4.6094 4.625 4.7031 4.7188 4.7344 4.8125 4.8438 4.8906 4.9062 4.9062 4.9375 4.9688 5.0 5.0156 5.0938 5.125 5.125 5.1562 5.1875 5.2031 5.2344 5.2969 5.3125 5.3438 5.375 5.375 5.375 5.4219 5.4844 5.5 5.5312 5.5625 5.5938 5.6406 5.6719 5.6875 5.7031 5.75 5.7969 5.8125 5.8125 5.8281 5.8594
2.0 2.04 2.08 2.16 2.16 2.28 2.36 2.44 1.8889 1.9444 1.9722 1.9722 2.0556 2.0556 1.6531 1.7551 1.7755 1.8367 1.8776 1.5312 1.5938 1.5938 1.5938 1.625 1.358 1.358 1.358 1.3827 1.3827 1.4074 1.24 1.26 1.26 1.3 1.31 1.32 1.32 1.34 1.1983 1.1983 1.1983 1.1983 1.2066 1.2066 1.0694 1.0694 1.0833 1.0903 1.0972 1.125 1.1458 1.1597 1.1597 1.1597 1.1667 1.1667 1.1736 1.1736 1.1806 1.1875 1.1944 1.1944 1.1944 1.1944 1.1944 1.2014 1.2153 1.2222 1.2361 1.25 1.25 1.25 1.2708 1.2778 1.2917 1.2917 1.2986 1.2986 1.3056 1.3125
9.72 10.04 10.24 7.4444 7.6111 7.7778 7.9722 8.25 8.4444 8.5278 8.6944 8.9444 9.0556 9.2222 9.4722 9.5 9.7222 9.8056 9.9444 10.1111 10.2778 10.3889 10.6944 10.8333 8.2041 8.3878 8.4082 8.4898 8.5714 8.5918 8.6531 8.7551 8.8571 8.9184 9.0612 9.0816 9.1837 9.2245 9.2653 9.3061 9.4286 9.5102 9.5918 7.5156 7.5781 7.6094 7.6875 7.7344 7.7969 7.8281 7.8594 7.875 7.9531 7.9844 8.0781 8.125 8.2031 8.25 6.6296 6.6914 6.7531 6.7778 6.8148 6.8272 6.8765 6.9259 6.9877 7.0123 7.0247 7.0494 7.0864 7.1235 7.1358 7.1852 7.2222 7.2469 7.2593 6.0 6.05 6.08
1.76 1.3611 1.4444 1.4722 1.4722 1.4722 1.5278 1.5278 1.5278 1.6667 1.3673 1.3673 1.3673 1.3673 1.3673 1.3673 1.3878 1.3878 1.3878 1.3878 1.3878 1.4286 1.449 1.449 1.4694 1.4694 1.4898 1.2344 1.2812 1.3438 1.3438 1.3594 1.4062 1.4062 1.4219 1.4219 1.4375 1.5 1.2593 1.2593 1.2716 1.3086 1.3086 1.3086 1.321 1.321 1.3333 1.3333 1.3333 1.3457 1.358 1.358 1.358 1.0248 1.0248 1.0413 1.0496 0.9375 0.9444 0.9514 0.9583 0.9583 0.9583 0.9583 0.9583 0.9583 0.9583 0.9792 0.9792 0.9931 0.9931 0.9931 1.0069 1.0069 1.0208 1.0208 1.0208 1.0278 1.0278 1.0278
3.36 3.44 3.44 3.44 3.56 3.64 3.72 3.8 3.92 4.08 4.08 4.12 4.16 4.16 4.28 4.36 4.4 4.44 4.48 4.6 4.68 4.84 4.96 4.96 5.0 5.0 5.04 5.16 5.24 5.32 5.32 5.32 5.36 5.36 5.36 5.4 5.4 5.44 5.44 5.44 5.48 5.48 5.56 5.56 5.56 5.64 5.72 5.72 5.72 5.8 5.88 5.92 5.96 6.04 6.08 6.12 6.16 6.24 6.28 6.36 6.36 6.36 6.44 6.44 6.44 6.44 6.44 6.56 6.56 6.56 6.6 6.68 6.68 6.72 6.76 6.8 6.8 6.84 6.88 6.88
5.04 3.6389 3.7222 3.8333 3.9167 4.0 4.0 4.0 4.0278 3.0816 2.5156 2.0988 2.1728 2.1975 1.88 1.9 1.91 1.96 2.01 2.03 2.08 2.11 2.15 2.17 2.19 2.21 2.24 2.26 2.26 2.3 2.31 2.35 2.36 2.37 2.39 2.0496 2.1157 2.1322 2.1405 2.157 2.1818 2.2066 2.2231 2.2397 2.2397 1.9514 1.9514 1.9653 1.9722 2.0 2.0069 2.0069 2.0069 2.0208 2.0278 2.0278 2.0278 2.0556 2.0694 2.0694 2.0833 1.8225 1.8284 1.8402 1.8462 1.8521 1.858 1.858 1.8639 1.8757 1.8994 1.9172 1.9349 1.9408 1.9467 1.7194 1.7296 1.7296 1.7449 1.75
8.56 6.2222 6.3889 6.4722 6.5278 6.6944 6.8056 6.8889 6.9444 7.1389 7.2222 7.2222 7.3611 7.5 7.6111 7.6944 7.8889 7.9722 8.0833 8.1111 8.2222 8.3056 8.5 8.5278 8.6111 8.7222 8.7778 8.8333 6.7347 6.7959 6.8571 6.9592 5.5 5.5469 5.625 5.6875 5.7969 5.8438 5.8906 6.0 6.0469 6.125 6.1406 4.08 4.12 4.15 4.15 4.18 4.2 4.22 4.29 4.33 4.35 4.35 4.35 4.38 4.42 4.47 4.48 4.49 4.49 4.54 4.6 4.61 4.62 4.66 4.68 4.7 4.74 4.76 4.77 4.78 4.84 4.87 4.88 4.89 4.94 4.96 4.98 5.03
3.32 3.36 3.36 2.5 2.5278 2.5556 2.0612 2.0612 2.0816 1.7031 1.4444 1.3 1.35 1.35 1.38 1.4 1.4 1.42 1.44 1.45 1.5 1.5 1.55 1.59 1.61 1.61 1.3802 1.3967 1.4215 1.2569 1.2778 1.2847 1.2986 1.3125 1.3194 1.3333 1.3403 1.3542 1.3889 1.3889 1.4097 1.4097 1.2367 1.2544 1.2544 1.2663 1.2722 1.2781 1.2899 1.2899 1.2959 1.2959 1.2959 1.3018 1.3195 1.3195 1.3491 1.3846 1.3905 1.3905 1.3964 1.3964 1.4201 1.25 1.2551 1.2602 1.2755 1.2857 1.2857 1.2857 1.2857 1.2908 1.3163 1.3265 1.3265 1.3265 1.3367 1.3469 1.3469 1.3469
4.64 3.4722 3.6667 2.8367 2.8367 2.2969 2.2969 2.3281 2.3594 2.375 2.4219 2.0247 2.037 2.0617 2.0988 2.1235 2.1728 2.1852 2.2222 1.9 1.91 1.91 1.91 1.93 1.6529 1.6529 1.6529 1.6612 1.6694 1.4444 1.4583 1.4583 1.4583 1.3018 1.3018 1.3077 1.3195 1.3254 1.3373 1.1837 1.1939 1.199 1.2041 1.2245 1.2449 1.25 1.1378 1.1556 1.0391 1.0586 1.0742 1.0898 0.9862 0.9965 1.0069 1.0138 1.0173 0.9383 0.9444 0.9475 0.9506 0.9568 0.963 0.9722 0.9877 0.9907 0.9907 0.9969 0.9969 1.0 1.0031 1.0123 1.0247 1.0278 0.9418 0.9474 0.9501 0.9501 0.9501 0.8925
7.96 8.24 8.36 8.6 8.64 8.84 6.4167 6.5556 6.6944 6.8056 6.8333 6.9444 7.0556 7.1944 7.25 7.4167 7.5 5.7143 5.7347 5.8163 5.8776 5.9184 5.9796 4.7031 4.75 4.7969 4.8906 4.9062 4.9531 4.9844 5.0156 4.0864 4.1235 4.1728 4.2099 4.2222 4.284 4.3333 4.3827 4.4444 4.4444 4.4691 4.4815 4.5556 4.5926 4.6173 3.87 3.89 3.314 3.3554 3.3636 3.3884 3.405 2.9167 2.9514 2.9722 2.9931 3.0208 3.0347 3.0347 3.0417 3.0764 3.0764 3.0833 3.0972 3.0972 3.0972 3.1181 3.1181 3.1389 3.1458 3.1667 3.1736 3.1736 3.1736 3.1736 3.2014 3.2431 2.8047 2.8107
3.88 3.96 4.12 4.24 4.24 4.24 4.32 4.4 4.48 4.64 4.64 4.68 4.88 4.96 4.96 5.0 5.04 5.08 5.08 5.08 3.8056 3.8333 3.8333 3.9167 3.9722 4.0 4.0 4.0 4.0 4.0278 4.1111 4.1667 4.1667 4.2222 4.2222 4.25 4.3333 4.3333 4.3611 4.4444 4.4722 4.5278 4.5556 4.5833 3.551 3.5714 3.6122 3.6122 3.6327 3.6735 3.6939 2.9219 2.9531 2.9688 3.0312 3.0938 3.1562 3.1719 3.1719 3.1875 3.2031 3.2344 3.2344 3.2344 3.2656 3.2812 3.3125 3.3594 3.375 3.4062 3.4219 2.8025 2.8148 2.8148 2.8148 2.8148 2.8519 2.8642 2.8642 2.8765
3.2 3.24 3.24 3.4 3.4 3.56 3.68 3.76 3.84 3.84 3.92 4.0 4.2 4.4 3.25 3.25 3.25 3.2778 3.3333 3.3611 3.5278 3.6944 3.7222 3.75 2.8776 2.898 2.898 2.9388 3.0 3.0 2.4219 2.4219 2.4219 2.0123 2.0123 2.0247 2.0494 1.73 1.75 1.76 1.76 1.79 1.81 1.85 1.85 1.85 1.87 1.9 1.94 1.96 1.96 1.96 1.98 2.02 2.04 2.04 2.06 2.07 2.09 2.12 2.15 1.8264 1.843 1.8512 1.8595 1.8678 1.876 1.8843 1.8926 1.9008 1.9256 1.9256 1.9339 1.9339 1.9339 1.9339 1.9421 1.9421 1.9421 1.9421
2.52 2.56 2.6 2.64 2.68 2.68 2.72 2.72 2.72 2.72 2.72 2.72 2.8 2.8 2.0833 2.0833 2.0833 2.0833 2.0833 2.1111 2.1389 2.1389 2.1389 2.1389 2.1389 2.1389 2.1389 2.1944 2.1944 2.1944 2.25 2.25 2.25 2.2778 2.2778 2.2778 2.3056 2.3333 2.3333 2.3333 2.4167 2.4444 2.4444 2.4444 2.4444 2.4722 2.5 2.5278 2.5278 2.5278 2.6111 2.6111 2.6111 2.6111 2.6944 2.6944 2.75 2.75 2.75 2.75 2.75 2.75 2.75 2.7778 2.8056 2.8611 2.8611 2.9444 2.9722 2.9722 2.9722 2.9722 2.9722 3.0278 3.0278 2.3673 2.3673 2.4082 2.4286 2.4286
1.9444 1.9444 1.5714 1.5714 1.5714 1.5714 1.6327 1.6327 1.6531 1.7143 1.7347 1.7755 1.7959 1.8163 1.8163 1.8367 1.8776 1.8776 1.9388 1.9388 1.9388 1.9592 2.0 2.0408 2.0612 2.0816 2.0816 2.102 2.1224 2.1224 2.1224 2.1429 2.1429 2.1633 2.2041 2.2041 1.8281 1.8281 1.8438 1.8438 1.8438 1.8594 1.8594 1.8906 1.9062 1.9062 1.9219 1.9531 2.0469 2.0938 2.0938 2.0938 2.125 2.125 2.125 2.125 2.125 2.125 2.1719 2.1719 2.1875 2.2031 2.2031 2.2031 2.2031 2.2344 2.2812 2.2812 2.2969 2.3438 2.3438 2.3438 2.3438 2.3594 2.3594 2.3594 2.3594 2.3594 2.3594 2.3594
9.24 9.64 9.88 10.08 10.4 10.56 10.72 10.92 11.12 11.36 11.48 11.68 11.8 12.04 12.28 12.6 12.8 13.04 13.24 13.48 13.52 13.76 14.04 14.32 14.36 14.4 14.44 14.52 14.72 14.88 15.04 15.2 15.56 15.72 15.96 16.16 16.32 16.48 16.56 11.8889 12.0 12.0278 12.1389 12.2222 12.3333 12.4167 12.4167 12.4444 9.3469 9.4082 9.5102 9.6122 7.4531 7.5 7.5469 7.5938 7.6562 7.6875 7.7188 7.8281 7.8906 7.9219 8.0156 8.0156 8.0625 8.0781 8.1406 8.2031 8.2344 8.2969 8.3281 8.375 8.4219 8.4688 8.4844 8.5312 8.5625 8.5938 8.6406 8.6719
> n=5000 m=5 07/06/2021 11:36:43
8.52 6.2222 6.2778 6.3611 6.5833 6.7222 6.8056 6.8611 6.9722 7.0833 7.1944 7.2778 7.4167 5.6531 5.7347 5.7755 5.898 5.9592 6.0612 6.2449 6.4082 6.4694 6.5102 5.1719 5.2188 5.2812 5.3438 5.3906 5.4531 5.4844 5.5312 4.4815 4.5679 4.642 4.6914 4.7654 4.7778 4.8272 4.8395 4.8889 4.9136 4.06 4.08 4.12 4.17 4.21 4.27 3.6033 3.6281 3.6612 3.686 3.7107 3.7107 3.7355 3.2222 3.2361 3.25 3.2639 3.2847 3.2917 3.3264 3.3472 3.3889 3.4236 3.4306 3.4514 2.9941 3.0 3.0118 3.0178 3.0473 3.0651 3.0769 3.1006 3.1243 3.1302 3.1479 3.1538 3.1657 3.1834
> n=5000 m=5 07/06/2021 11:38:34
3.8 3.92 4.0 4.0 4.12 4.16 4.28 4.28 4.44 4.44 4.56 4.68 4.68 4.72 4.76 4.88 5.0 5.08 5.16 5.2 5.32 5.36 5.44 3.9722 3.9722 4.0 4.0 4.0556 4.1667 4.1944 4.1944 4.1944 4.2222 4.2778 4.2778 4.3889 4.3889 4.3889 4.5 4.5 4.5278 4.5278 4.5556 4.5556 4.5833 4.5833 3.5714 3.5714 3.5714 3.5918 3.6735 3.7143 3.7143 3.7551 3.7551 3.7755 3.8367 3.8776 3.8776 3.9184 3.1406 3.1562 3.1719 3.1875 3.1875 3.1875 3.2031 3.2188 3.2188 3.2188 3.2344 3.2344 3.2344 3.2344 3.2812 3.2812 3.3125 3.3125 3.3281 3.3281
> n=5000 m=5 07/06/2021 11:43:37
2.16 2.16 2.28 2.32 2.36 1.8333 1.8333 1.8889 1.8889 1.8889 1.9722 1.9722 2.0 2.0833 2.0833 2.0833 2.1111 2.1111 2.1389 2.1389 2.1667 2.1944 1.7755 1.8163 1.5 1.5312 1.5312 1.5312 1.5625 1.5938 1.6094 1.6094 1.625 1.625 1.6719 1.6719 1.6719 1.6719 1.6875 1.7188 1.7656 1.7812 1.7969 1.7969 1.8125 1.8125 1.8281 1.8281 1.8594 1.8594 1.875 1.875 1.9375 1.9375 1.9375 1.9375 1.9531 1.9688 2.0 2.0469 2.0625 2.0625 2.1094 2.125 2.125 2.125 2.1719 2.25 2.2656 2.2969 2.2969 2.2969 2.2969 2.2969 2.3125 2.3438 2.3438 2.3438 2.3438 2.3438
> n=5000 m=5 07/06/2021 11:53:59
2.68 2.76 2.76 2.88 3.0 3.04 3.12 3.12 3.12 3.16 3.28 3.36 3.4 3.48 3.6 3.72 3.8 3.88 3.96 4.0 4.0 4.08 4.08 4.12 4.12 4.2 4.24 4.28 4.28 4.28 4.28 4.28 4.36 4.36 4.4 4.48 4.52 4.52 4.52 4.64 4.72 4.76 4.84 4.84 4.88 4.88 4.88 4.88 4.88 4.92 4.92 4.96 5.04 5.04 5.04 5.16 5.16 5.16 5.16 5.2 5.24 5.24 5.28 5.36 5.36 5.4 5.4 5.4 5.44 5.44 5.44 5.44 5.48 5.52 5.52 5.56 5.56 5.64 5.68 5.68
5.56 3.1837 3.2449 3.2653 3.3469 3.3878 3.449 3.4694 3.5306 2.7969 2.8594 2.875 2.9375 3.0 3.0156 3.0625 3.1094 3.1562 3.1875 3.2344 3.3125 3.3594 3.4219 3.4375 3.4375 3.4688 3.5156 3.5312 3.5469 3.5938 3.6094 3.625 3.7031 3.7031 3.75 3.0864 3.0864 3.1111 3.1358 3.1358 3.1852 3.2222 2.67 2.69 2.74 2.75 2.78 2.78 2.82 2.82 2.85 2.87 2.9 2.4545 2.4628 2.4876 2.5207 2.5372 2.562 2.5785 2.5868 2.6033 2.6281 2.6364 2.6777 2.7025 2.7107 2.7107 2.7273 2.7603 2.7934 2.7934 2.8264 2.843 2.8512 2.8678 2.9008 2.9091 2.9174 2.9339
2.04 2.04 2.04 2.04 2.08 2.08 2.08 2.12 1.6389 1.3265 1.3265 1.3469 1.3673 1.4082 1.4286 1.4898 1.2344 1.2344 1.2656 1.2656 1.2656 1.2656 1.2812 1.0864 1.0988 1.0988 0.96 0.98 0.98 0.98 0.98 0.98 0.99 1.01 1.01 1.01 1.02 1.04 1.06 1.06 1.06 1.06 1.06 1.08 1.08 1.09 1.1 1.12 1.12 1.12 1.12 0.9917 1.0083 1.0165 1.0248 1.0413 1.0413 1.0413 1.0413 1.0661 1.0744 0.9444 0.8402 0.8462 0.8462 0.8462 0.8462 0.8462 0.8521 0.8521 0.7908 0.7959 0.7959 0.7959 0.801 0.801 0.801 0.8061 0.8061 0.8112
2.56 2.6 2.72 2.8 2.84 2.96 2.25 2.25 2.3611 2.3889 2.4722 2.5 2.5278 2.5556 2.5556 2.6111 2.6111 2.6389 2.6389 2.6389 2.6667 2.6667 2.6944 2.7222 2.7222 2.7222 2.7222 2.7222 2.7778 2.8056 2.8333 2.8333 2.8611 2.8889 2.8889 2.9167 3.0 3.0 3.0278 3.0833 3.1389 3.1389 3.1667 3.1944 3.2222 3.2222 3.25 3.25 3.25 3.2778 3.3333 3.3889 3.3889 3.3889 3.3889 3.4444 3.4444 3.4722 3.4722 3.4722 3.5278 3.5278 3.5278 3.5278 3.5556 3.6111 3.6389 3.6389 3.6667 3.6667 3.6667 3.6667 3.6944 3.75 3.8056 3.8056 3.8056 3.8056 3.8056 3.8333
> n=5000 m=5 07/06/2021 11:54:40
2.72 2.72 2.76 3.0 2.3889 2.4722 2.5278 2.5556 2.5556 2.5556 2.5556 2.0816 2.102 2.102 1.7344 1.7656 1.7812 1.7969 1.7969 1.8125 1.8438 1.8594 1.8594 1.8906 1.9062 1.9062 1.9219 1.9219 1.9531 1.9844 2.0625 1.716 1.7531 1.7531 1.7531 1.7778 1.7901 1.8025 1.8025 1.8642 1.8642 1.8889 1.8889 1.8889 1.9136 1.61 1.62 1.3967 1.4215 1.438 1.4628 1.4711 1.4711 1.4959 1.4959 1.4959 1.5041 1.5124 1.5372 1.5455 1.5537 1.3611 1.3611 1.375 1.3819 1.2249 0.9867 0.9867 0.9867 0.8945 0.8984 0.8984 0.8984 0.8984 0.9062 0.9102 0.9102 0.9219 0.9219 0.9219
1.92 1.92 1.92 1.92 1.96 1.96 2.0 2.0 1.6111 1.6667 1.6667 1.6667 1.6667 1.6667 1.3673 1.3878 1.3878 1.3878 1.3878 1.3878 1.1719 1.1875 1.1875 1.1875 1.2188 1.2188 1.2188 1.2344 1.2344 1.2344 1.2969 1.3125 1.3125 1.3125 1.3125 1.3281 1.3281 1.3594 1.3594 1.0 1.0 1.0 1.0 1.0 1.02 1.04 1.04 1.04 1.04 1.04 1.05 1.06 1.06 1.09 1.09 1.09 1.09 0.9504 0.9587 0.9669 0.9669 0.9752 0.9752 0.9835 0.9835 1.0 1.0 1.0083 1.0165 1.0165 1.0331 1.0496 1.0496 1.0496 1.0496 1.0496 1.0496 1.0496 1.0496 1.0496
5.04 5.08 5.16 5.2 5.24 5.24 5.36 5.48 5.6 5.6 5.64 4.1389 4.1944 4.2778 4.3056 4.4167 4.4444 4.5 4.5 4.5 4.5556 4.6111 4.6944 4.75 4.8611 3.7755 3.7959 3.8776 3.9388 3.9388 3.9796 4.0 4.0204 4.0612 4.0612 4.1429 4.1429 4.2041 4.2245 4.2857 3.4219 3.4531 3.4531 3.4688 3.4844 3.5156 3.5312 3.5469 3.5469 3.5469 3.5625 3.5781 3.5938 3.6094 3.6406 3.6562 3.6719 3.6875 3.6875 3.7031 3.7344 3.7656 3.7812 3.7969 3.8125 3.8281 3.8594 3.8594 3.875 3.1235 3.1481 3.1481 2.64 2.65 2.68 2.68 2.71 2.74 2.76 2.77
7.0 7.04 7.12 7.32 7.52 7.64 7.64 7.92 5.8333 5.9722 6.1389 6.1944 6.2222 6.2778 6.3611 6.3889 4.8571 4.898 4.9592 5.0408 5.0408 5.0612 4.0 4.0469 4.0625 4.1094 4.125 4.1562 4.1719 4.1875 4.2656 4.2969 4.3594 4.3906 4.4219 4.4531 4.4688 3.6543 3.7284 3.7654 3.8148 3.8395 3.8395 3.8642 3.8765 3.9259 3.9753 4.0 4.0494 4.0617 4.0988 4.1111 4.1852 4.1852 4.2099 3.47 3.49 3.54 3.57 3.6 3.63 3.66 3.69 3.7 3.73 3.75 3.79 3.8 3.81 3.87 3.87 3.89 3.9 3.91 3.92 3.3058 3.3058 3.314 2.8264 2.8264
6.56 6.6 6.88 7.16 7.28 7.4 7.44 7.52 7.84 5.75 5.7778 5.8333 5.9444 6.1111 6.1667 6.2778 6.3333 6.4722 6.6111 6.75 6.8056 6.8333 6.9722 7.0 7.1944 7.2778 7.3889 7.4444 7.5278 7.5833 7.5833 7.6111 7.75 7.8056 7.8889 7.8889 5.9592 6.0204 6.0816 6.1429 4.875 4.9219 4.9688 5.0 5.0312 5.0781 5.1094 5.1562 5.2188 5.2656 5.2812 5.2969 5.3438 5.375 5.375 5.4062 5.5156 5.5156 5.5625 5.6094 5.6562 5.6562 5.7031 5.7188 5.7344 5.75 5.8281 5.8281 5.8438 5.8594 5.8594 5.8906 5.8906 5.9219 5.9531 5.9688 6.0 6.0312 6.0781 6.1094
3.16 3.2 3.24 3.24 3.32 3.32 3.48 3.6 3.64 3.72 3.72 3.8 3.84 3.88 3.88 3.88 4.04 4.12 4.12 4.12 4.12 4.24 4.32 4.36 4.48 4.52 4.56 4.56 4.56 4.56 4.56 4.6 4.64 4.64 4.64 4.64 4.72 4.76 3.5 3.5556 3.5833 2.8163 2.8163 2.8163 2.8367 2.8571 2.8571 2.8571 2.8571 2.8776 2.8776 2.8776 2.8776 2.898 2.9184 2.9388 2.9592 2.9592 2.375 2.3906 2.4062 2.4219 2.4219 2.4219 2.4531 2.4688 2.4688 2.5 2.5 2.5 2.5 2.5 1.75 1.76 1.78 1.78 1.8 1.81 1.83 1.83
6.44 6.76 6.84 6.84 7.04 7.12 7.28 7.52 7.72 7.88 8.12 8.16 8.36 8.4 8.56 8.64 8.72 8.84 9.12 9.28 9.44 9.44 9.44 6.7222 6.7778 6.8056 6.8611 6.9167 5.2857 5.3469 5.4082 5.4286 5.449 5.5306 5.5306 5.551 5.6531 4.4531 4.4688 4.5625 4.5938 4.6406 4.7031 4.75 4.7969 4.8125 4.8438 4.875 4.9219 4.9375 5.0156 5.0469 5.0781 5.0938 5.1094 5.1562 5.1875 5.1875 5.2656 5.2812 5.2969 5.3438 5.3438 5.3906 5.4531 3.64 3.65 3.7 3.75 3.77 3.8 3.84 3.87 3.9 3.93 3.98 4.0 4.0 4.01 4.04
3.96 4.2 4.24 4.4 4.56 4.6 4.72 4.88 5.0 5.16 5.24 5.24 5.32 5.4 5.44 5.48 5.48 5.56 5.64 5.8 5.92 5.96 6.0 6.04 6.12 6.16 6.2 6.24 6.36 6.4 6.4 6.44 6.48 6.6 6.72 6.88 6.88 6.96 7.0 7.12 7.24 7.28 7.28 7.32 7.36 7.36 7.4 5.3333 5.4167 5.4167 5.5 5.5 5.5556 5.5833 5.6111 5.6944 5.6944 5.75 5.8056 5.8056 5.8056 5.8056 5.8056 5.8611 5.8889 5.9167 5.9722 5.9722 6.0 6.0 6.0 6.0 6.0556 6.1111 6.1111 6.1111 6.25 6.25 6.2778 6.2778
5.0833 5.1944 5.25 5.3889 5.5278 5.6111 5.75 5.8611 4.5102 3.5625 3.6094 3.625 3.6406 3.6875 3.7656 3.0494 3.0864 3.1481 3.1852 3.2593 3.321 3.3457 3.3704 3.4568 3.4938 2.89 2.9 2.93 2.96 2.96 2.5207 2.5537 2.2083 2.2222 2.25 2.2708 2.2917 2.3056 2.3194 2.3403 2.375 2.4097 2.4306 2.4444 2.1361 2.1361 2.1479 2.1657 2.1775 2.1893 2.213 2.213 2.2308 1.9541 1.9592 1.9847 2.0 2.0102 2.0153 2.0255 2.0357 2.0612 2.0663 2.0867 2.0918 2.102 2.1071 2.1173 2.1224 1.8844 1.8889 1.8978 1.9156 1.9289 1.9422 1.9511 1.9511 1.7461 1.7617 1.7773
2.4 2.44 2.48 2.56 2.8 2.2778 2.4167 2.4167 2.4722 2.4722 2.5278 2.5556 2.6111 2.6667 2.6944 2.6944 2.7222 2.7778 2.8333 2.8611 2.8611 2.8889 2.9167 3.0278 3.1944 2.5918 2.5918 2.5918 2.5918 2.5918 2.1562 2.1562 2.1562 1.8148 1.8272 1.8395 1.8765 1.8889 1.9136 1.9259 1.9506 1.963 1.9753 2.0 1.69 1.69 1.69 1.69 1.74 1.77 1.78 1.79 1.8 1.81 1.83 1.83 1.83 1.87 1.88 1.9 1.91 1.91 1.91 1.92 1.92 1.92 1.92 1.92 1.92 1.93 1.96 1.98 1.99 2.02 2.03 2.04 2.07 2.08 2.08 2.1
3.28 3.32 3.36 3.36 3.4 2.6389 2.102 2.2041 1.8594 1.5432 1.5432 1.5432 1.34 1.35 1.36 1.38 1.4 1.43 1.2562 0.9882 1.0178 1.0178 1.0237 0.8356 0.8622 0.8756 0.8008 0.8086 0.8125 0.8125 0.8203 0.8242 0.8398 0.8477 0.8477 0.8516 0.8555 0.7958 0.8028 0.8062 0.8062 0.8097 0.8166 0.7531 0.7531 0.7091 0.7175 0.7258 0.6775 0.685 0.6875 0.6925 0.7 0.72 0.72 0.72 0.7325 0.6825 0.6825 0.6848 0.6984 0.7075 0.7098 0.712 0.7166 0.7188 0.7188 0.7211 0.7302 0.7302 0.7324 0.7347 0.737 0.7438 0.746 0.7574 0.7574 0.7596 0.7642 0.7642
6.0 4.8594 4.9062 4.9844 5.0625 5.1875 5.2344 5.3594 5.5 5.5469 5.625 5.6875 4.5802 4.642 4.7284 3.95 4.01 4.1 4.13 4.18 4.19 4.28 4.34 4.36 4.38 4.4 4.44 3.7438 3.7603 3.8099 3.8926 3.9091 3.375 2.929 2.9467 2.9704 2.9941 3.0296 3.0592 3.1006 3.1361 3.1598 3.1775 3.1953 3.2071 3.2426 3.2722 3.3077 3.3373 2.9184 2.9439 2.9847 3.0 3.0153 3.0408 3.051 3.0867 3.0918 2.7422 2.76 2.7644 2.7867 2.7911 2.8 2.8089 2.8222 2.84 2.8533 2.8756 2.8889 2.8933 2.9067 2.9289 2.9467 2.9689 2.9778 2.9778 2.9911 3.0089 3.0222
1.64 1.3056 1.3333 1.3333 1.3333 1.3333 1.3889 1.4444 1.4722 1.4722 1.5278 1.5556 1.5833 1.5833 1.6389 1.6944 1.6944 1.7778 1.8056 1.9167 1.9167 1.9167 1.9167 1.9444 1.9722 1.5918 1.6122 1.6122 1.6122 1.6327 1.6531 1.6735 1.6939 1.6939 1.6939 1.6939 1.7347 1.7551 1.7959 1.8163 1.8367 1.8367 1.8571 1.8571 1.5156 1.284 1.284 1.2963 1.2963 1.3086 1.321 1.321 1.3457 1.3457 1.3457 1.358 1.3827 1.3951 1.4074 1.4198 1.23 1.23 1.25 1.25 1.26 1.26 1.27 1.28 1.29 1.29 1.29 1.29 1.3 1.31 1.32 1.33 1.33 1.33 1.33 1.34
3.72 3.8 3.84 4.08 4.16 4.16 3.1944 3.25 2.4898 2.5714 2.6327 2.7143 2.7347 2.8163 2.898 2.9592 1.9259 1.9506 1.9753 1.69 1.69 1.69 1.69 1.71 1.72 1.74 1.77 1.78 1.81 1.83 1.84 1.85 1.6281 1.6529 1.6694 1.6777 1.7025 1.719 1.7273 1.7273 1.7273 1.7355 1.7686 1.7769 1.7851 1.8347 1.8678 1.625 1.625 1.6389 1.6528 1.6667 1.6736 1.6875 1.6875 1.7292 1.7361 1.7431 1.7569 1.7639 1.7639 1.7708 1.7917 1.7917 1.8056 1.8056 1.8056 1.8056 1.8125 1.8333 1.6095 1.6272 1.6331 1.645 1.6509 1.6568 1.6746 1.6805 1.4949 1.4949
2.8 2.88 3.0 2.3889 2.3889 2.5 2.5278 2.6389 2.75 2.1633 2.1633 2.1837 2.2449 2.2653 2.3061 2.3469 2.4286 2.449 2.5102 2.5306 2.551 2.551 2.6122 2.6531 2.6531 2.6735 2.7551 2.7755 2.7755 2.7755 2.8367 2.8776 2.9184 2.9388 2.9796 3.0 3.0204 3.0204 3.0204 3.0204 3.0408 3.0408 3.0408 3.0612 3.0816 3.1224 3.1429 2.5 2.0741 2.0988 2.0988 2.1481 2.1605 2.1728 2.1728 1.82 1.562 1.562 1.595 1.595 1.595 1.595 1.595 1.6033 1.6116 1.6198 1.6198 1.6364 1.6364 1.6446 1.6529 1.6612 1.6612 1.6612 1.6694 1.6942 1.7107 1.7273 1.7521 1.7686
3.4 3.52 3.64 3.64 3.8 3.92 4.0 4.08 4.12 4.2 4.28 4.48 4.72 4.8 3.5 3.5556 3.6389 3.7778 3.8056 3.8611 3.8889 3.9167 3.9722 4.0 4.0278 3.1224 3.1633 3.1837 3.1837 3.1837 3.2449 3.3265 2.6875 2.6875 2.7188 2.7188 2.7188 2.7656 2.7969 2.8281 2.8438 2.8594 2.9531 2.9844 2.4444 2.4444 2.4568 2.4938 2.5185 2.5309 2.5309 2.5432 2.5556 2.5802 2.5926 2.6049 2.6173 2.6296 2.642 2.6667 2.7037 2.7037 2.7284 2.7407 2.7531 2.7778 2.7778 2.8148 2.8519 2.8765 2.8765 2.9012 2.9136 2.9136 2.9259 2.9383 2.9506 2.9753 2.9877 3.0
4.08 4.12 4.24 4.36 3.3056 3.3333 3.4167 3.5278 3.6389 2.8367 2.8571 2.8776 2.8776 2.8776 2.9796 3.0 3.0204 3.0204 3.102 3.1429 3.1633 3.1633 3.2449 3.3061 3.3673 3.4082 3.449 3.4694 2.75 2.7656 2.7812 2.2963 2.2963 1.95 1.98 2.0 2.01 2.03 2.03 2.05 1.7355 1.7438 1.7603 1.7603 1.5278 1.5417 1.5486 1.5625 1.5833 1.5903 1.6111 1.6111 1.4142 1.426 1.426 1.2959 1.2959 1.3061 1.3112 1.3265 1.3316 1.3469 1.3622 1.3776 1.3878 1.1133 1.125 1.1289 1.1406 1.1445 1.1445 1.1562 1.1562 1.1602 1.1602 1.1641 1.1719 1.1797 1.1836 1.1875
3.72 3.8 3.88 3.96 3.0278 3.1111 3.1389 3.1389 2.5102 2.5306 2.0781 2.1094 2.1562 2.2031 2.2344 2.2812 1.9136 1.9259 1.9383 1.9753 1.9877 2.0123 2.0123 2.1111 2.1235 2.1235 2.1481 2.1852 2.2099 2.2469 2.2716 2.3086 2.3086 1.686 1.686 1.7025 1.7107 1.719 1.719 1.7521 1.7603 1.5347 1.5486 1.5625 1.5833 1.4142 1.4201 1.4201 1.4201 1.4379 1.4497 1.4497 1.4556 1.4556 1.4615 1.4852 1.4911 1.3316 1.3316 1.3367 1.3469 1.2222 1.2444 1.2533 1.2578 1.1367 1.1484 1.1523 1.1562 1.1641 1.0727 1.09 1.0969 1.0154 1.0185 1.0216 1.0309 1.037 1.0494 1.0494
5.24 5.4 5.48 5.56 5.64 4.1667 4.1667 4.25 4.2778 4.3056 4.3611 4.3889 4.3889 4.4722 4.5556 4.6111 4.75 4.7778 4.8056 3.6735 3.7959 3.8776 3.9592 3.1875 3.2188 3.25 3.2812 3.3281 3.3594 3.375 3.3906 3.3906 3.4219 3.4531 3.4688 3.4688 3.5 3.5156 3.5312 3.5781 3.6094 3.6094 3.6406 3.6719 3.6719 3.6719 2.9877 3.0123 3.0247 3.0494 3.0494 3.0988 3.0988 3.1358 3.1728 3.1728 3.1852 3.1975 3.2469 3.2593 3.284 3.2963 3.321 3.3333 3.3333 2.79 2.8 2.82 2.84 2.84 2.88 2.89 2.91 2.93 2.94 2.96 2.97 2.98 2.99 3.01
6.12 6.24 6.28 6.48 6.68 6.84 7.04 7.08 7.2 7.32 7.6 7.64 5.5833 5.6667 5.75 5.8056 5.8333 5.8611 5.9444 4.551 4.551 4.7347 3.7969 3.8438 3.9062 3.9531 4.0156 4.0625 4.1406 4.1875 3.4321 3.4568 3.4691 2.91 2.95 2.5372 2.5702 2.6033 2.6116 2.6364 2.6364 2.6694 2.7025 2.7273 2.7686 2.8017 2.8264 2.843 2.876 2.8926 2.9339 2.9339 2.9587 2.9587 2.9835 3.0083 3.0331 3.0413 3.0661 3.0744 3.0826 3.0909 3.0909 3.0992 3.1157 3.1322 3.157 3.1736 3.1736 3.1818 3.2066 3.2231 3.2314 3.2314 3.2479 3.2479 3.2645 3.281 3.3058 3.3223
