1523 4139 4207 2804 1799 1255 898 645 476 393 359 247 185 170 136 114 107 77 78 50 47 64 54 32 31 23 20 13 7 5 6 7 5 4 6 3 1 1 2 1 0 0 1 2 1 1 1 0 0 0 0 0 0 1
1508 4189 4252 2831 1870 1343 822 647 546 398 335 259 200 128 107 93 93 67 61 46 47 28 26 22 24 15 11 4 7 5 1 6 3 1 1 0 0 1 2 0 0 0 0 1 1
1537 4224 4197 2816 1833 1224 815 616 526 398 321 262 252 217 165 85 73 82 55 53 42 22 18 33 42 19 22 7 9 7 3 4 3 4 2 1 2 1 3 1 1 0 1 1 0 0 0 0 2
1585 4220 4192 2939 1835 1320 873 650 457 348 233 226 200 131 136 103 96 71 45 47 83 59 30 34 23 15 10 8 5 7 6 2 2 0 3 1 2 1 1 1 0 0 0 1
1445 4344 4248 2861 1723 1219 915 602 499 340 263 220 182 153 125 92 83 84 105 109 64 44 47 32 23 32 37 19 15 17 8 6 6 5 6 4 4 1 2 2 2 2 1 1 2 3 1 0 1 0 0 0 0 0 1 0 0 0 0 0 0 0 0 0 0 1
1504 4357 4178 2753 1700 1130 905 611 495 385 319 255 175 133 174 175 122 90 90 66 65 54 66 48 40 29 12 17 8 6 4 2 3 3 6 1 5 2 0 4 1 5 0 1 0 0 0 1 0 1
1519 4379 4303 2906 1765 1223 805 604 533 367 272 208 189 162 111 111 118 90 58 46 36 30 46 23 19 13 12 11 11 5 4 3 0 8 3 2 2 2 1 0 1
1522 4304 4123 2815 1891 1285 920 565 475 379 304 273 209 167 134 122 108 61 57 61 55 43 30 25 16 10 9 9 6 6 4 1 2 4 3 0 0 1 1 0 0 0 0 1
1559 4400 4221 2835 1842 1227 871 643 413 378 294 267 174 136 99 83 88 85 64 52 40 38 21 21 9 6 4 7 23 25 21 12 9 6 4 4 3 3 3 2 0 0 0 5 0 2 1 1
1531 4286 4205 2801 1853 1222 844 604 473 388 288 237 205 173 184 129 91 64 50 75 69 39 47 48 24 13 13 7 5 11 5 3 1 4 2 1 1 0 0 1 3 0 0 0 0 1
1510 4274 4275 2889 1749 1247 827 618 474 360 328 239 224 160 161 123 94 80 73 67 42 24 30 30 32 24 9 10 8 4 0 2 0 2 1 2 3 2 0 2 2
1550 4427 4228 2833 1837 1257 830 552 436 356 252 237 223 173 119 115 111 96 53 55 42 34 30 39 29 16 14 7 5 8 6 2 5 4 2 2 3 2 3 0 1 2 0 1 1 0 1 0 0 0 0 0 0 1 0 0 0 0 0 0 0 0 0 0 0 0 0 0 0 0 0 0 1
1535 4233 4244 2744 1792 1209 812 649 462 375 314 211 222 159 148 115 96 79 83 57 40 53 45 38 24 36 24 20 9 7 43 29 25 14 15 6 4 3 10 1 2 1 2 3 1 2 1 0 2 0 0 0 0 1 0 1
1444 4289 4204 2794 1733 1237 877 589 473 327 273 201 203 158 191 114 118 133 114 95 58 46 29 32 39 22 35 32 41 24 18 12 8 5 4 3 4 4 5 4 1 1 2 1 1 0 0 1 1 0 0 0 0 0 0 0 0 0 0 0 0 0 0 0 0 0 0 0 0 0 0 0 0 0 0 0 0 0 0 1
1484 4188 4150 2806 1847 1154 888 592 482 348 285 231 184 158 102 147 161 111 79 40 28 67 64 73 65 40 24 15 12 10 39 41 23 11 13 6 11 7 5 1 0 0 1 0 1 1 1 0 0 1 1 3
1554 4322 4178 2860 1797 1218 831 650 463 333 277 244 181 161 135 127 101 78 53 47 44 69 81 54 36 28 19 11 9 8 3 3 3 7 4 2 1 0 0 1 2 3 1 1 0 0 0 1
1532 4351 4155 2853 1841 1232 825 677 515 392 278 274 184 145 127 112 80 56 58 57 54 51 47 26 19 7 12 8 9 6 2 3 3 1 2 1 1 1 1 2 0 0 0 0 1
1498 4084 4293 2800 1771 1261 848 607 437 408 300 263 255 174 144 135 115 69 71 59 51 55 52 29 30 14 17 18 39 27 23 19 11 5 5 3 1 1 0 2 0 0 0 2 1 0 1 0 2 0 0 0 0 0 0 0 0 1
1506 4276 4126 2777 1819 1221 863 595 539 389 306 276 233 235 180 112 80 63 65 50 50 30 32 22 28 35 25 19 10 7 6 8 5 2 2 1 2 2 0 1 0 2 0 0 0 0 0 0 0 0 0 0 1
1486 4155 4268 2848 1784 1183 880 634 481 384 309 268 226 137 151 101 102 74 52 71 56 64 75 57 41 22 16 9 11 17 6 4 4 4 3 2 1 1 4 1 1 2 3 0 2 0 1
1546 4259 4135 2824 1873 1284 836 653 492 365 306 235 181 132 106 70 93 92 77 54 52 33 20 35 29 24 38 45 26 21 13 8 11 6 7 4 4 5 0 1 0 1 0 1 1 0 1 0 1 0 0 0 0 0 0 0 0 0 0 1
1495 4215 4168 2793 1829 1220 876 608 445 376 314 242 192 176 145 136 95 84 84 90 88 58 49 42 30 36 24 10 12 9 5 7 7 12 6 5 4 0 4 2 0 2 1 2 1 0 0 1 0 0 0 0 0 0 0 1
1481 4307 4115 2778 1771 1211 817 629 417 412 318 267 205 156 135 126 102 77 78 63 52 89 73 48 34 39 50 26 29 21 16 5 7 11 7 8 1 3 1 2 2 1 2 1 1 1 1 1 0 0 0 1 0 0 0 0 0 0 0 0 0 0 0 0 0 0 0 0 0 0 0 0 2 0 0 0 0 0 0 0 0 0 0 0 0 0 0 0 0 0 0 0 0 0 0 0 0 0 0 0 0 0 0 0 0 0 0 0 0 0 0 0 0 0 0 0 0 0 0 0 0 0 0 0 0 0 0 0 0 0 0 0 0 0 0 0 0 1
1510 4270 4231 2788 1854 1239 827 657 447 382 297 231 199 165 144 95 96 115 103 80 43 25 30 26 14 22 26 14 13 11 13 8 1 3 6 1 4 1 2 1 1 2 1 0 2 0 0 0 0 0 0 1
1471 4141 4158 2726 1797 1223 880 638 479 437 375 299 205 194 184 143 120 113 85 72 59 46 31 22 24 19 10 6 11 8 6 3 3 1 2 2 1 1 1 0 1 0 1 1 1 0 0 0 0 0 1
1423 4221 4167 2815 1778 1183 836 618 471 372 277 219 229 204 135 93 89 158 113 100 68 37 29 31 71 58 43 41 28 11 16 10 4 8 7 3 4 6 5 3 3 2 3 0 0 2 0 2 1 1 1 1 0 0 0 0 0 0 0 0 0 0 0 0 1
1617 4226 4292 2859 1849 1236 790 622 452 359 331 228 201 153 132 127 116 107 69 56 44 26 25 13 8 11 13 3 9 8 7 2 1 4 1 1 1 1 0 0 0 0 0 1
1541 4273 4168 2792 1835 1118 833 604 494 329 360 237 177 183 148 116 108 74 61 111 74 58 45 59 53 31 27 16 12 6 7 12 9 2 6 4 5 5 0 1 4 1 2
1568 4297 4304 2869 1820 1243 856 593 483 369 274 273 202 161 108 100 54 87 54 39 36 29 16 15 26 34 23 18 9 12 4 2 4 3 2 3 0 1 2 1 2 2 0 0 0 1 2
1488 4123 4163 2896 1828 1237 914 674 514 377 295 251 201 175 141 126 87 44 56 65 52 49 47 22 21 15 39 31 15 12 7 7 2 5 4 4 2 3 2 0 1 1 2 0 1 1 0 0 0 0 0 1
1571 4210 4245 2844 1882 1288 822 607 424 365 297 222 202 186 133 76 80 79 83 59 27 29 18 27 28 45 40 31 20 15 10 9 3 1 6 3 3 2 1 1 2 0 0 0 1 0 0 1 0 1 0 0 1 0 0 1
1587 4279 4371 2764 1762 1175 875 624 475 399 317 234 182 167 119 136 89 94 65 54 42 56 32 22 11 20 11 5 5 7 8 1 2 1 3 3 0 0 2 1 0 0 0 0 1
1574 4200 4234 2797 1867 1229 809 600 437 337 295 250 205 172 148 117 100 94 95 63 71 52 29 22 12 16 44 38 23 18 12 7 5 5 3 1 5 6 2 1 0 2 1 1 1 0 0 0 0 1
1528 4253 4325 2797 1820 1208 906 650 447 399 328 266 205 137 120 74 90 85 54 34 30 24 20 41 58 25 17 14 11 6 5 5 5 3 1 0 3 2 1 0 0 0 0 0 0 0 1 0 1 0 0 0 0 0 0 0 2
1556 4233 4262 2864 1834 1284 894 664 466 340 236 204 217 172 144 118 88 56 37 42 59 35 45 29 35 28 11 8 9 6 4 4 5 4 2 2 0 2 2
1500 4193 4221 2824 1817 1270 833 643 439 346 269 215 178 148 132 116 104 76 70 66 84 75 76 77 65 29 26 16 13 15 10 11 6 7 3 3 3 2 2 3 6 1 3 1 1 0 1 0 1 0 0 0 0 0 0 0 0 0 0 0 0 0 0 1
1505 4210 4249 2812 1832 1264 922 638 479 385 294 221 186 177 132 110 91 104 93 83 53 37 29 21 22 15 8 5 3 4 2 4 5 0 2 1 1 0 0 0 2
1531 4369 4185 2845 1857 1178 838 595 479 311 262 248 195 156 128 109 106 86 73 65 65 72 58 54 26 22 24 15 10 1 3 6 4 6 0 2 6 0 2 1 3 1 2 1 0 0 0 1
1452 4284 4045 2842 1762 1287 858 689 554 400 347 248 201 196 152 128 68 43 84 72 66 30 29 14 11 20 35 16 13 7 12 6 4 4 7 3 3 2 3 0 1 1 2
1578 4280 4222 2776 1834 1199 858 655 564 408 317 277 228 163 129 96 74 73 59 54 40 17 20 15 11 13 9 9 4 7 1 5 0 1 1 1 1 1 0 0 0 0 0 1
1504 4441 4221 2769 1719 1250 817 621 433 396 289 236 189 150 119 113 106 62 63 47 59 50 34 21 16 13 13 25 30 38 46 29 21 17 7 7 9 7 2 0 2 3 2 2 0 0 2 1
1460 4431 4226 2759 1772 1192 833 596 464 322 287 220 179 173 166 121 117 76 53 75 81 73 46 57 33 17 18 14 32 36 14 14 8 5 8 2 4 3 0 3 1 1 1 1 1 0 4 1 0 0 0 1
1511 4332 4282 2812 1820 1189 864 611 466 327 303 240 148 163 169 146 77 78 60 85 86 49 44 32 28 15 11 12 5 2 9 4 4 2 5 3 1 1 2 0 0 1 0 2
1531 4350 4243 2761 1738 1187 832 638 446 442 318 259 212 180 132 126 87 78 47 40 35 59 41 29 47 40 21 21 12 7 11 5 6 1 1 6 2 1 0 3 1 1 1 2 0 1
1566 4159 4289 2838 1781 1228 895 622 443 386 271 217 232 178 118 95 95 74 71 57 63 44 48 33 55 37 25 17 12 9 7 3 2 7 5 3 6 1 1 0 2 2 1 0 2 0 0 0 0 0 1
1481 4238 4114 2866 1731 1231 864 693 488 388 336 295 194 183 157 105 90 88 91 69 57 40 24 40 32 24 14 13 10 11 7 5 2 5 4 3 1 3 0 1 3
1513 4204 4280 2825 1855 1185 848 575 493 351 300 264 183 144 139 125 123 90 68 66 74 54 30 48 38 27 25 17 5 7 6 8 4 8 2 0 4 6 3 0 0 1 0 0 1 1 0 0 0 0 0 0 0 0 0 0 0 0 1
1470 4223 4132 2784 1871 1215 838 594 502 420 320 250 196 170 147 150 134 118 86 62 53 47 56 35 25 21 24 6 4 6 6 4 2 6 5 3 6 1 2 2 1 1 0 0 1 0 0 1 0 0 0 0 0 0 0 0 0 0 0 0 0 0 0 0 0 0 0 0 0 0 1
1497 4286 4210 2861 1903 1157 803 646 462 420 288 231 208 185 115 126 105 78 58 47 32 53 50 44 31 20 13 17 8 7 11 4 7 2 2 4 1 1 0 0 0 2 0 3 1 0 1 1
1600 4371 4237 2796 1834 1156 788 616 465 373 304 270 185 160 132 130 129 98 51 61 46 35 40 33 25 18 6 11 6 5 2 2 3 3 0 4 0 3 1 1 0 0 0 0 0 0 0 0 1
