1155 3061 2948 1995 1274 818 601 409 380 298 244 246 173 131 126 107 79 57 34 30 85 69 67 45 21 39 25 26 40 36 31 11 39 24 15 7 8 6 3 34 28 9 5 5 2 2 1 3 4 3 2 1 0 2 0 1 20 47 21 11 7 4 1 2 4 2 4 1 2 1 1 0 3 0 0 0 0 1 0 0 1 0 0 0 1 1 0 0 0 0 0 0 0 0 1
1261 3017 3035 1978 1294 856 558 435 349 276 216 189 158 120 113 67 96 90 50 36 29 24 28 49 66 81 36 12 13 9 11 9 2 2 2 1 18 31 21 8 3 2 0 8 49 60 28 20 8 5 7 4 6 4 0 2 2 3 3 0 0 0 0 1 35 39 19 9 12 2 5 1 1 2 2 2 2 0 3 0 1 1 1 0 0 1 0 0 1 0 0 0 0 0 0 0 0 0 0 0 0 0 0 0 0 0 0 1
1246 2958 2985 2008 1281 887 633 407 338 284 271 198 137 118 125 140 83 75 58 56 51 32 43 42 13 39 26 25 31 17 27 18 11 5 6 4 3 4 32 21 30 34 23 12 4 5 4 6 3 1 1 2 39 26 24 10 6 8 2 5 2 3 1 2 1 2 0 0 1 1 0 0 0 0 0 0 0 3 0 0 1 0 0 0 0 0 0 0 0 0 0 0 0 1
1225 3014 3067 2057 1249 868 651 441 320 241 262 166 136 116 102 110 109 80 103 72 78 40 33 13 28 39 72 49 21 17 12 44 29 12 7 6 5 1 1 0 1 1 12 35 16 11 8 4 3 4 0 2 1 0 1 1 1 1 1 0 0 0 0 1 0 0 1
1113 3054 2992 1924 1310 751 597 414 338 287 251 165 131 113 113 91 98 98 87 40 47 61 60 61 72 61 30 23 21 4 4 36 23 12 7 6 13 73 41 43 34 12 20 37 25 13 10 6 4 6 1 2 5 1 1 0 2 2 3 3 3 0 1 0 3 51 34 11 8 13 7 1 5 1 0 0 0 0 0 2 1 0 0 2 0 0 0 1 0 0 0 0 0 0 0 1 0 0 0 0 0 0 0 2 0 0 0 1 0 0 0 1
1239 2966 3065 2044 1188 839 612 431 389 282 217 159 117 164 180 122 88 71 43 33 23 18 76 60 74 54 41 25 46 21 23 39 23 12 6 9 5 11 38 39 34 16 14 12 4 4 2 1 1 1 3 2 1 2 0 1 0 1 0 0 1 2 2 1 1 1 0 1 0 0 0 0 0 0 0 0 1
1117 3119 3035 1929 1236 852 631 411 349 247 309 216 155 106 96 83 86 91 96 64 57 53 55 66 42 21 18 41 32 12 37 33 45 25 16 13 7 6 6 40 51 21 20 13 7 6 4 4 2 4 3 1 2 1 0 0 0 1 1 0 0 1 2 1 1 0 0 0 0 0 0 0 0 0 0 0 0 1 1
1189 3030 2951 1967 1211 877 679 438 376 334 215 143 162 154 153 117 78 80 103 54 50 67 35 28 34 21 13 35 27 15 7 20 25 15 14 24 24 44 27 16 10 6 6 6 7 0 3 18 30 14 12 8 3 1 6 1 3 1 1 1 2 0 1 4 1 0 0 0 0 0 0 0 1 0 0 0 0 0 0 0 0 0 0 1 1 0 0 0 0 0 0 0 0 1
1162 2978 3067 1910 1206 918 632 495 292 220 207 230 191 136 87 84 89 78 53 73 85 63 54 29 45 72 34 56 34 22 18 7 8 7 31 21 9 7 2 39 20 14 7 49 44 37 11 14 5 7 5 2 9 0 2 0 2 1 2 1 4 2 4 0 2 1 0 0 0 1 0 0 1 1 0 0 1 0 0 0 0 0 0 0 0 1
1179 3051 2977 1991 1192 794 628 449 382 301 236 220 177 103 115 107 84 81 85 68 71 78 62 66 56 47 34 16 8 28 34 19 38 16 8 10 8 17 24 21 27 26 11 4 10 7 6 4 5 2 1 1 1 2 1 1 1 2 1 1 3 0 1 0 0 0 0 0 0 0 0 1 0 0 0 1
1277 2949 3091 1973 1350 845 593 476 361 313 213 200 157 146 94 96 95 83 50 65 93 51 47 54 38 29 23 31 15 17 29 23 9 7 2 7 36 18 12 3 3 7 3 6 1 0 0 2 2 1 0 2 0 0 0 0 1 1 0 0 0 0 0 0 0 0 0 0 0 0 1
1186 3048 2893 1932 1251 903 640 449 366 288 222 177 167 153 128 119 61 54 59 78 56 48 21 49 69 42 21 11 4 10 33 55 36 43 18 11 34 20 10 5 9 36 22 14 9 6 2 3 2 0 3 0 1 29 38 19 6 5 5 3 7 0 2 3 1 1 0 1 1 0 0 0 0 0 0 0 0 0 0 0 0 0 0 1 1 0 0 0 0 0 0 0 1
1212 2962 3023 2011 1251 865 639 401 345 257 222 234 164 112 90 81 83 117 84 59 69 70 57 41 37 26 11 11 11 30 71 46 47 20 17 13 26 30 8 6 7 10 44 19 14 9 10 5 4 3 0 0 2 1 1 0 3 1 0 1 1 0 1 0 0 3 0 0 0 1 1 0 0 0 0 0 0 1
1174 2996 2942 1906 1253 852 612 493 377 258 231 194 160 155 124 132 69 79 39 47 39 54 119 97 50 28 36 34 14 19 4 1 4 18 44 17 10 3 18 36 31 43 19 6 7 4 4 4 1 1 2 2 1 0 3 0 0 0 1 16 46 17 13 13 6 3 1 2 2 1 2 2 0 0 2 1 0 2 1 1 0 1 0 0 0 0 1 0 0 0 0 0 0 0 0 0 0 0 1
1166 2979 2974 1988 1287 826 649 488 358 260 235 186 104 122 130 145 115 85 55 56 54 32 32 46 67 25 49 57 33 20 15 8 11 17 28 45 29 17 12 11 30 28 41 21 12 8 5 5 4 1 1 3 1 1 3 1 1 1 1 1 2 0 1 0 0 2 1 0 0 0 0 0 2 1 1 0 1 1 0 0 1 0 0 0 0 0 0 0 1 0 2
1237 3055 3024 2052 1208 850 554 427 329 311 255 208 131 104 142 110 71 103 68 81 53 60 56 41 28 21 23 9 8 6 6 2 35 54 23 17 14 17 31 23 10 6 3 5 3 2 1 1 1 2 2 1 1 0 0 0 2 45 27 9 7 2 4 3 3 2 2 1 0 1 1 1 0 2 1 0 0 0 0 0 0 0 0 0 0 0 0 0 0 0 0 0 0 3
1193 3048 3019 1958 1301 854 612 434 397 294 227 190 183 137 120 85 87 86 73 53 62 29 29 63 37 40 57 32 15 32 30 12 29 26 16 7 5 6 3 5 0 6 2 0 1 26 23 14 9 7 3 6 3 5 1 3 0 0 1 1 1 0 0 2 0 0 0 0 0 0 0 0 0 0 0 0 0 0 0 0 0 0 0 0 1
1165 3070 2958 1989 1267 872 597 500 326 278 242 194 154 118 114 83 83 48 69 71 36 48 58 44 27 31 18 27 23 10 8 21 20 11 7 46 56 40 40 23 18 15 10 5 5 1 0 3 4 5 2 1 1 1 1 2 2 1 0 0 0 8 42 21 16 13 7 2 4 4 0 0 1 1 4 0 0 1 2 0 1 0 0 0 0 1 0 0 0 0 0 0 1 0 0 0 1 2
1253 3048 3049 1971 1285 861 621 425 328 289 224 212 172 150 98 82 43 72 94 63 43 46 36 35 28 44 37 46 47 37 15 9 10 4 6 5 2 4 1 4 2 1 0 1 1 1 0 48 11 25 34 22 18 9 3 2 2 5 6 0 0 2 0 1 0 1 1 0 1 2 1 0 2
1213 3063 2939 1952 1263 839 557 445 401 232 156 187 196 144 75 82 84 81 74 54 49 33 29 28 50 62 36 42 41 35 31 43 64 34 16 21 3 4 4 5 3 3 31 27 37 36 24 15 6 23 30 22 8 16 12 5 6 5 2 3 2 1 2 2 0 0 0 1 0 0 3 0 1 1 3 1 0 0 0 0 1 0 0 0 1 0 0 1
1172 3044 2975 1927 1336 914 696 416 352 330 245 193 142 175 133 89 59 71 76 42 43 19 18 93 56 40 47 29 26 12 11 22 31 11 11 7 4 9 3 4 1 3 4 0 0 2 15 38 17 7 4 5 2 10 6 0 0 0 1 0 0 0 0 0 0 0 1 0 0 0 0 1 0 0 0 0 0 1
1171 3022 2989 1947 1250 841 651 391 340 288 228 180 131 169 192 106 66 72 51 44 53 64 65 40 74 41 22 26 10 9 8 10 4 5 1 14 34 23 52 42 38 24 10 12 8 7 0 2 1 4 0 0 2 4 1 1 0 0 1 0 0 0 0 0 1 0 9 54 25 23 11 11 2 8 3 1 3 1 1 1 0 1 0 0 0 0 0 2 0 0 0 0 0 0 0 0 0 0 0 0 0 2 0 0 0 0 1
1184 3065 3056 2004 1157 841 590 399 383 318 175 136 146 135 128 122 99 68 82 53 45 75 52 51 49 33 48 43 26 12 11 12 66 55 19 8 5 6 9 3 4 2 0 0 3 5 2 39 23 11 5 3 2 4 4 0 4 46 25 10 10 5 3 4 2 1 3 2 0 1 1 1 0 0 1 1 0 0 1 0 0 1 0 0 0 0 0 1 0 0 0 0 0 0 0 0 0 0 0 0 0 0 2
1204 2997 2992 2032 1254 904 627 461 334 282 256 174 162 117 96 96 70 85 90 57 31 39 65 92 46 41 54 29 18 31 18 14 8 8 8 1 6 2 2 16 31 7 9 8 3 25 31 13 12 4 7 6 2 3 2 3 2 0 0 3 0 1 2 1 0 1 2 1 0 0 0 0 0 1 0 0 0 1 0 0 0 0 0 1
1256 3081 3012 1993 1268 835 635 414 377 283 173 161 125 116 116 127 86 103 82 65 51 44 41 38 47 53 30 13 30 16 49 42 41 31 15 16 11 9 3 8 4 14 20 22 11 5 7 5 1 3 2 1 2 1 0 1 0 1 0 1 0 0 0 0 0 0 0 0 0 1 1 0 1 0 0 0 0 0 0 0 0 0 0 0 0 0 0 0 0 0 0 0 0 1
1212 3026 2981 2024 1248 805 666 467 340 241 256 267 161 99 81 84 93 132 116 70 47 48 29 29 29 22 14 26 18 50 59 64 36 23 12 5 9 37 17 14 10 4 5 0 0 3 3 1 0 2 1 1 0 1 2 1 0 2 4 0 1 0 0 0 1 1 1
1172 3086 3007 1942 1233 863 644 445 303 263 196 195 143 149 100 78 122 87 73 58 64 48 51 68 74 72 71 42 20 41 33 16 7 5 7 6 3 7 4 5 3 3 0 24 26 38 39 15 12 7 3 1 3 1 3 2 2 1 1 1 0 1 2 2 0 1 3 1 1 0 0 1 0 0 0 0 0 0 0 0 0 0 0 0 0 0 0 0 0 0 0 0 0 1
1174 2951 3105 1915 1330 855 613 456 359 262 218 180 167 127 109 140 94 68 57 32 40 51 33 65 30 31 35 59 48 37 34 15 13 8 4 2 5 4 4 8 57 31 22 8 5 5 1 34 31 14 12 6 5 8 3 4 1 2 1 0 0 2 0 1 0 0 1 4 1 0 0 0 0 0 0 0 1 1 1 0 0 0 0 0 0 0 1
1262 3092 3000 1971 1292 822 620 528 292 241 211 128 161 165 74 54 67 69 77 79 57 80 70 51 23 18 14 28 26 34 24 14 10 51 34 23 19 34 16 10 19 5 5 3 2 2 1 0 22 34 26 10 5 9 4 3 0 0 0 1 1 3 0 1 0 0 0 0 0 0 1 0 0 0 0 0 0 0 0 1 1 0 0 1
1231 3044 2986 1959 1367 868 574 395 390 328 171 148 129 113 130 137 67 55 66 27 17 54 58 27 63 76 54 26 15 15 11 41 23 15 33 27 10 35 18 9 3 6 1 4 3 5 3 3 2 0 2 1 1 0 1 1 0 1 0 9 57 26 15 6 11 5 3 5 1 2 0 0 2 2 0 1 0 1 0 1 0 1 2 1 0 0 1
1226 3012 3080 1972 1213 857 605 440 393 289 222 181 124 118 140 140 80 58 50 29 40 71 59 94 68 39 42 36 13 15 9 6 2 4 3 0 2 3 29 24 43 58 35 19 5 9 16 4 3 2 4 0 6 0 1 0 1 0 2 0 0 0 1 0 0 2 0 0 1 0 0 0 0 0 0 0 0 0 0 0 0 0 0 0 1
1165 3017 3022 1957 1296 870 595 470 369 311 202 155 141 154 181 80 66 95 53 63 26 41 36 46 95 50 26 17 15 49 55 28 15 19 29 30 19 37 31 13 11 11 5 6 2 6 4 1 0 0 1 2 3 1 0 0 0 0 3 2 1 1 0 0 0 0 0 1 0 0 0 1
1188 2953 2900 1986 1280 855 626 478 350 243 232 168 166 135 129 107 83 78 63 42 30 55 50 74 60 81 69 50 46 43 29 11 11 8 6 6 0 4 33 25 29 37 19 10 6 36 41 15 11 10 4 3 4 1 3 0 2 1 2 2 1 1 0 0 2 0 1 0 1 1 1 0 1 1 0 0 0 0 0 0 0 0 1 1
1174 3075 2902 2023 1273 814 649 481 347 285 246 192 157 147 150 111 77 57 65 70 53 31 20 22 39 47 42 32 53 40 48 16 13 7 6 3 5 1 6 3 2 1 1 1 0 0 0 0 0 42 24 27 44 20 15 5 4 5 4 5 4 4 0 1 1 2 2 0 1 1 0 1 1 0 0 0 0 0 0 0 0 1
1260 3052 2998 1950 1355 827 626 420 349 250 225 202 185 139 155 118 67 61 30 45 51 31 29 39 47 26 35 24 15 29 48 38 18 45 33 20 10 4 4 1 0 3 2 3 3 1 2 2 0 0 0 0 2 36 29 16 7 11 2 2 3 4 0 1 0 2 1 2 1 0 1 0 1 0 0 0 1 0 0 0 0 1 0 0 0 0 0 1
1156 2973 2952 1921 1277 845 611 492 406 283 200 159 170 143 124 107 87 79 85 55 52 67 26 18 10 8 33 84 69 31 22 20 51 19 12 10 3 7 4 2 0 0 1 0 1 1 1 6 72 45 30 15 6 5 3 2 31 30 14 9 6 9 3 7 4 2 4 2 3 5 1 0 2 0 0 2 0 1 0 0 0 1 0 0 0 0 0 0 0 0 0 0 0 0 0 0 0 0 0 0 0 0 2 1 1
1223 2999 2878 1985 1297 903 595 457 357 324 214 172 90 113 163 75 99 63 57 39 38 44 66 65 94 73 35 39 41 42 16 14 7 6 4 4 4 2 28 20 18 12 3 33 21 15 5 5 4 2 25 29 26 12 9 7 2 0 2 3 1 1 1 5 1 0 1 1 1 2 0 1 1 0 0 1 1 0 0 0 0 2 0 0 0 0 0 0 1 0 0 0 2
1186 2967 3025 1995 1293 907 655 428 324 278 271 203 133 112 85 71 105 105 89 48 48 49 52 26 32 21 32 54 44 30 22 32 28 21 13 3 44 21 15 6 3 6 2 1 5 44 17 8 6 9 4 3 1 1 1 1 0 2 0 0 2 1 1 0 1 0 1 1 0 0 0 2 0 0 0 1 1 0 1 2
1171 3025 3065 1961 1223 870 601 463 334 248 197 147 175 141 173 128 82 74 46 70 74 48 50 73 77 77 38 27 20 12 7 7 7 35 12 22 10 8 10 26 62 29 22 7 12 6 3 8 3 0 1 2 2 0 2 1 2 0 1 1 0 1 1 0 0 0 1
1188 2982 2935 1991 1278 865 671 498 273 271 211 264 197 142 91 85 121 71 78 88 74 49 54 53 54 47 24 18 13 32 26 14 14 4 9 32 20 13 7 6 2 4 4 10 48 22 11 11 3 3 6 1 2 2 2 2 1 1 1 0 0 0 0 0 0 0 0 0 0 0 0 0 0 0 0 0 0 1 0 1
1150 3089 3013 1902 1294 846 596 445 346 315 196 173 200 164 129 105 78 100 69 42 25 82 40 44 29 24 47 29 10 19 52 33 38 30 24 6 2 24 24 11 19 3 5 8 0 2 40 26 8 11 9 6 2 2 4 2 0 0 0 1 1 0 0 0 0 1 0 0 1 0 0 0 0 0 0 0 1 1 0 0 0 0 2 0 0 0 0 0 0 0 0 0 0 0 1
1163 2891 2949 1936 1311 898 655 434 370 311 253 197 146 177 134 73 64 92 47 66 53 28 57 47 47 29 45 12 15 33 29 38 14 53 45 21 16 12 7 21 30 20 6 10 7 23 34 23 8 7 7 6 5 1 2 2 2 3 2 2 1 0 0 0 4 0 0 1 1 0 0 0 0 1 0 0 0 1 3
1211 3097 3038 2022 1240 844 613 453 389 284 217 136 179 150 90 86 64 67 68 76 62 39 67 41 22 11 24 39 29 21 16 16 42 62 37 25 11 22 27 13 8 8 3 5 1 5 3 1 1 2 1 1 2 3 1 0 2 1 1 1 0 0 0 0 0 0 0 0 1
1206 3009 3015 1919 1311 869 570 452 343 280 197 198 185 183 162 98 72 53 59 81 88 72 72 50 29 29 38 14 21 35 9 13 30 19 20 28 23 25 32 25 11 10 5 5 4 2 3 2 3 6 1 1 1 0 1 4 2 0 1 3 1 0 0 0 0 0 0 0 0 0 0 0 1
1162 3062 3068 1898 1258 834 615 457 342 267 228 216 165 155 92 89 94 95 52 54 110 68 53 56 27 22 23 26 50 52 43 35 10 9 21 17 17 20 5 9 56 26 8 4 1 3 3 4 2 3 3 4 0 0 0 0 0 0 0 1 0 1 1 1 1 0 1 1 0 0 0 0 0 0 0 0 0 0 0 1
1207 2988 3082 2003 1234 898 621 427 348 278 230 190 157 112 92 113 80 96 127 70 44 40 35 32 36 16 18 40 64 26 23 56 35 15 13 9 7 5 6 4 1 4 3 2 2 4 1 0 8 41 16 14 7 3 3 4 0 0 2 3 1 1 0 1 0 0 0 0 0 0 0 0 1 0 0 2
1262 3130 2977 1974 1324 899 596 444 364 280 237 169 141 103 80 88 108 97 92 74 45 48 21 35 46 37 23 21 37 21 18 7 11 6 6 3 3 1 2 3 23 26 8 28 23 10 7 5 7 4 2 4 4 0 0 0 1 4 4 0 1 0 0 1 0 0 1 0 0 1 0 1 0 0 1 0 0 0 0 0 0 1 1
1196 2998 3055 1998 1242 880 581 493 338 292 179 172 132 128 140 112 59 77 58 39 46 47 42 52 41 53 18 55 21 41 24 46 50 33 15 11 6 5 7 2 16 24 16 10 6 7 3 4 2 0 1 1 1 2 0 40 36 15 6 7 3 0 3 2 0 1 1 1 0 1 1 3 1 0 0 0 1 0 0 0 1 0 1
1169 3039 2964 2031 1282 921 586 414 348 254 241 175 112 99 123 117 92 72 80 59 56 62 79 64 47 51 23 15 8 7 19 23 43 20 19 9 4 16 81 51 38 20 11 12 4 9 3 3 2 1 1 1 1 4 0 2 1 2 1 1 0 3 0 0 0 0 2 0 0 0 1 0 0 0 1 2
1196 3058 3022 2036 1254 842 603 496 372 265 204 199 172 111 99 82 111 102 80 59 48 36 34 24 12 31 28 54 34 34 31 24 9 10 2 1 5 2 0 1 0 1 2 3 14 33 12 19 44 30 10 10 6 5 3 3 2 5 1 3 3 0 4 0 0 0 0 0 0 0 1 0 0 0 0 3 0 0 0 0 0 0 0 0 0 0 0 0 0 0 1
