4449 10266 9526 6451 4190 2814 2003 1490 1159 899 787 641 477 388 326 298 222 241 234 193 173 154 104 164 135 77 73 46 75 89 90 76 47 40 41 40 22 13 17 7 66 85 84 42 23 56 38 25 18 13 11 8 25 49 20 46 44 63 69 32 22 8 9 14 5 4 0 5 4 1 1 4 2 2 3 1 3 1 1 1 0 0 0 0 0 0 1 1 0 27 81 31 13 14 7 7 5 5 0 2 1 1 1 0 0 0 0 0 0 0 0 0 2 0 0 0 0 0 3 0 0 0 0 0 0 0 0 0 0 0 0 0 0 0 0 0 0 0 0 0 0 0 0 0 0 0 0 0 0 0 0 0 0 0 0 0 0 0 0 103 83 43 24 14 18 7 6 3 9 5 2 4 3 0 2 2 5 3 1 0 2 0 0 0 0 0 0 0 1 0 0 1 1 0 0 0 0 0 0 1 0 1 0 0 0 0 0 0 0 0 1 0 0 1 0 0 0 0 1 0 0 0 0 0 0 0 0 0 0 0 0 0 0 0 0 0 0 0 0 0 0 0 0 0 0 0 0 0 0 0 0 0 0 0 0 0 0 0 0 0 0 0 0 0 0 0 0 0 0 0 0 0 0 0 0 0 0 0 0 0 0 0 0 0 0 0 0 0 0 0 0 0 0 0 0 0 0 0 0 0 0 0 0 0 0 0 0 0 0 0 0 0 0 0 0 0 0 0 0 0 0 0 0 0 0 0 0 0 0 0 0 0 0 0 0 0 0 0 0 0 0 0 0 0 0 0 0 0 0 0 0 0 0 0 0 0 1 1 0 3 1 1
4489 10354 9600 6360 4201 2626 1963 1642 1084 833 789 718 557 402 342 417 353 273 238 207 185 201 195 147 118 69 63 112 121 67 30 69 70 79 62 40 56 55 68 67 45 35 54 37 22 22 12 12 9 5 3 0 3 3 5 2 3 16 67 50 33 30 16 19 44 31 17 16 7 7 4 4 5 3 5 4 0 0 3 2 0 1 0 3 3 1 0 1 1 0 3 0 0 0 2 0 0 0 0 1 2 1 0 1 0 0 0 0 0 0 0 0 0 0 0 0 0 0 0 0 1 0 1 0 1 0 0 0 0 0 0 0 1
4504 10412 9472 6272 4147 2848 2062 1611 1171 904 689 585 506 467 346 331 292 299 251 197 186 130 141 116 87 92 109 92 94 92 96 83 78 76 64 47 33 21 17 12 6 8 4 55 63 44 23 6 13 12 6 37 43 17 19 56 23 24 22 6 6 4 3 3 0 1 6 51 36 14 17 9 5 7 4 1 3 2 1 0 2 1 1 0 2 1 0 0 0 0 0 0 0 0 0 0 0 0 1 0 0 0 0 1 0 0 0 1 0 0 0 0 0 0 0 0 1 0 13 102 52 34 20 19 8 4 8 4 2 1 3 3 0 2 5 4 0 0 1 0 0 0 0 0 6 1 0 0 0 0 1 1 0 0 0 0 0 0 0 0 0 0 0 0 0 0 0 0 0 0 0 0 0 0 0 0 0 0 0 0 0 0 0 0 0 0 0 0 0 0 0 0 0 0 0 0 0 0 0 0 0 0 0 0 0 0 0 0 0 0 0 0 0 0 0 0 0 0 0 0 0 0 0 0 0 0 0 0 0 0 0 0 0 0 0 0 0 0 0 0 0 0 0 0 0 0 0 0 0 0 0 0 0 0 0 0 0 0 0 0 0 0 0 0 0 0 1 1 0 0 1 0 0 1
4500 10398 9509 6230 4144 2750 2030 1468 1126 943 785 610 544 483 353 348 310 245 229 171 144 186 144 171 137 80 110 100 97 73 86 78 64 55 16 71 100 53 47 61 81 42 22 17 17 13 10 11 8 8 3 4 39 25 16 7 35 44 29 17 9 26 45 61 62 38 23 14 19 5 35 46 23 20 14 14 4 2 3 3 6 4 2 2 2 1 1 0 1 1 1 1 4 0 0 2 1 0 0 1 1 0 0 0 0 0 0 0 1 0 1 0 0 0 0 0 1 0 1 0 0 0 0 0 1 0 0 0 0 0 1 0 0 0 0 0 0 0 1
4379 10504 9394 6259 4102 2776 2103 1557 1188 975 739 609 572 494 351 235 233 244 260 238 205 182 195 198 122 78 64 45 39 54 71 119 129 134 138 76 73 60 37 35 14 9 10 10 9 6 9 8 29 35 23 51 31 20 11 9 4 6 2 4 4 2 2 1 2 5 4 4 3 0 3 0 0 3 1 0 0 0 0 0 0 0 0 0 1 31 58 33 21 25 73 48 16 21 4 14 6 8 3 3 1 3 3 2 0 3 2 1 0 1 1 0 0 1 1 0 0 2 4 1 0 0 1 0 1 3 0 0 0 0 0 0 0 0 0 0 0 0 0 0 0 1 0 0 0 0 0 0 0 0 0 0 0 0 0 0 0 0 0 0 0 0 0 0 0 0 0 0 0 0 0 0 0 0 1 0 1 0 0 0 0 0 0 0 0 0 0 0 0 0 0 0 0 0 0 0 0 0 0 0 1 0 0 0 0 0 1
4441 10180 9523 6265 4170 2858 2027 1582 1170 886 731 578 531 429 275 265 257 255 262 226 222 184 149 148 133 71 87 105 108 115 128 114 93 63 59 74 101 97 54 43 23 26 14 7 26 40 27 22 57 47 50 37 26 14 14 9 10 2 9 4 1 3 20 58 72 45 31 13 16 5 10 4 9 1 4 2 1 3 18 51 26 12 13 7 4 5 1 3 7 4 5 0 2 1 0 3 1 2 2 0 1 0 0 2 0 0 0 0 0 1 2 0 1 0 0 0 2 0 0 0 0 0 0 0 0 0 1 1 0 0 0 0 0 0 0 0 0 0 0 0 0 0 1 0 0 1
4469 10362 9571 6323 4054 2849 2081 1615 1223 899 763 655 526 462 403 320 344 261 226 222 209 118 132 150 99 106 97 109 110 98 83 76 57 24 25 47 27 24 12 5 13 25 30 16 58 17 23 10 13 7 5 40 21 17 10 45 34 25 14 11 9 20 36 32 15 18 4 6 3 2 5 3 4 27 43 30 19 8 10 5 3 5 1 6 4 2 1 1 0 0 1 0 0 0 0 0 0 1 0 1 0 0 0 0 1 0 0 1 0 0 0 0 1 0 0 0 0 0 0 0 0 0 0 0 0 0 0 0 1 0 0 0 0 0 0 0 0 0 0 1 0 0 0 0 0 0 0 0 0 0 0 1
4439 10272 9685 6218 3985 2855 1998 1485 1150 951 729 609 504 495 457 379 313 249 213 225 186 139 128 150 109 140 131 98 128 112 96 112 68 69 62 63 64 49 26 21 73 62 21 30 11 30 43 34 15 29 64 55 35 45 79 47 26 25 14 14 12 7 4 8 5 3 3 5 1 2 2 2 0 1 1 2 4 2 0 1 3 1 0 1 1 2 0 1 1 0 0 1 3 1 0 0 0 0 3 0 0 2 0 0 0 0 1 0 0 0 0 0 1
4569 10438 9585 6105 4269 2801 2021 1501 1123 935 760 621 466 350 393 321 296 253 293 242 175 155 112 99 102 121 149 102 94 69 58 70 69 57 87 73 59 37 17 20 47 64 48 48 33 19 16 14 11 9 28 39 14 16 15 7 6 6 3 0 30 42 20 10 7 4 6 7 6 2 38 52 41 78 36 30 17 14 9 4 5 2 4 0 5 0 1 3 0 0 2 2 1 0 1 0 0 0 0 1 1 0 1 2 0 0 0 1 0 0 0 0 0 0 0 1 0 0 0 0 0 0 0 0 0 0 0 0 0 0 1 0 0 0 0 0 1 0 1 0 0 0 0 0 0 0 0 0 0 0 0 0 0 1 0 0 0 0 0 0 0 0 0 1
4492 10265 9535 6164 4172 2753 2003 1557 1292 1007 804 656 544 415 342 305 267 216 201 217 206 173 156 123 93 93 89 86 57 87 101 97 146 120 90 53 55 44 53 66 37 52 46 25 16 77 55 27 24 16 18 15 8 14 45 33 15 14 10 11 3 7 7 4 3 0 1 2 4 4 1 1 0 1 2 0 0 1 3 16 54 34 23 18 7 10 8 7 4 3 1 2 1 1 3 1 1 1 2 3 0 0 0 0 0 1 0 0 0 1 1 0 0 0 0 0 0 0 0 0 0 1
4467 10301 9472 6247 4082 2848 2067 1514 1162 917 756 725 558 398 363 325 353 284 214 250 177 191 160 124 77 67 72 126 142 93 104 122 70 47 30 29 47 49 36 24 22 11 35 75 39 35 23 12 53 31 16 17 7 5 40 37 30 7 7 6 5 5 4 2 0 4 2 0 6 0 2 0 1 1 1 41 36 21 18 8 10 6 3 4 3 56 43 20 18 15 13 4 5 6 5 4 2 2 3 3 0 0 2 0 1 4 0 0 0 0 0 2 2 0 0 0 1 1 0 0 0 0 0 1 0 0 0 0 1 0 0 0 0 0 0 0 0 0 0 0 0 0 1 0 0 0 0 0 0 0 0 0 0 0 0 0 0 0 0 0 0 0 0 0 0 0 0 0 0 2 0 0 0 0 0 0 0 0 1 0 0 0 0 0 0 0 0 0 0 0 0 0 0 0 0 0 0 0 0 0 0 0 0 0 0 0 0 0 0 0 0 0 0 0 0 0 0 0 0 0 0 0 0 0 0 0 0 0 0 0 0 0 0 0 0 0 0 0 0 0 0 0 0 0 0 0 0 0 0 0 0 0 0 0 0 0 1 0 0 0 0 1
4476 10528 9451 6311 4055 2858 2098 1516 1111 918 756 648 504 442 406 382 268 224 247 216 178 129 116 111 102 72 151 127 117 71 67 84 53 46 42 53 25 73 32 53 48 40 29 24 15 13 2 22 29 46 43 23 22 12 14 44 26 38 64 32 19 7 10 6 5 4 5 4 3 2 2 0 2 2 2 0 1 2 0 0 1 0 2 1 0 0 1 1 0 0 0 1 0 0 0 0 0 0 0 0 0 2 50 50 26 20 14 11 6 10 2 4 4 1 1 1 2 0 1 2 0 0 0 1 1 0 0 1 0 0 0 2 0 0 0 1 0 0 0 0 1 0 0 0 0 0 0 0 0 0 0 0 0 0 0 0 0 0 0 0 0 0 0 0 0 0 0 0 0 0 0 0 0 0 0 0 0 0 0 0 0 0 0 0 0 0 0 0 0 0 0 0 0 0 0 0 0 0 0 0 0 0 0 0 0 0 0 0 0 0 0 0 0 0 0 0 0 0 0 0 0 0 0 0 0 0 0 0 0 1
4412 10287 9445 6304 4180 2763 2138 1547 1175 916 701 626 545 379 420 381 308 282 245 193 151 162 142 111 84 126 90 101 78 100 116 66 63 53 41 42 72 53 51 26 19 58 35 25 20 39 26 61 47 24 28 45 25 23 12 8 15 6 5 3 6 0 7 63 29 20 9 6 4 9 5 1 15 52 31 18 10 13 9 6 1 0 2 32 51 24 15 9 10 5 9 4 2 3 2 1 3 1 0 3 1 0 1 1 0 0 0 0 0 1 0 0 0 0 0 0 0 1 0 0 1 0 0 1 0 0 0 0 0 0 0 0 0 0 1 0 0 1 0 0 0 0 0 0 0 0 0 0 0 0 0 0 0 0 0 0 0 1 0 0 0 0 0 1 0 0 0 0 1
4503 10431 9584 6260 4105 2844 1973 1561 1122 905 698 618 497 482 384 333 315 292 233 221 140 131 182 187 129 116 154 128 97 115 103 104 52 35 29 90 67 55 36 28 18 7 20 9 15 28 40 42 28 19 8 12 32 33 15 9 12 10 6 4 3 34 84 50 20 17 10 12 8 6 4 4 1 4 3 1 2 0 1 4 3 4 4 0 0 2 3 1 1 1 1 1 0 1 0 0 0 0 0 0 1 0 0 0 0 0 0 0 0 1 0 0 0 1 0 0 0 0 0 0 0 0 1 0 0 0 0 0 0 0 0 0 0 0 0 0 0 0 0 0 0 1
4472 10367 9384 6272 4105 2763 2001 1509 1208 837 789 659 529 429 379 312 259 190 241 225 234 176 149 96 90 81 108 94 91 109 121 105 79 50 62 43 37 26 22 22 35 34 50 27 16 35 48 33 40 54 46 31 27 43 87 50 56 25 37 20 19 9 14 8 8 5 3 6 2 3 2 63 43 25 14 13 10 4 4 2 36 42 33 25 13 7 6 3 9 4 3 3 4 1 0 4 2 0 1 0 3 2 1 0 1 2 1 1 1 1 0 1 1 1 0 0 0 1 0 0 1 1 1 1 0 1 2 0 0 0 0 0 1 0 1 0 0 0 0 0 0 0 0 0 0 0 0 0 0 0 0 0 0 0 1 0 0 0 0 0 0 0 0 0 0 0 0 0 0 0 0 0 0 0 0 0 0 0 0 0 1 0 0 0 0 0 0 0 0 0 1
4473 10413 9406 6247 4135 2853 2009 1512 1170 892 761 622 503 448 396 341 346 248 199 161 155 119 93 149 149 102 114 140 169 125 87 66 70 95 68 55 89 44 26 26 15 53 33 19 6 15 20 40 22 15 8 15 51 27 25 13 9 8 8 3 0 3 15 33 35 11 8 10 4 6 4 3 23 45 22 19 6 15 4 4 3 3 3 1 2 3 2 2 1 2 0 38 47 37 20 14 11 9 3 6 7 4 4 5 2 1 1 1 2 2 1 0 0 0 1 1 0 2 1 1 0 1 1 0 0 0 0 0 0 0 0 0 0 0 1 0 1 0 0 0 0 0 0 0 0 0 0 0 0 0 0 0 0 0 1 0 0 0 0 0 0 0 0 0 0 0 0 1 0 0 0 1
4598 10274 9590 6265 4059 2889 2111 1525 1204 860 738 626 556 505 380 300 225 204 258 250 222 177 182 187 142 112 101 85 88 96 99 136 77 79 53 32 24 38 34 51 33 51 35 14 9 9 29 44 24 20 33 33 40 55 29 16 11 16 11 3 8 5 0 1 1 3 0 2 3 5 5 3 1 0 1 3 2 0 1 1 1 1 1 0 1 1 0 2 0 0 0 0 0 1 0 0 0 0 0 0 0 0 0 0 0 0 0 0 0 0 0 0 0 0 0 0 0 0 0 0 0 0 0 1
4427 10458 9451 6477 4164 2837 2020 1607 1162 923 694 636 556 461 372 360 305 233 204 174 156 141 107 166 111 122 121 108 118 95 108 100 95 83 49 57 90 53 35 34 40 65 36 17 12 13 6 7 5 8 4 1 4 1 5 3 21 39 25 14 12 8 4 41 37 13 14 13 9 7 4 3 3 7 3 1 1 4 1 0 4 0 1 2 1 1 0 0 0 0 3 1 1 0 0 1 0 0 2 0 0 0 1 0 0 0 0 0 0 0 0 0 0 0 0 0 0 0 2
4444 10468 9424 6139 4213 2860 2039 1515 1198 920 733 585 560 470 435 352 260 181 235 233 178 190 169 153 179 175 146 113 65 97 82 82 69 70 50 30 40 24 43 36 27 16 18 38 59 64 49 30 16 16 12 49 53 45 18 19 19 36 41 28 14 15 5 5 6 5 1 2 4 2 2 2 3 3 0 0 7 1 3 1 1 3 0 0 0 0 0 0 0 0 0 1 1 0 0 1 0 0 0 0 1 1 1 0 0 0 1 0 0 0 0 0 0 0 0 0 0 0 0 0 0 0 0 0 0 0 0 0 0 0 0 0 0 0 0 0 0 0 0 0 0 0 0 0 0 0 0 0 0 1
4560 10361 9394 6292 4156 2682 2029 1550 1086 937 793 713 553 438 328 359 303 306 278 189 178 147 127 154 175 104 160 169 127 63 51 46 26 59 47 25 19 21 31 30 23 18 52 67 34 32 48 42 68 60 33 41 65 32 18 16 15 10 6 8 2 7 4 6 4 5 3 4 0 2 0 1 1 1 0 2 1 1 0 2 0 0 0 0 0 0 0 0 0 0 0 33 51 35 22 4 8 8 5 6 2 0 1 6 1 3 1 1 1 1 1 2 1 0 0 2 2 0 0 0 1 0 0 0 0 0 0 0 0 0 0 0 1 0 0 0 0 0 1 0 0 0 0 0 0 0 0 0 0 0 0 0 0 0 0 0 0 0 0 0 0 0 0 0 0 0 0 0 0 0 0 0 0 0 0 0 0 0 0 0 0 0 0 0 0 0 0 0 0 0 0 0 0 0 0 0 0 0 0 0 0 0 0 0 0 0 0 1
4469 10047 9752 6157 4030 2915 1953 1511 1194 1053 789 584 600 499 440 328 266 217 244 186 175 121 133 120 118 149 142 104 114 77 55 39 20 41 49 85 65 56 46 35 29 22 9 20 34 30 36 65 48 56 44 16 17 14 8 50 38 25 17 7 9 9 3 2 5 37 39 38 16 6 8 6 1 6 3 2 1 3 6 2 2 0 1 2 0 1 0 0 0 1 0 1 0 0 1 0 1 38 61 29 23 13 13 10 7 2 4 4 0 1 4 1 3 0 0 0 1 1 0 0 1 0 0 1 2 1 0 0 0 1 0 0 0 0 0 0 1 0 0 0 0 0 0 1 0 0 0 0 0 0 0 0 0 0 0 0 0 0 0 0 0 1 0 0 0 0 0 0 0 0 0 0 0 0 0 0 0 0 0 0 0 0 0 0 0 0 0 0 0 0 0 0 0 0 0 0 0 0 0 0 0 0 0 0 0 0 0 0 0 0 0 0 0 0 0 0 0 0 0 0 0 0 0 0 1 0 0 0 0 0 0 0 0 0 0 0 0 0 0 0 0 0 0 1
4368 10276 9603 6309 4037 2826 1968 1452 1211 865 825 637 467 416 407 314 271 247 206 195 231 155 137 138 136 152 133 83 68 64 84 104 106 62 49 35 46 39 45 104 76 68 42 35 48 34 24 20 10 13 8 16 7 52 46 80 58 48 24 16 13 8 12 11 6 6 1 4 32 71 62 47 28 11 11 8 9 8 10 0 6 3 1 1 1 2 1 0 0 1 5 3 1 1 1 1 2 1 1 1 1 1 0 0 0 0 2 1 1 1 0 0 0 0 0 0 0 0 0 0 0 2 1 0 0 0 0 0 0 0 0 0 0 0 0 0 1 0 0 0 0 0 1 0 0 0 0 0 0 0 0 0 0 0 0 1 0 1
4541 10238 9658 6262 4074 2850 2007 1503 1145 884 703 525 477 432 354 350 297 286 241 171 138 139 144 182 190 167 98 89 89 66 51 37 105 67 56 76 80 55 117 96 67 62 30 35 47 32 9 17 14 7 8 8 5 4 7 3 33 32 21 14 7 10 28 51 21 10 37 48 84 39 20 25 20 17 11 9 6 5 7 6 3 2 0 2 3 0 1 1 7 2 2 0 0 2 3 0 2 0 2 0 0 1 1 0 1 2 0 0 0 1 0 0 0 1 0 1 0 1 1 0 0 0 0 1 0 0 0 0 0 2
4577 10368 9535 6315 4146 2733 2061 1556 1135 957 697 605 463 363 352 299 293 225 175 188 145 157 185 197 170 119 77 109 68 51 65 53 25 75 95 106 88 54 70 46 21 29 50 48 29 32 28 15 9 8 10 5 3 4 2 3 3 2 1 57 61 51 99 74 36 34 24 17 8 9 8 6 3 34 49 28 18 19 10 6 6 7 4 2 4 1 3 0 1 2 0 1 0 1 0 1 1 1 0 1 0 0 1 0 1 0 0 0 1 0 2 0 0 0 0 1 0 1 0 0 1 0 0 1 0 0 0 0 0 0 0 0 1 0 0 1 0 0 0 1 0 0 0 1 0 0 0 0 0 0 0 0 0 0 0 0 0 0 0 0 0 0 0 0 0 1
4493 10342 9553 6199 4184 2820 2004 1561 1214 986 685 592 522 452 379 304 248 236 266 228 222 188 117 143 123 102 112 122 113 99 76 55 42 43 46 78 65 79 43 27 12 12 43 20 20 8 13 50 47 76 63 45 65 52 41 27 8 15 14 12 4 7 15 46 24 18 8 15 7 4 5 4 5 1 1 3 2 2 4 1 0 2 2 1 0 1 0 4 1 0 0 0 1 2 0 0 0 0 1 0 1 0 0 0 0 0 0 0 0 0 0 1 0 0 2
4432 10161 9373 6343 4163 2889 1934 1521 1301 936 740 592 540 495 408 387 274 259 226 165 196 121 158 162 139 148 115 101 112 94 80 76 72 42 36 84 41 28 14 18 12 18 41 30 38 82 38 87 69 44 34 24 10 14 8 41 27 27 10 8 9 34 35 20 20 13 9 11 4 0 5 4 3 0 5 4 0 2 23 45 23 18 11 10 8 10 5 5 1 1 3 1 4 1 1 2 0 1 0 0 0 0 1 0 0 1 0 1 0 1 0 0 1 0 1 1 0 0 1 0 0 0 0 0 0 0 0 0 0 0 1 0 1 0 1 0 0 0 0 0 0 0 0 0 0 0 0 0 0 0 0 0 0 0 0 0 0 0 0 0 0 0 0 0 0 0 0 0 0 0 0 0 0 0 0 0 1
4384 10321 9455 6217 4085 2895 2019 1573 1221 979 712 588 507 443 422 361 322 249 200 186 157 106 142 203 165 130 164 136 112 101 65 33 30 38 85 55 46 56 39 45 41 72 74 59 30 36 85 45 42 29 21 11 11 7 8 7 4 4 4 4 3 4 5 2 22 50 23 18 11 5 4 6 4 47 36 24 21 14 8 5 4 3 5 3 2 4 4 2 2 1 1 1 0 3 0 1 0 2 0 0 1 0 0 1 0 2 2 0 0 0 0 0 1 0 0 0 0 0 0 0 0 0 0 0 0 0 0 0 0 0 0 0 0 0 0 0 0 0 0 0 0 0 0 0 1 0 0 0 0 0 0 0 0 0 0 0 0 0 0 0 0 0 0 0 1 0 1
4492 10583 9359 6335 4074 2813 2047 1491 1130 899 676 595 507 476 375 279 265 238 267 221 183 127 137 99 144 137 104 108 140 129 88 52 82 96 103 73 42 56 46 40 29 31 48 50 46 35 60 33 38 81 75 52 34 27 17 13 32 47 25 21 8 12 8 7 4 4 11 4 2 4 2 3 1 0 0 2 0 3 2 1 2 2 0 2 0 1 0 0 0 1 0 1 1 1 1 0 0 0 0 0 1 0 0 2 1 0 0 0 0 0 0 0 0 0 1 0 0 1 0 0 0 0 0 0 0 0 1 1 0 1
4509 10298 9623 6301 4095 2863 2067 1461 1113 934 788 621 487 475 343 361 290 301 233 198 169 155 108 89 80 132 202 188 124 73 93 72 42 39 63 66 42 52 35 47 48 18 63 41 17 16 17 66 42 24 21 10 10 12 5 5 4 4 2 5 3 3 1 1 2 2 2 1 15 48 27 20 16 4 18 50 30 17 18 7 9 1 3 6 6 3 3 2 2 2 0 1 0 2 3 0 1 2 0 0 0 0 0 0 0 0 0 0 0 1 0 0 0 0 0 1 0 0 0 0 2 0 0 0 1 0 0 0 0 0 0 0 0 0 0 0 0 0 0 0 0 0 0 0 0 0 0 0 0 0 0 0 0 0 0 0 0 1 0 0 0 0 0 0 0 0 0 2
4362 10153 9582 6225 4127 2841 2050 1569 1141 915 782 632 492 433 412 392 280 269 230 215 178 164 122 138 130 138 109 121 111 103 73 72 51 65 71 68 42 44 67 40 36 63 75 41 27 25 16 36 22 39 46 27 21 16 20 45 26 20 12 11 5 7 3 3 9 5 33 27 31 15 12 7 13 57 47 25 14 6 5 4 3 5 1 2 2 1 3 3 0 2 0 0 0 1 0 2 1 1 1 0 0 1 0 0 0 0 2 0 0 0 0 0 1 0 0 0 0 0 0 1 1 0 1 0 0 0 0 0 0 0 0 0 0 0 0 0 0 0 0 0 0 0 0 0 1 1 0 1 0 0 0 0 0 0 0 0 0 0 0 0 1 0 0 0 1
4320 10295 9413 6127 4151 2808 2122 1550 1096 1003 827 695 488 417 395 321 288 321 264 245 213 162 166 185 109 123 128 106 88 67 99 66 54 58 52 88 65 46 36 78 46 35 37 43 28 21 17 15 27 37 44 41 22 25 18 12 7 10 8 6 3 41 39 27 14 8 5 5 7 2 4 3 3 1 5 46 43 21 15 11 9 8 3 5 5 2 4 1 2 0 2 2 2 0 0 2 4 1 1 0 1 0 1 1 1 0 1 0 0 1 1 0 0 0 0 1 0 0 0 0 0 0 0 0 0 0 0 1 0 0 0 0 0 0 0 1 1
4526 10399 9671 6126 4213 2947 2032 1535 1174 956 762 563 488 482 389 322 278 218 213 186 147 150 138 101 97 168 156 133 108 70 72 46 33 37 29 34 33 35 37 58 35 23 22 33 38 27 56 37 71 54 42 21 17 55 38 21 18 10 10 9 3 7 2 1 2 1 4 0 2 57 39 13 10 8 8 7 3 3 2 2 7 1 2 0 0 0 1 1 1 2 1 1 1 0 2 0 0 1 1 0 0 0 1 0 1 0 0 0 1 0 0 0 0 0 0 0 0 1 0 0 0 1 0 0 0 0 0 0 0 1
4466 10089 9606 6334 4175 2816 2176 1577 1190 967 828 663 571 397 344 306 351 227 168 138 159 162 143 109 162 130 103 81 128 85 57 56 76 52 21 20 17 10 31 46 37 29 30 59 44 52 36 25 20 83 58 41 27 20 15 7 8 45 32 17 15 11 13 6 8 7 3 4 0 2 2 2 1 1 0 1 2 1 1 1 3 0 0 2 1 2 11 42 44 24 9 13 6 6 3 6 1 1 3 0 2 2 0 1 1 0 4 0 0 5 0 1 0 0 0 0 1 0 0 0 0 0 0 0 0 1 0 1 0 0 1 0 0 0 1
4548 10479 9492 6322 4206 2791 2049 1506 1166 964 731 562 565 476 325 350 322 295 222 162 139 177 107 112 74 185 175 151 123 102 69 47 46 52 52 29 23 15 21 39 28 18 8 8 36 90 93 36 26 18 52 36 24 16 14 9 9 4 3 6 2 2 5 2 4 2 2 0 23 40 22 19 19 4 9 6 1 2 3 0 5 3 3 1 0 1 0 0 2 0 2 2 1 1 2 0 1 0 0 1 1 0 0 0 0 0 0 0 0 0 0 1 1 0 0 0 0 0 0 0 0 0 0 0 0 0 0 0 0 0 0 0 0 0 0 0 0 0 0 0 0 0 0 0 0 0 0 0 0 0 0 0 0 0 0 1
4540 10358 9658 6381 4113 2856 1963 1484 1104 883 747 652 496 361 352 358 325 293 210 159 106 154 186 138 84 60 92 111 88 87 83 71 45 52 69 67 44 81 66 80 61 38 27 19 7 5 9 64 55 31 24 18 16 39 36 22 17 16 35 30 67 51 40 52 32 21 19 14 7 12 6 7 3 6 4 3 2 7 2 0 0 0 0 1 0 1 0 0 0 1 1 0 1 1 1 2 1 2 0 0 0 0 0 0 1 0 3 0 0 0 0 0 0 0 0 0 0 0 1 1 0 0 1 0 0 0 0 0 0 0 0 0 0 0 0 0 0 0 0 0 1
4526 10495 9560 6268 4054 2754 2031 1482 1160 923 714 663 507 445 445 362 324 228 254 229 233 169 121 154 131 105 86 53 55 72 102 122 68 48 30 71 74 47 51 41 46 36 28 19 19 12 10 8 9 9 18 41 18 13 16 44 28 31 8 10 6 3 34 43 78 35 20 13 5 12 11 7 5 7 4 4 3 2 2 4 2 1 3 3 0 3 0 0 0 0 1 1 0 1 3 0 0 0 0 0 0 0 1 0 0 0 0 0 0 0 0 0 0 0 0 0 0 0 0 0 0 0 1 0 1 0 1 0 0 0 0 0 0 0 0 0 0 0 0 0 0 0 0 0 1
4415 10442 9572 6269 4186 2752 1890 1513 1125 927 770 604 484 449 384 298 247 280 230 203 192 175 151 138 106 87 95 79 80 74 45 37 99 108 54 36 47 74 106 49 43 36 11 11 41 30 25 34 24 24 53 39 20 17 9 4 9 26 32 22 10 10 7 9 8 4 38 49 26 6 12 10 1 6 2 1 0 2 59 49 23 17 7 9 6 1 6 2 33 56 41 21 13 15 7 6 4 1 4 1 2 1 1 5 2 2 1 3 3 2 2 1 1 0 0 0 1 0 0 0 0 1 0 1 0 0 0 0 0 0 0 0 0 0 0 0 0 1 0 0 1 0 0 0 0 2 0 0 0 0 0 0 0 0 0 1 0 0 0 0 0 0 0 0 0 1 1 0 0 0 0 0 0 0 0 0 0 0 0 0 0 0 0 0 0 0 0 0 0 0 0 0 0 0 0 0 0 0 1
4447 10172 9616 6303 4175 2758 1933 1507 1151 925 693 587 548 521 429 321 252 266 189 210 220 162 136 167 173 133 103 120 81 84 54 33 47 113 117 89 113 60 40 27 29 13 14 9 20 72 45 61 42 23 22 22 51 20 22 17 13 8 5 9 3 5 3 3 4 5 4 0 4 1 4 0 0 0 0 1 0 0 9 67 28 18 14 10 3 2 7 1 2 2 2 19 49 37 23 19 8 7 6 2 4 3 0 3 2 1 0 2 1 1 1 2 0 1 2 1 2 1 0 1 0 0 1 0 0 1 1 0 0 0 0 0 0 0 0 1 0 0 0 1 0 0 0 0 0 0 1 0 0 0 0 0 0 0 0 0 0 0 0 0 0 0 0 0 0 0 0 0 0 0 0 0 0 0 0 0 0 0 0 0 0 0 0 0 0 0 0 0 0 0 0 0 0 0 0 0 0 0 0 0 0 0 0 0 0 0 0 1 1 0 0 0 0 0 0 0 0 0 0 0 1
4605 10146 9697 6346 4101 2840 2068 1589 1148 951 848 670 505 346 392 364 277 259 240 254 213 147 137 110 88 91 62 70 69 94 101 50 36 49 70 39 24 21 30 35 18 14 11 5 7 24 40 56 34 18 13 37 24 60 47 21 15 14 9 8 27 39 10 19 10 7 8 3 3 4 0 3 3 2 2 3 2 1 0 0 28 51 26 19 15 11 9 5 3 1 3 4 1 1 4 1 1 3 0 3 1 0 0 0 0 1 1 0 0 0 0 0 0 0 0 0 0 0 2 0 0 0 0 0 0 0 0 0 0 0 0 0 2 1 0 0 0 0 0 0 0 0 0 0 0 0 0 0 0 0 0 0 0 0 0 0 0 0 0 0 0 0 0 0 0 0 0 0 0 0 0 0 0 0 0 0 0 0 0 0 0 0 0 0 1
4424 10250 9462 6345 4067 2872 2042 1436 1225 911 819 599 517 470 427 320 320 311 230 150 227 213 188 139 112 119 117 113 128 100 65 37 60 32 29 67 49 34 49 60 55 23 17 19 19 39 24 21 10 15 44 66 50 31 10 13 8 7 3 2 3 6 2 2 7 3 2 2 41 32 19 23 10 7 1 5 3 2 2 4 1 1 1 2 2 1 1 1 54 50 26 13 9 4 5 5 3 2 6 1 2 1 2 2 0 0 0 0 1 2 2 2 0 1 1 0 0 1 1 0 1 0 0 0 0 1 0 0 0 0 0 0 0 1 0 0 0 0 0 0 0 0 0 0 0 0 0 0 0 0 0 0 1 0 1 1 0 0 0 0 0 0 0 0 0 0 0 0 0 0 0 0 0 0 0 0 0 0 0 0 0 0 0 0 0 0 0 0 0 0 0 0 0 0 0 0 0 0 0 0 1 0 1
4480 10354 9607 6251 4059 2858 1950 1529 1080 914 685 617 516 338 389 339 231 195 214 218 152 110 107 199 145 188 157 105 86 57 52 39 62 82 76 85 90 70 46 61 45 66 46 29 15 45 32 16 12 13 7 23 65 24 14 43 47 32 21 11 7 4 41 42 20 16 7 5 2 5 3 4 3 2 0 3 1 1 1 0 0 1 1 1 0 1 1 0 0 0 0 36 49 33 13 15 11 10 62 58 39 16 15 11 10 5 5 2 5 2 1 1 1 5 1 2 1 2 0 1 0 0 0 0 0 1 0 0 0 1 0 1 0 0 2 2 0 1 1 0 0 1 0 0 2 0 0 0 0 0 0 0 4 0 0 0 0 0 0 0 0 0 0 0 0 0 0 1 0 0 0 0 0 0 0 0 0 0 0 0 0 0 0 0 0 0 0 0 0 0 0 0 0 0 0 0 0 0 0 0 0 0 0 0 0 1
4531 10406 9623 6353 4161 2788 2016 1409 1172 948 743 645 560 415 340 320 318 239 187 117 144 206 192 175 130 98 69 60 51 61 53 75 42 51 75 54 96 92 55 36 20 22 18 38 35 15 13 8 49 36 18 10 2 9 3 2 7 4 10 38 26 8 53 40 47 39 27 16 15 10 7 7 6 7 4 3 5 1 4 2 2 1 3 1 0 55 52 24 10 9 5 6 2 7 6 1 3 0 0 2 3 1 3 0 2 1 2 1 0 1 1 0 0 1 1 0 0 0 0 0 0 0 0 0 0 0 1 0 0 0 0 1 0 0 0 0 0 0 0 0 1 0 0 0 1 0 0 0 0 0 0 0 0 0 0 0 1
4477 10206 9475 6190 4199 2845 2040 1505 1178 904 763 585 522 442 365 324 326 295 291 252 202 209 180 150 118 128 121 92 98 69 99 51 28 70 42 57 38 32 16 23 36 19 21 48 68 44 20 11 25 41 54 44 33 20 14 7 6 5 7 5 5 5 4 4 2 1 1 47 44 25 10 5 2 2 5 2 5 2 1 0 2 4 1 1 1 0 0 1 2 0 0 0 0 0 0 1 0 0 0 0 0 0 0 0 0 0 0 0 0 0 0 0 0 0 0 0 0 0 2 80 62 30 23 19 11 3 6 5 8 4 2 2 0 4 1 2 2 1 0 0 0 0 0 2 1 0 0 0 0 0 0 0 1 1 0 0 0 1 1 0 0 0 0 0 0 0 1 1 0 0 0 0 1 0 1 0 1 0 0 0 0 0 0 0 0 0 0 0 0 0 0 0 0 0 0 0 0 0 0 0 0 0 0 0 0 0 0 0 0 0 0 0 0 0 0 0 0 0 0 0 0 0 0 0 0 0 0 0 0 0 0 0 0 0 0 0 0 0 0 0 0 0 0 0 0 0 0 0 0 0 0 0 0 0 0 0 0 0 0 0 0 0 0 0 0 0 0 2
4663 10590 9616 6516 4177 2711 2097 1515 1141 844 756 560 459 424 354 294 305 231 171 155 113 130 180 144 103 94 97 89 152 74 87 56 51 50 43 27 42 24 28 62 86 56 30 31 52 29 11 12 9 13 6 4 3 3 2 3 39 35 23 43 27 22 19 7 9 10 4 2 1 6 4 47 36 17 13 7 8 7 4 5 4 3 4 1 0 1 3 2 0 0 0 2 1 0 0 0 0 3 0 1 0 0 0 0 0 0 0 0 0 0 0 0 0 2 0 0 0 0 1 0 0 0 0 0 0 1 0 0 0 1 0 0 0 0 0 0 0 0 0 0 0 0 0 0 0 0 0 0 0 0 0 0 0 0 0 0 0 0 1
4511 10273 9519 6349 4203 2829 2117 1509 1208 907 808 625 525 458 419 318 269 253 287 209 178 181 129 119 90 92 93 130 106 73 57 69 67 47 40 57 55 31 44 23 46 43 41 21 13 9 11 9 29 26 11 13 3 7 7 1 21 31 25 10 8 44 32 18 14 9 8 8 5 8 4 2 42 44 24 8 12 10 4 6 4 3 2 1 2 1 5 0 5 2 0 1 0 0 0 0 1 2 0 0 1 1 0 0 0 0 1 0 0 0 0 0 0 0 0 0 0 0 0 0 0 0 0 0 0 0 1 0 0 0 0 1 1 0 0 0 1 0 0 0 0 0 0 1
4472 10417 9480 6329 4137 2738 2020 1519 1146 873 796 655 534 358 379 327 254 242 193 180 216 205 136 81 89 86 119 157 119 68 59 95 96 63 73 74 67 30 26 42 51 62 44 25 10 13 8 6 7 6 3 6 2 3 1 27 82 48 20 23 13 53 59 18 19 14 8 6 5 2 3 3 24 53 25 16 11 8 3 4 5 3 1 2 2 2 1 1 1 4 0 1 2 1 1 0 0 0 1 0 0 1 1 0 0 1 1 0 40 51 35 22 15 10 13 7 5 1 4 2 0 2 0 1 3 0 0 0 1 1 0 1 0 0 0 0 0 0 1 1 0 0 1 1 0 0 0 0 0 0 0 0 0 0 0 0 0 0 0 0 0 0 0 2 0 0 0 0 0 0 0 0 0 0 0 0 0 0 0 2 0 0 0 0 1 0 0 0 0 0 0 0 0 0 0 0 0 0 0 0 0 0 0 0 0 0 0 0 0 0 0 0 0 0 0 0 0 0 0 0 0 0 0 0 0 0 0 0 0 0 0 0 0 0 0 0 0 0 0 0 0 0 0 0 1 0 0 0 0 0 0 0 0 0 0 0 0 0 0 0 1
4496 10444 9527 6253 4046 2795 1976 1382 1148 957 720 592 478 430 407 348 280 203 180 184 167 166 170 172 133 112 153 139 124 82 86 68 52 35 26 21 39 56 25 59 71 37 67 34 30 73 70 33 50 49 28 21 28 43 29 23 17 8 11 5 1 3 3 2 11 39 25 18 2 13 6 5 7 5 42 55 20 21 14 10 36 56 36 16 10 12 3 5 10 7 5 3 1 2 1 4 1 1 3 3 1 1 1 2 0 3 0 2 1 0 0 0 1 0 0 0 0 1 0 0 0 3 0 0 0 1 0 0 0 0 0 0 2 0 0 0 0 0 0 0 0 0 0 2 1 0 0 0 1 0 0 0 0 0 0 2 0 0 0 0 0 1
4482 10241 9386 6401 4141 2882 2037 1521 1166 907 704 629 540 457 336 276 295 298 248 229 210 151 153 111 112 93 80 83 115 198 120 97 58 52 66 45 49 31 31 18 13 12 17 35 41 41 23 23 14 4 7 73 68 32 22 15 14 9 8 4 44 30 13 18 52 32 20 19 9 10 4 6 5 3 0 3 3 3 1 54 40 24 16 10 9 7 7 5 3 2 1 1 1 1 4 1 0 0 0 0 0 0 0 0 1 0 1 0 2 1 1 0 0 1 0 0 0 0 0 0 1 2 0 0 0 0 0 0 0 0 0 1 0 1 0 0 1 1 0 0 1 0 0 0 0 0 0 0 0 0 0 0 0 0 0 0 0 0 0 0 0 0 0 0 0 0 0 0 0 0 0 0 0 0 0 0 0 1
4509 10303 9539 6343 4022 2981 2037 1433 1176 989 833 658 497 417 366 325 261 224 206 185 203 137 176 127 105 141 90 71 80 74 66 71 47 54 113 103 57 37 56 62 41 39 22 26 45 22 15 15 6 11 42 28 13 9 51 37 21 17 14 8 35 34 59 50 30 20 20 15 8 9 2 5 3 5 5 2 3 3 3 3 0 2 2 1 1 0 1 2 0 2 3 1 2 1 1 1 1 0 0 1 0 1 0 0 0 0 0 0 0 1 0 0 0 0 0 1 0 0 1 0 0 0 1 0 0 0 0 0 0 0 0 0 0 0 0 1 0 0 1 0 0 0 1 0 0 1
4517 10380 9588 6379 4027 2763 2077 1573 1220 984 790 626 533 420 350 390 304 324 226 200 183 146 122 108 119 79 94 101 118 79 99 55 42 68 34 39 22 15 19 45 26 54 56 94 40 36 41 34 23 8 34 33 24 16 13 7 12 2 3 5 2 4 1 3 1 4 3 2 0 2 0 0 0 0 0 15 47 22 17 16 4 5 3 5 2 2 4 1 1 2 2 1 2 1 1 1 0 0 1 0 0 0 1 0 1 0 0 1 0 0 0 1 0 0 0 0 0 0 0 0 0 0 0 0 0 0 0 0 0 0 0 0 0 0 0 0 0 0 0 0 0 0 0 0 0 0 0 0 0 0 0 0 0 0 0 0 0 0 0 0 0 0 0 0 0 0 0 0 0 0 0 0 0 1
