4045 10201 10102 6577 4191 2789 1969 1537 1185 855 631 640 533 421 378 304 255 238 196 192 193 174 137 105 78 73 87 84 65 79 116 174 85 83 44 83 54 39 18 10 50 21 50 41 25 14 20 6 3 6 8 4 4 6 82 61 36 22 41 44 26 15 8 15 5 5 3 4 2 2 4 55 31 18 23 63 37 29 11 10 4 11 5 5 7 4 4 2 2 3 1 2 1 2 0 0 0 1 1 1 1 0 0 4 2 3 0 0 0 0 0 1 0 0 0 0 0 0 0 0 0 0 0 0 0 0 0 0 0 1 0 0 0 0 0 0 0 0 0 0 0 0 0 0 1 1 0 0 0 0 0 1
3892 9975 10032 6490 4393 2757 2041 1570 1130 971 705 590 541 502 449 293 317 202 179 217 228 215 176 170 115 113 96 88 114 65 59 80 41 27 68 102 57 59 72 61 44 33 15 16 5 4 5 5 13 49 59 25 24 22 71 62 36 20 14 12 10 31 56 22 9 17 6 8 5 7 4 5 3 4 4 0 2 1 0 1 1 3 0 0 0 1 2 1 0 1 0 0 0 0 3 0 2 1 0 1 0 0 0 1 0 0 0 0 0 0 0 0 0 2 0 0 0 0 0 1
3929 10025 9750 6807 4246 2887 2054 1563 1226 885 735 516 453 368 398 381 269 200 196 243 140 128 119 130 121 99 91 164 126 120 85 47 36 59 41 46 52 22 26 52 53 62 138 82 48 29 42 45 24 20 51 65 60 31 13 23 12 8 5 1 4 4 3 0 3 2 0 2 0 4 2 2 0 2 42 101 53 32 15 17 12 6 8 4 5 3 1 1 2 2 2 2 0 1 0 1 0 1 1 1 0 0 0 0 0 0 1 1 0 0 1 1 0 2 1 0 0 0 0 0 2 0 0 0 3 0 0 0 0 0 0 1
3981 10074 10160 6439 4178 2909 2005 1556 1166 945 806 563 465 396 412 315 248 263 237 192 162 158 130 89 96 80 96 86 62 59 79 71 61 56 35 35 54 93 54 28 22 14 17 4 8 6 28 39 19 10 38 32 24 24 49 24 31 60 43 56 18 22 17 6 9 8 5 4 5 2 0 1 1 2 1 2 1 0 2 0 1 3 45 62 35 13 8 9 8 1 4 6 4 0 1 0 1 2 0 1 61 61 24 24 13 10 10 8 4 1 5 4 4 0 3 1 0 1 1 0 0 2 0 1 0 2 0 1 0 0 0 2 1 0 0 2 1 0 0 0 0 0 0 0 0 0 0 0 0 0 0 0 1 0 0 0 0 0 1
4095 10180 9931 6611 4332 2805 2015 1446 1088 860 656 636 575 455 303 292 287 241 256 190 126 116 146 155 153 160 140 68 64 104 89 56 55 68 75 40 31 9 25 63 65 104 37 91 79 65 41 22 15 43 35 23 14 9 5 3 4 3 7 3 3 5 1 3 2 0 2 2 0 39 45 36 66 41 25 9 3 11 6 8 4 0 0 1 2 2 1 1 0 0 1 2 0 0 2 0 0 0 1 0 2 0 0 0 0 0 0 0 0 0 0 2 2 0 0 1 0 2 0 0 0 0 0 0 0 0 0 0 0 1 0 0 0 0 0 0 0 0 0 2
3913 9909 10136 6712 4073 2921 1962 1475 1158 880 742 522 466 490 337 321 314 294 224 161 161 152 133 104 172 136 80 98 105 110 61 48 78 71 51 32 57 56 83 29 30 37 30 45 42 18 17 26 42 87 70 66 50 26 29 14 4 5 35 45 21 18 13 7 6 9 13 57 31 21 14 7 3 4 10 3 2 4 1 0 0 3 1 1 0 0 1 48 47 34 15 13 7 6 4 4 1 3 2 2 1 1 0 0 1 1 1 0 1 1 1 1 0 1 0 0 0 1 0 0 0 0 0 1 0 1 0 1 0 0 0 0 0 1 0 1 1 1 0 0 0 0 0 0 0 0 0 0 0 0 0 0 0 1 1
4069 10034 10187 6622 4137 2832 1991 1433 1213 909 686 556 513 395 353 349 236 222 215 230 185 177 169 182 85 57 65 53 49 93 73 72 98 91 74 62 65 33 20 17 40 35 19 60 24 19 11 11 5 1 13 73 72 68 39 21 18 9 7 11 5 2 4 44 31 19 12 14 5 3 4 5 3 0 3 0 56 43 17 12 15 3 6 5 1 9 1 0 0 5 76 47 24 12 8 12 3 1 3 4 4 1 1 0 2 0 0 2 0 2 2 0 1 1 0 0 1 0 0 0 0 0 0 1 0 0 0 1 0 0 1 0 0 1 0 0 0 1 0 0 0 1 0 0 0 0 0 0 0 0 0 0 0 0 0 0 0 0 0 0 0 0 0 0 0 1 1 0 0 1
3857 10090 9975 6527 4165 2880 2025 1473 1133 869 757 684 491 477 374 231 261 299 248 187 224 188 154 108 115 123 59 35 53 90 91 65 86 87 107 98 127 106 91 79 46 34 56 54 55 32 19 15 16 4 9 8 5 2 3 24 41 52 38 18 13 15 8 7 58 40 20 11 70 28 25 14 18 4 4 6 6 2 5 4 2 1 0 2 2 1 1 0 1 3 2 2 1 0 0 0 1 1 0 0 0 0 1 0 0 0 0 0 0 0 1 1
3939 10050 9894 6444 4314 2903 2077 1525 1244 893 795 591 516 440 415 309 279 187 182 144 198 251 139 135 72 47 38 53 143 129 94 47 82 58 29 45 83 61 45 26 19 8 7 28 79 42 16 18 12 20 38 21 17 13 7 4 77 63 27 19 12 9 9 69 26 19 20 11 5 2 4 2 1 1 2 5 2 75 96 53 29 15 14 18 13 6 0 8 1 4 3 0 0 0 1 1 2 2 0 0 0 0 2 0 1 2 0 0 0 0 0 1 0 0 0 0 0 1 0 0 0 0 0 0 0 0 0 0 0 0 0 0 0 0 0 0 0 0 1 0 0 0 0 0 0 0 0 0 0 0 0 0 0 0 0 0 2
3828 9916 9975 6592 4152 2813 2021 1590 1069 958 733 552 507 419 302 316 288 271 246 284 210 139 107 91 69 124 137 88 51 57 55 57 55 38 84 73 80 78 96 56 46 40 24 11 15 7 68 76 36 22 12 45 26 20 10 8 39 58 33 72 31 20 14 5 10 3 10 5 4 1 3 0 1 1 5 0 0 1 1 0 0 35 60 26 16 13 7 3 4 2 5 4 1 0 1 0 2 2 0 7 67 41 23 31 84 60 26 20 14 14 14 4 4 7 4 3 4 2 2 3 0 3 2 0 0 0 0 0 0 2 0 1 1 1 2 0 2 0 3 0 0 0 0 0 0 0 0 0 1 1 0 0 0 1 0 0 0 0 0 0 0 0 0 0 0 0 0 0 0 0 0 0 0 0 0 0 0 0 0 0 1 0 1 0 1 0 1 0 0 0 0 0 0 0 0 0 0 0 0 0 0 0 2
3899 9803 9811 6519 4159 2892 2043 1453 1140 977 721 584 567 427 410 338 284 240 228 232 205 199 183 174 185 196 180 87 108 68 35 24 17 58 50 107 79 54 66 43 27 22 11 33 45 81 85 49 28 23 12 6 11 8 29 54 25 13 11 6 5 1 35 46 17 12 6 10 12 2 2 2 2 2 1 1 20 63 26 20 15 7 7 4 4 1 3 1 0 4 0 1 0 2 0 3 41 81 39 17 13 9 8 3 1 5 2 0 3 1 2 0 1 1 1 2 2 1 0 0 3 0 1 0 0 0 0 0 0 0 0 0 1 0 0 0 0 1 0 0 0 0 0 0 0 0 0 0 0 0 0 0 0 0 0 0 0 0 0 0 0 0 0 0 0 0 0 0 0 0 0 1
3925 9905 10037 6546 4299 2868 1981 1476 1103 937 705 554 554 441 401 314 333 283 240 175 139 124 166 175 103 141 104 104 89 100 80 61 88 30 31 18 12 35 29 53 59 32 18 51 89 64 87 99 41 37 49 39 20 24 12 7 7 5 5 3 9 4 4 2 1 1 1 0 0 3 0 58 50 22 11 5 4 8 4 2 3 3 2 0 1 3 0 4 0 1 1 0 0 1 0 2 1 1 1 0 0 0 1 0 0 0 0 0 0 0 0 0 0 0 0 0 0 0 0 0 0 0 0 0 0 0 68 77 40 21 17 9 7 6 3 1 1 6 2 0 1 3 0 1 1 3 2 0 0 0 0 0 0 1 3 0 1 0 0 0 0 0 0 0 2 0 0 0 0 1 0 1 2
3993 9942 10061 6531 4284 2854 1943 1523 1104 944 773 708 498 422 341 309 216 264 261 248 229 137 160 145 118 80 104 90 67 90 126 102 75 90 87 56 43 54 58 67 40 60 40 16 19 20 18 50 56 48 30 16 49 50 13 13 6 8 6 3 2 6 4 2 3 1 1 0 2 1 1 0 0 1 0 0 0 0 1 1 0 0 0 1 0 2 2 0 0 0 0 0 46 55 33 18 13 6 5 8 5 4 2 1 0 1 3 1 1 2 1 0 0 0 0 0 0 0 0 0 0 1 0 0 1 1 0 0 0 1 1 0 1 0 0 0 1
3934 10010 9959 6626 4322 2713 1994 1476 1160 987 730 545 570 443 363 285 207 185 202 150 151 153 196 182 126 134 94 63 74 63 74 38 58 51 106 104 68 21 35 82 67 49 38 22 8 14 7 6 7 1 4 5 0 36 51 13 51 38 13 12 15 57 54 55 32 21 14 7 44 78 86 36 30 14 8 10 10 3 4 2 1 3 3 5 2 1 2 3 2 1 3 2 0 1 54 62 32 16 9 7 2 4 2 3 2 2 5 2 2 0 0 0 0 1 0 0 1 0 0 2 0 0 0 0 0 1 0 0 1 1 0 1 0 0 0 0 0 0 0 0 0 0 0 0 0 0 0 0 0 2 0 0 0 0 0 2
3947 10022 9929 6553 4183 2914 2070 1518 1123 978 771 562 409 412 345 324 271 315 232 180 189 130 76 71 92 166 147 155 107 50 74 84 66 55 90 67 43 51 41 41 22 10 11 14 66 49 40 45 64 56 32 24 23 71 68 60 24 16 10 13 11 5 5 5 3 3 1 1 60 41 28 12 9 3 6 3 3 7 3 2 0 1 3 1 0 0 0 3 0 0 2 0 2 37 58 36 11 14 4 8 5 5 3 2 0 2 0 1 3 3 2 0 1 1 0 0 0 3 0 0 0 0 0 0 3 0 0 0 0 0 0 0 0 0 0 0 2 0 0 0 0 0 1 1 0 0 0 0 0 0 0 0 0 0 0 0 0 0 0 0 1
3965 10014 9906 6485 4255 2869 2036 1555 1145 911 761 614 482 362 339 357 417 336 208 153 135 90 103 140 88 69 106 123 144 95 68 38 105 59 29 50 81 44 15 11 15 8 6 12 58 60 82 82 52 31 50 40 21 19 14 10 3 6 11 5 3 1 25 64 58 34 16 17 11 9 5 6 3 2 2 2 2 35 60 27 13 6 9 6 5 2 3 2 2 77 41 23 13 13 7 4 9 3 8 1 3 2 0 0 2 1 1 0 1 1 0 1 0 0 0 1 0 0 0 0 1 0 0 0 0 1 0 0 0 0 0 0 0 1 0 0 1 1 1 0 2 0 0 0 0 0 0 0 0 0 0 0 0 0 0 0 0 0 0 0 0 1 0 0 0 2
3966 10158 10271 6546 4166 2766 1968 1494 1169 823 660 657 532 412 350 310 216 176 149 213 222 218 197 145 113 129 67 52 74 41 85 82 41 30 44 23 18 13 61 110 103 81 57 73 84 30 19 19 10 12 12 3 34 31 55 40 26 17 9 15 51 29 14 21 6 5 6 1 4 46 42 34 9 5 5 6 49 56 19 14 11 9 9 5 5 2 2 5 3 3 2 0 1 2 3 3 4 0 1 1 0 0 0 0 0 2 0 1 0 1 1 1 1 1 0 0 0 0 1 0 1 0 0 0 0 0 0 1
3926 10059 10049 6525 4102 2883 2066 1428 1143 1069 783 577 495 458 373 365 350 249 205 216 168 108 119 126 107 128 118 101 109 63 65 43 54 82 59 71 66 62 40 60 83 40 19 40 45 22 11 13 10 5 7 8 5 37 41 12 10 8 6 4 0 5 6 56 26 16 12 5 7 16 64 45 14 5 8 4 26 59 35 16 10 9 1 6 12 8 3 4 3 7 1 1 0 2 1 0 0 0 1 1 2 2 0 1 0 0 0 0 0 0 2 0 0 0 0 0 0 0 0 0 0 0 0 1 0 0 0 0 0 0 0 0 0 0 0 0 0 0 2
4028 9775 10156 6566 4237 2799 2076 1514 1097 883 763 600 491 402 371 309 269 290 248 245 163 169 175 90 133 110 123 66 107 72 56 33 46 37 55 19 80 84 79 68 30 20 65 59 30 17 35 34 21 55 43 40 49 28 21 16 18 62 35 40 48 28 17 17 10 6 8 6 8 3 3 1 2 0 4 5 2 3 1 2 0 0 1 0 2 0 2 0 0 0 0 0 0 0 0 0 1 1 2 0 30 73 28 19 14 9 5 1 1 7 4 0 3 3 1 0 2 0 1 0 1 1 0 1 0 0 0 0 0 0 1 0 0 0 0 1 0 0 1 1 0 2 1 0 0 0 0 0 3 0 0 0 0 0 0 0 0 0 1 1
3881 9941 9880 6471 4340 2950 2002 1486 1146 883 711 658 571 419 309 281 323 286 269 238 180 122 98 95 87 144 158 123 156 96 80 93 64 67 71 27 20 15 32 40 52 80 40 23 68 138 87 48 90 87 94 50 33 18 23 11 12 3 7 4 3 2 4 4 1 2 1 5 8 2 1 0 46 46 24 6 12 11 4 3 4 2 3 1 1 3 1 1 1 1 2 0 2 1 1 0 1 1 3 1 0 0 1 0 1 0 0 0 0 1 0 0 0 0 0 0 0 0 0 2
4081 10027 10189 6611 4141 2948 2046 1378 1168 855 663 577 457 369 343 291 254 164 154 160 162 209 170 111 118 104 78 41 119 66 92 76 108 48 65 56 50 32 46 70 115 68 30 22 11 5 8 8 3 33 34 23 30 48 23 17 61 72 37 36 78 43 46 76 41 23 13 5 7 7 3 2 4 1 1 4 2 1 0 2 1 0 0 1 4 1 2 0 0 2 0 3 1 3 0 1 0 0 1 1 1 0 0 0 0 0 0 0 0 0 18 82 48 16 14 15 5 9 3 4 4 4 2 1 0 1 2 0 2 2 0 0 0 0 0 0 0 0 0 1 1 0 0 0 0 0 0 0 1 0 0 0 1 0 0 0 0 0 0 0 0 1 0 0 0 1 0 0 0 0 1
3960 9993 9818 6595 4238 2949 2005 1461 1189 1003 742 559 503 507 403 376 329 264 209 173 124 153 159 196 174 172 175 131 111 130 79 41 44 44 51 30 17 10 24 7 22 39 57 35 40 66 36 54 43 27 14 57 73 45 22 18 8 9 9 44 28 26 12 9 6 7 2 4 3 5 4 5 2 2 3 2 1 0 1 0 2 0 1 0 0 0 1 0 0 0 1 0 1 0 0 1 0 2 0 1 0 0 1 1 1
4026 10147 10110 6593 4137 2858 2056 1563 1157 899 713 577 572 393 372 298 284 243 193 194 122 134 137 107 134 149 71 82 91 67 84 56 39 83 130 90 52 53 68 34 65 37 35 41 39 20 13 11 56 21 20 14 9 13 4 1 4 5 6 33 43 44 53 19 18 13 28 53 27 14 9 8 10 6 7 1 4 3 0 2 3 0 2 0 1 3 1 0 2 0 1 0 0 3 0 0 2 0 0 0 1 0 0 0 1 1 0 0 0 0 1 1 0 0 0 0 0 0 0 1
3839 9967 9894 6448 4196 2860 2055 1505 1151 948 796 572 383 331 336 392 338 316 270 185 141 147 113 100 94 102 100 85 128 102 131 116 61 31 23 15 44 23 15 78 100 51 24 43 83 63 46 57 45 49 21 15 20 7 12 18 40 27 16 11 6 11 7 3 2 3 1 4 82 62 51 30 16 14 9 12 6 6 3 3 2 1 63 50 29 14 7 4 7 4 2 3 2 2 1 2 1 3 4 1 0 0 0 0 1 0 1 1 0 2 0 1 0 0 0 0 1 1 0 0 73 78 35 27 19 10 8 8 2 1 1 1 0 1 1 2 1 1 0 0 0 1 1 0 2 0 0 1 0 0 0 0 0 0 0 0 0 0 1 0 0 0 0 0 0 1 0 1 0 0 0 0 0 0 0 1 0 0 0 0 0 0 0 0 0 0 0 0 1 0 0 0 0 0 0 0 0 0 0 0 0 1 1
4030 9972 10006 6556 4440 2869 2078 1476 1098 904 748 470 436 432 372 318 269 284 215 183 140 141 103 134 130 95 117 95 83 120 126 86 60 85 68 48 23 26 15 9 11 31 54 18 8 36 34 17 40 41 42 39 23 27 51 32 19 26 58 31 17 10 10 5 35 70 27 11 10 4 8 4 2 1 1 3 0 2 4 2 2 0 3 2 1 0 0 0 0 0 1 0 3 1 2 0 0 0 0 0 0 2 2 0 0 1 0 0 0 0 0 0 0 0 45 83 32 24 17 10 6 7 3 3 3 3 0 1 5 1 0 1 1 0 0 0 0 1 1 3 1 0 1 0 0 0 1 0 1 0 0 0 0 0 0 0 0 0 1 0 0 0 0 0 0 0 0 2
3866 9847 9929 6608 4208 2796 2025 1526 1149 938 683 626 576 517 354 297 279 236 219 241 187 142 191 167 115 104 59 82 83 91 103 99 112 143 112 58 34 21 16 7 18 7 23 43 28 13 8 46 28 41 89 74 93 92 43 34 10 5 8 4 9 8 2 5 2 3 1 6 0 1 1 0 0 0 2 1 0 0 1 1 2 2 0 1 0 0 0 34 50 35 15 82 46 28 19 14 6 8 11 3 6 8 6 2 1 4 4 0 4 2 0 1 2 2 0 0 0 0 1 0 0 0 1 1 0 0 1 0 0 0 0 0 0 0 1 0 0 0 0 0 0 0 0 1 1
4049 10078 10063 6610 4094 2921 1984 1566 1162 931 767 638 522 401 354 270 254 289 293 205 194 168 122 131 112 102 61 83 90 75 88 113 104 51 30 46 40 49 70 111 81 48 60 28 25 13 11 35 39 22 15 13 9 7 9 40 29 16 15 4 5 5 1 5 3 1 1 23 48 22 7 12 12 6 3 5 4 1 3 2 1 0 1 2 2 2 3 1 0 0 0 1 0 0 0 2 0 0 1 1 1 0 0 1 0 0 0 0 0 0 0 0 0 0 0 0 0 1 0 0 1 0 0 0 0 1
4033 10052 10136 6627 4189 2785 1947 1499 1129 935 658 640 506 500 413 386 340 213 160 154 185 138 155 123 117 67 58 100 51 131 97 63 73 57 93 116 62 32 29 20 12 46 64 50 18 16 14 6 10 11 4 39 32 16 11 9 59 21 14 44 48 64 53 26 18 13 9 11 5 4 4 2 18 60 32 16 7 5 4 1 5 3 2 2 1 2 1 3 0 1 2 1 1 0 0 1 0 0 0 0 2 0 0 0 0 0 1 0 0 0 0 1 0 0 0 0 1 0 0 0 0 0 0 1 0 0 0 0 1 0 1 0 2 0 0 0 0 0 0 0 0 0 0 0 0 1
4018 10021 9967 6563 4204 2848 1995 1589 1139 930 708 685 605 399 353 329 270 245 215 166 168 190 135 89 52 100 177 147 133 84 55 107 93 52 75 60 33 26 19 14 33 39 9 22 32 43 92 51 20 13 11 13 8 4 22 45 53 44 19 32 59 23 23 8 5 4 9 10 5 3 2 43 42 25 17 4 3 3 3 5 2 10 3 0 2 3 2 0 2 0 0 0 0 1 0 0 0 0 0 2 1 1 0 1 1 0 0 0 0 0 0 0 0 1 0 3 1 2 0 0 0 0 0 0 0 0 0 0 0 1 1 1 0 1
3897 9935 9931 6597 4227 2771 2099 1614 1149 958 721 628 622 432 335 292 311 275 218 219 167 150 199 184 176 104 61 64 68 75 38 48 50 83 99 116 61 79 52 33 67 53 74 69 39 27 18 52 41 25 23 9 11 5 5 7 5 4 2 4 18 55 27 10 13 54 37 15 20 11 6 4 6 3 1 5 3 4 1 3 3 1 2 1 1 1 1 0 0 0 1 1 0 2 1 0 1 0 2 0 0 0 0 0 1 1 2 0 0 0 0 0 0 0 0 0 0 0 0 0 0 0 0 0 4 1
4010 10011 10054 6670 4254 2815 2010 1425 1190 866 676 554 479 361 346 307 242 295 222 191 169 175 117 110 113 92 127 142 66 106 124 63 66 79 48 39 101 72 40 35 13 44 48 21 14 34 46 22 15 7 54 33 13 6 6 4 9 7 40 34 10 6 10 14 68 77 47 24 20 12 3 1 6 54 37 19 15 13 11 8 44 53 24 14 9 3 7 8 2 1 6 4 2 2 1 3 3 1 2 4 1 0 1 0 1 1 0 1 0 0 0 0 0 2 0 2 0 0 0 0 1 2 0 0 0 0 0 0 0 3 0 0 0 0 1 0 1 1 0 0 0 0 1 1 0 0 0 0 0 0 0 0 0 0 0 0 0 0 0 0 0 0 0 0 0 0 0 0 0 0 0 0 0 0 0 0 0 1
3976 9952 9796 6570 4296 2872 2016 1486 1201 883 666 615 484 465 365 346 246 225 224 284 207 137 111 179 152 87 98 117 87 60 58 52 57 76 74 77 84 48 24 19 77 80 67 67 32 21 24 8 11 9 4 31 52 26 18 6 4 13 8 2 2 2 5 46 22 20 18 6 6 3 1 44 34 17 47 65 35 28 16 13 7 5 3 4 5 2 2 2 1 0 1 51 53 30 17 12 7 9 3 2 0 3 4 0 2 2 1 0 1 0 0 1 1 2 0 0 0 0 0 0 0 0 0 0 0 0 0 0 0 0 0 1 1 0 1 0 0 0 0 0 0 0 0 0 0 0 0 0 0 0 0 0 0 0 0 0 0 0 0 0 0 1 0 0 0 1 0 0 0 0 0 0 0 0 1
3875 10065 10002 6527 4206 2953 2061 1477 1197 956 773 605 461 477 384 288 273 255 226 172 158 143 140 153 159 152 117 112 104 89 50 29 46 43 54 79 75 44 25 62 48 32 22 17 16 11 7 10 1 5 49 27 12 31 53 26 15 8 6 5 3 32 47 21 12 13 7 8 5 61 48 14 12 11 2 3 5 2 3 5 4 1 1 1 1 1 1 1 0 1 1 2 2 0 17 74 24 19 10 8 5 12 3 2 2 4 1 3 0 1 0 1 2 2 0 0 0 1 3 2 0 1 2 0 1 0 0 0 0 0 0 0 0 0 0 0 0 0 0 0 0 0 0 0 0 0 0 0 0 0 0 0 0 0 1 0 0 0 0 0 0 0 0 1
4127 10169 10025 6669 4162 2945 1979 1459 1288 836 734 617 512 465 363 261 205 183 233 195 234 129 106 92 93 110 145 104 45 86 83 93 58 25 39 62 34 22 19 12 23 101 73 35 50 41 34 17 12 9 8 53 25 10 28 47 19 9 12 7 4 6 0 7 3 1 1 0 2 1 4 10 131 67 40 21 13 11 6 6 4 2 4 4 3 0 2 1 1 2 1 1 2 4 1 0 0 0 1 0 0 0 0 0 0 0 0 0 0 0 0 0 0 0 0 1 0 0 0 0 0 0 0 0 0 1 0 0 0 1
3863 9989 9979 6517 4149 2821 2073 1530 1103 977 788 661 503 430 388 325 279 262 253 224 211 198 182 157 119 131 98 145 89 64 70 39 35 34 66 47 43 55 45 41 52 37 58 70 40 28 12 33 45 53 29 25 14 11 4 2 5 6 1 50 32 23 12 14 7 4 2 3 0 7 50 36 20 7 67 44 28 17 16 5 3 3 3 4 3 1 4 2 1 3 3 1 2 0 0 2 0 1 2 0 0 2 1 0 0 0 1 0 0 1 1 1 1 0 0 1 0 0 0 0 0 1 0 0 0 0 0 0 0 0 0 0 0 0 0 0 0 0 0 0 0 0 1
3976 9956 9915 6554 4188 2710 2079 1577 1094 863 734 709 604 416 340 245 290 362 266 217 136 104 108 183 142 111 73 64 67 79 91 84 93 114 69 47 120 71 54 29 19 18 51 27 43 68 54 35 36 34 61 42 26 13 9 12 4 4 6 3 1 5 4 53 91 36 22 14 11 5 6 4 3 9 3 3 1 1 2 1 1 1 2 0 0 1 1 0 1 78 47 22 19 12 4 2 0 6 3 4 2 1 0 3 2 1 1 1 1 0 1 0 0 0 0 2 0 0 0 1 0 0 0 0 0 0 3 0 0 0 0 0 0 0 1 0 1 0 0 0 0 0 0 0 0 0 1 0 0 0 0 1
3884 10141 10071 6548 4219 2797 1976 1470 1161 960 707 549 512 442 373 356 365 258 170 156 128 140 165 138 88 130 119 100 59 75 82 111 92 55 31 14 29 48 42 28 65 27 23 13 70 68 62 40 108 137 66 32 21 11 11 8 10 5 3 2 1 2 2 5 1 1 0 1 1 2 1 5 1 0 1 1 0 0 0 1 0 2 0 0 24 69 97 69 43 18 17 16 9 2 6 0 2 4 0 1 1 5 3 3 3 1 1 0 0 0 0 1 0 1 0 0 0 1 0 0 0 0 0 1 1 0 0 0 0 1 0 0 0 1 0 0 0 0 0 0 0 0 0 0 0 0 0 0 0 0 0 0 0 0 0 0 0 0 0 0 0 0 0 0 0 0 0 0 0 0 0 1
3935 9952 10123 6499 4096 2916 2097 1477 1194 924 697 544 508 466 397 336 266 265 199 151 135 167 143 135 171 170 151 68 50 49 61 56 40 45 29 34 99 97 117 81 32 48 40 57 41 45 55 50 55 34 20 17 13 7 6 5 4 3 2 1 2 0 2 0 5 21 69 94 35 22 19 12 11 4 5 6 3 6 3 2 1 1 0 1 61 38 27 20 10 7 6 3 1 3 3 1 2 0 0 0 3 2 0 0 1 0 0 2 2 0 0 2 0 0 0 0 0 0 3 0 1 1 0 0 0 0 0 1 1 0 0 0 0 0 0 0 0 0 0 0 0 0 0 0 0 0 0 0 0 0 0 0 0 0 0 0 0 0 0 0 0 0 0 0 0 0 0 0 0 0 0 0 0 0 0 0 0 0 0 0 0 0 0 0 0 0 0 0 0 1
3874 10190 9948 6617 4195 2715 1903 1451 1175 871 772 585 544 466 393 361 206 207 146 185 214 197 186 179 112 98 105 158 81 63 70 65 53 33 58 44 27 35 120 119 87 53 15 23 13 47 27 56 28 24 27 41 41 50 34 59 43 20 16 54 55 26 18 8 4 2 11 2 6 5 1 2 4 2 0 1 0 3 0 0 1 2 1 3 0 1 0 1 0 0 0 2 2 1 0 1 1 0 0 0 0 3 0 0 0 74 60 35 21 7 7 8 6 3 4 1 5 0 0 0 2 0 1 2 0 1 1 2 1 0 2 0 0 0 0 0 0 0 0 0 0 0 2 0 0 0 0 0 1 1 1 1 0 0 1 0 1 0 0 1 0 0 1
4014 10174 9948 6487 4173 2931 1999 1552 1188 894 647 597 478 416 383 322 246 252 222 159 103 153 236 159 120 87 149 97 79 80 64 59 53 54 98 85 59 22 19 84 86 53 26 21 12 32 71 94 43 29 56 38 27 18 12 5 6 30 36 26 75 79 51 31 10 12 7 4 2 5 7 4 3 7 4 2 2 1 0 1 5 2 3 3 2 2 1 0 0 0 1 0 0 0 0 2 0 1 1 0 1 0 0 0 0 2 0 0 0 0 1 0 0 0 0 0 2 0 0 0 0 0 0 0 0 1 0 0 0 0 0 1
3992 10156 9914 6553 4281 2857 1993 1496 1211 945 733 602 549 436 317 330 306 242 254 270 213 211 134 96 57 142 98 61 67 85 65 60 60 132 143 95 44 33 18 20 20 5 8 7 46 23 10 55 42 29 57 42 15 14 9 5 9 6 3 30 47 18 5 4 8 10 6 7 5 1 1 1 2 0 2 3 1 2 1 2 0 1 0 17 63 41 17 7 3 2 3 0 2 1 0 0 1 0 0 0 2 0 2 1 1 0 0 0 0 0 0 0 0 0 0 1 2 0 0 0 1 0 0 0 0 0 1
3960 9921 9942 6579 4208 2858 1898 1547 1091 899 706 529 439 463 492 385 270 252 215 173 153 209 234 199 178 103 83 79 72 58 50 54 84 126 69 59 31 41 105 96 42 16 24 43 29 21 13 8 10 6 7 20 67 17 17 41 86 57 66 39 33 50 48 19 27 16 14 7 8 2 3 2 4 4 2 0 2 1 0 3 3 4 3 5 2 0 0 0 0 0 0 45 54 30 24 5 3 8 4 4 1 2 2 0 4 2 0 1 0 1 0 0 0 0 0 0 2 2 1 0 1 0 0 0 0 0 1 0 1 0 0 0 1 0 0 0 0 0 0 0 0 0 0 0 0 0 0 0 0 0 0 0 1
3890 10099 10204 6483 4070 2739 2015 1498 1175 876 703 572 499 422 283 298 259 221 195 200 205 202 197 141 136 76 75 74 53 65 37 35 92 65 80 134 98 69 70 35 21 82 66 35 30 41 26 21 11 7 7 5 5 2 3 1 12 49 18 43 45 56 64 65 47 29 36 65 27 14 23 6 11 66 33 26 10 5 14 64 49 28 19 9 10 13 7 5 4 3 2 0 2 3 2 0 1 0 0 0 0 0 0 1 0 0 0 0 0 3 0 0 1 0 0 1 0 1 0 0 0 0 0 0 1 0 1 0 0 0 0 0 0 0 0 0 0 0 0 1 0 0 0 0 0 1 0 0 0 0 1 0 0 0 0 0 0 0 0 0 0 0 1
4075 10128 10054 6587 4224 2791 2034 1540 1029 898 773 609 462 456 349 270 263 295 230 202 203 127 114 109 77 51 74 61 142 107 85 49 34 48 29 43 71 48 31 20 15 12 12 36 31 61 68 47 26 51 48 67 25 76 47 24 17 23 51 33 22 13 9 44 48 31 16 16 5 8 5 4 3 3 0 1 0 72 40 19 9 12 9 5 6 2 3 1 4 1 2 1 0 2 4 2 1 0 0 0 0 1 2 1 0 1 0 1 0 0 0 0 1 0 1 0 0 0 0 2 0 1 2 1 1 0 1
3934 9913 9971 6530 4279 2858 2087 1523 1135 928 831 602 485 433 356 290 302 279 213 179 168 139 128 108 179 158 107 106 135 75 47 55 61 65 67 64 40 86 58 25 16 13 19 82 42 42 13 16 29 39 21 8 11 10 40 81 44 27 17 14 11 5 2 7 7 3 49 31 21 18 4 8 4 11 4 1 1 1 3 2 2 2 0 0 0 2 0 0 0 1 1 1 1 0 0 46 66 35 14 13 6 4 2 1 2 2 2 4 4 1 2 0 0 1 1 0 0 2 1 1 1 0 0 0 0 0 0 0 0 0 0 0 0 0 0 0 0 2 0 0 0 0 0 0 0 0 0 0 0 1 0 1
3922 10058 10056 6617 4153 2896 2001 1502 1159 936 747 598 471 393 382 316 298 257 177 136 114 124 178 143 121 61 50 48 32 49 76 64 62 75 108 77 51 62 27 28 41 22 19 7 10 23 38 22 10 9 4 1 5 69 71 73 54 75 49 56 91 77 49 24 64 50 42 21 7 12 12 13 6 11 3 4 0 3 0 4 2 3 0 0 2 3 0 1 0 0 0 1 0 48 63 30 16 9 8 4 6 1 2 1 3 0 2 2 1 1 3 1 2 1 2 1 1 0 1 0 0 0 0 0 0 0 0 0 0 0 0 0 0 0 0 0 0 0 0 0 0 0 0 0 0 0 0 0 0 0 0 2 0 0 0 0 2
4024 10128 10014 6626 4171 2874 1964 1496 1119 829 750 647 538 536 417 309 293 267 172 173 163 140 147 192 111 94 94 94 84 79 94 65 96 82 50 40 45 40 30 24 34 62 36 22 12 13 5 4 3 6 33 45 15 86 67 26 46 39 22 21 9 9 8 7 9 5 4 4 5 1 1 5 1 1 2 2 2 2 0 0 1 2 0 1 1 0 0 0 0 69 38 30 13 8 10 3 5 2 1 4 4 2 0 2 1 1 2 1 1 1 1 0 1 1 1 0 0 0 0 1 0 0 0 0 2 0 0 0 0 1 0 0 0 0 0 0 0 0 0 0 2 0 1 0 2
3945 10062 9956 6744 4217 2733 2066 1583 1187 775 729 636 533 465 319 346 265 202 191 182 246 126 120 148 142 116 102 99 107 100 117 134 99 78 42 28 10 17 18 50 38 62 62 87 49 39 15 12 15 10 10 5 18 48 89 81 45 21 10 13 10 7 9 5 4 9 7 2 22 54 29 11 11 8 5 2 5 5 1 3 0 4 1 1 5 3 2 1 0 1 0 1 0 1 0 0 0 0 0 0 1 1 0 0 0 2 0 1 1 0 0 0 0 0 0 0 0 0 0 2
3954 10082 9905 6539 4308 2872 2102 1464 1109 1013 843 648 409 381 447 350 329 317 188 138 194 155 123 148 161 130 125 112 97 63 75 63 68 61 66 48 37 66 37 37 44 25 14 11 16 38 47 51 32 16 15 10 10 4 24 36 44 44 30 38 45 37 21 11 9 10 6 3 7 2 3 1 2 3 0 3 4 4 0 2 0 0 2 0 2 0 0 1 0 1 0 1 0 0 1 0 0 0 0 0 0 1 1 1 0 1 0 0 0 0 0 0 1 0 2
3958 9938 10040 6585 4165 2824 2022 1438 1078 928 755 648 410 448 438 390 286 254 258 226 146 93 60 78 112 231 166 112 96 53 34 31 52 81 44 47 85 45 15 52 43 53 41 106 45 68 35 33 17 13 3 7 10 1 1 2 45 36 73 34 28 15 7 6 6 5 4 2 19 45 22 12 9 5 4 43 55 33 10 9 6 5 3 5 2 3 0 1 0 1 3 0 5 1 1 0 0 0 1 35 73 47 28 16 5 5 2 4 4 0 0 3 3 0 0 3 1 1 0 1 0 0 1 0 0 0 0 0 0 0 1 0 0 0 0 1 0 0 0 0 0 0 0 1 0 0 0 0 0 0 0 0 0 0 0 0 0 0 0 0 0 0 0 0 0 0 0 1 0 0 0 0 0 1
3867 9975 9951 6611 4178 2844 2097 1501 1109 899 692 693 602 405 350 245 244 302 282 231 209 204 177 149 166 126 107 90 87 113 86 93 140 126 73 32 25 22 66 46 31 25 42 40 22 23 43 46 77 53 19 22 15 8 8 6 5 38 38 17 11 9 5 1 9 4 22 51 26 14 9 5 0 5 3 4 1 1 0 1 1 1 1 1 0 2 1 1 1 2 1 1 0 0 1 1 1 2 0 1 0 0 1 1 0 0 0 1 0 0 0 0 3 0 0 0 0 0 1 0 0 0 0 0 1
3895 10191 9984 6578 4206 2935 2029 1352 1095 858 738 639 429 428 401 394 289 211 171 183 159 145 147 161 128 138 117 162 122 102 99 57 79 36 39 45 25 26 11 46 59 51 64 73 37 47 31 16 21 10 12 6 4 3 3 4 33 30 21 8 4 2 10 3 40 53 20 19 8 8 6 2 1 3 0 26 50 30 21 6 5 7 0 2 3 2 3 0 1 3 2 1 3 0 1 0 0 0 1 0 0 0 2 0 1 0 1 0 0 0 0 0 0 0 93 66 37 21 14 8 6 2 5 3 1 0 2 0 0 2 1 0 0 0 1 0 1 0 0 2 0 0 0 0 0 0 0 1 1 0 0 0 0 0 0 0 0 0 0 0 0 0 0 0 0 0 0 0 0 0 0 0 0 0 0 0 0 0 0 0 0 0 0 0 0 0 0 0 0 1
3954 10164 9985 6417 4151 2907 2010 1554 1165 902 740 678 511 423 384 325 252 235 188 252 215 149 163 112 145 94 116 157 94 61 103 77 82 34 39 40 24 23 43 22 25 37 39 53 31 42 59 73 42 20 12 9 33 77 43 25 46 44 28 19 13 13 9 11 4 4 2 2 2 2 4 0 0 1 2 43 42 24 18 6 6 5 5 7 1 4 1 2 0 0 1 0 2 5 0 0 2 1 0 2 1 0 0 0 0 0 0 1 1 1 0 0 0 0 0 0 0 1 0 0 0 0 0 0 0 0 0 0 1 0 0 1 0 0 1
3963 10184 10029 6393 4130 2752 2015 1535 1201 907 746 563 541 447 436 384 298 230 188 151 159 147 141 146 116 100 106 76 128 74 57 56 82 44 25 29 24 87 52 69 43 27 45 71 112 52 59 62 27 16 20 6 7 3 3 4 27 42 17 15 15 7 8 2 36 41 22 18 6 8 5 3 3 5 3 4 10 95 79 46 23 20 9 12 5 7 3 0 0 8 7 0 2 2 2 2 1 1 0 0 1 0 0 0 0 0 1 1 1 0 1 0 1 0 1 1 1 0 0 0 0 0 0 0 0 0 0 0 0 0 0 0 2 0 0 0 0 0 0 0 0 0 0 0 0 0 0 0 0 0 0 0 1
4023 10111 10207 6492 4221 2746 2016 1479 1069 895 732 666 495 457 345 295 254 272 200 212 212 170 105 114 137 116 76 50 55 45 45 64 73 63 64 81 77 82 62 72 31 35 51 79 66 49 22 21 18 16 9 8 4 3 3 3 50 31 23 10 6 5 4 3 35 30 27 14 26 61 25 20 16 13 9 4 3 10 69 38 28 12 16 4 3 4 6 3 2 3 3 2 1 0 0 1 0 3 0 0 2 1 0 0 0 0 0 1 0 0 0 1 0 0 0 1 0 0 0 2 1 0 0 0 0 1
3981 10248 10198 6479 4120 2819 1934 1457 1097 850 674 510 520 453 353 320 278 234 215 154 175 151 163 171 117 171 158 115 110 82 66 58 28 17 57 64 89 68 54 28 62 46 18 36 114 68 47 59 41 34 56 36 16 20 14 9 12 10 3 3 23 41 27 13 67 43 11 18 11 7 27 62 28 16 12 9 6 5 4 7 0 0 2 6 2 0 1 0 3 1 0 0 0 1 1 0 1 0 0 1 0 0 0 0 1 0 1 0 0 0 0 0 0 0 0 0 0 1 0 0 0 0 0 2
3878 10125 9946 6575 4217 2791 1995 1554 1166 920 791 653 526 337 345 303 306 249 233 189 149 121 82 79 66 166 105 80 173 97 94 62 88 129 80 46 120 94 34 40 16 14 9 37 35 22 10 12 9 1 1 4 8 1 2 15 49 20 28 62 37 23 11 10 24 51 27 18 5 4 2 2 3 2 7 1 17 64 26 18 8 5 7 8 4 3 1 5 2 0 1 1 1 0 0 0 2 1 26 67 37 30 11 13 14 5 2 10 4 5 1 1 1 0 3 0 0 0 1 0 1 2 1 0 0 0 0 1 0 0 0 1 0 0 2 0 0 0 0 0 0 1 0 0 0 1
3889 9958 9991 6413 4306 2955 2016 1498 1126 846 695 574 560 425 404 338 236 249 209 173 214 205 152 124 103 110 63 59 138 104 63 83 91 74 119 71 59 54 59 51 51 25 23 10 50 47 16 16 7 19 39 23 72 88 40 28 37 49 29 22 9 6 2 4 3 3 4 5 5 2 3 3 0 2 2 1 2 0 61 42 22 14 10 5 6 6 2 2 2 3 2 0 1 56 59 21 19 15 5 10 4 4 4 2 0 1 0 1 2 0 2 2 0 0 0 1 1 0 0 1 1 0 0 0 1 1 1 0 1 1 0 1 0 1 0 0 0 0 0 0 0 0 0 0 0 0 0 0 0 1
3930 10117 10091 6597 4177 2803 1902 1397 1111 877 802 668 495 421 364 278 252 306 260 218 163 83 75 54 85 124 186 136 109 147 143 71 61 75 71 85 59 21 49 73 50 52 45 29 49 36 79 34 20 13 9 47 41 21 18 12 5 5 5 4 4 4 5 6 4 1 0 12 52 55 67 32 56 55 24 23 18 9 6 7 5 3 3 1 1 5 1 2 2 1 0 2 2 0 1 2 7 2 1 0 1 1 0 0 0 1 0 0 0 0 0 0 1 0 1 0 0 2 0 0 0 0 0 0 0 0 0 0 0 0 0 0 0 0 0 0 0 0 0 2 0 0 0 0 0 0 0 0 0 0 0 0 0 0 0 0 0 0 0 0 0 0 0 0 0 0 1
3954 10029 10087 6365 4263 2838 2022 1442 1070 893 719 627 513 476 349 283 235 238 229 271 180 96 123 125 137 143 132 114 76 58 61 74 104 73 85 73 69 73 24 26 32 26 67 33 18 20 49 62 80 112 59 22 27 7 11 8 23 46 36 16 9 3 5 4 5 5 3 2 2 2 2 3 1 0 3 3 2 3 0 5 1 1 2 0 0 2 1 70 42 17 14 4 14 6 3 8 4 3 3 1 21 94 30 18 12 6 13 8 4 3 3 0 3 1 0 2 2 0 1 0 3 0 1 1 2 1 0 1 0 0 1 3 3 0 0 0 0 0 0 1 0 0 0 0 0 1 0 1
3965 10093 10033 6555 4215 2829 2022 1462 1202 869 694 616 519 412 337 266 253 206 225 218 194 224 225 114 70 62 98 85 162 128 84 100 65 80 79 60 49 28 24 40 38 52 43 17 16 13 10 4 41 126 112 64 34 24 13 17 12 6 4 8 8 4 2 4 4 1 0 2 3 3 1 0 0 56 34 16 6 10 6 4 6 0 2 2 0 22 79 39 16 7 9 5 5 4 1 2 0 0 2 0 1 0 0 2 3 3 1 0 0 0 0 0 0 1 1 0 0 1 2 0 0 1 1 1 0 0 0 0 0 0 0 0 0 0 1 1
4062 10160 10166 6577 4042 2810 1958 1502 1106 910 813 580 482 464 303 313 257 292 233 178 89 123 98 86 95 119 183 166 127 87 76 56 61 55 32 32 39 34 54 37 37 128 71 35 31 55 34 51 31 18 39 34 15 19 7 9 5 3 6 1 5 3 0 0 4 3 0 29 44 23 15 26 107 84 48 22 24 14 6 10 9 6 3 4 2 1 2 0 2 0 0 0 0 1 1 1 2 0 1 2 2 0 0 1 1 0 0 0 0 0 0 0 0 1 0 0 0 0 0 0 0 1 0 0 0 0 0 0 0 0 0 0 0 0 1 0 0 0 1 0 0 0 1 0 1 0 0 0 0 0 0 0 0 0 0 0 0 1
4103 10090 10086 6498 4302 2791 1957 1574 1172 835 710 577 520 437 418 315 224 239 189 202 203 193 161 152 102 62 88 68 30 32 24 47 84 74 54 65 61 112 156 92 49 30 23 19 14 3 35 33 23 16 62 43 21 8 15 32 31 17 12 10 7 4 1 4 3 4 3 52 41 15 16 7 5 7 1 6 5 1 4 2 2 1 2 0 0 1 0 1 29 65 36 20 13 10 10 4 3 4 0 1 4 2 2 0 1 1 0 0 0 0 0 0 1 0 0 0 1 1 0 0 0 0 0 0 1 0 0 0 0 0 0 0 0 0 0 0 0 0 0 0 0 0 1 0 0 0 0 0 0 0 0 0 0 0 1
4018 10132 10076 6405 4222 2794 2039 1435 1100 936 752 558 454 365 331 317 336 302 253 227 194 143 196 169 95 102 58 74 92 105 68 82 88 145 142 106 71 60 76 53 49 29 27 16 12 6 10 33 40 18 17 6 6 7 10 51 27 11 6 58 90 60 63 42 26 20 11 13 6 6 7 3 3 3 4 2 2 1 0 1 1 1 1 0 1 2 3 0 0 3 0 2 0 1 0 1 1 0 0 0 1 0 0 0 0 2 0 0 0 0 0 2 1 0 0 2 0 0 0 1 0 0 0 0 0 1 0 0 0 0 0 1
3885 10141 10096 6302 4133 2989 2095 1567 1086 924 749 542 468 488 391 340 303 214 234 133 142 112 128 199 168 191 180 144 82 42 29 39 52 37 37 61 73 40 75 66 42 80 56 62 77 104 38 34 14 16 12 3 11 5 3 16 33 26 17 11 11 9 15 60 26 18 12 7 8 4 2 12 62 35 20 14 9 2 2 3 2 3 3 0 3 3 2 1 0 1 0 1 0 0 0 1 2 0 2 1 0 0 0 0 1 1 0 0 0 0 0 0 0 1 1 2 0 1 0 0 0 0 0 0 0 0 0 0 0 0 0 0 0 0 0 0 0 0 0 0 0 0 0 0 0 0 0 0 0 0 0 0 0 1
3840 10106 10066 6431 4212 2826 1976 1519 1162 865 614 527 559 431 408 388 333 217 193 198 168 116 164 137 98 130 146 163 103 81 51 44 60 57 66 119 84 39 50 34 29 18 41 79 46 34 65 25 16 29 44 23 11 6 2 11 53 44 18 14 55 34 113 74 59 23 14 14 7 8 3 4 1 9 62 32 24 13 9 6 8 6 4 2 2 2 2 3 3 0 3 1 0 1 0 0 0 0 0 1 0 0 0 0 0 1 0 1 1 0 0 1 0 0 0 0 0 2 0 0 0 1 1 0 0 0 0 0 0 2
3930 10112 10112 6535 4151 2830 1964 1436 1078 899 746 623 560 449 410 368 313 296 211 201 233 163 88 47 93 79 56 61 45 118 62 75 82 82 48 54 79 50 78 54 30 12 27 40 26 80 129 52 48 18 16 8 10 7 15 42 26 8 11 7 7 4 3 4 4 4 0 61 36 9 7 9 9 2 0 2 1 2 3 0 106 92 51 25 11 14 9 9 6 4 3 1 2 3 0 0 1 0 0 0 0 0 0 1 1 0 0 0 0 0 1 1 1 0 0 0 0 0 0 0 1 2 0 0 0 1 0 0 0 0 0 0 0 0 0 0 0 0 0 0 0 0 0 0 0 1 2 0 0 0 0 0 0 0 1 0 0 0 0 0 1
3896 10386 9981 6615 4100 2796 1944 1389 1181 884 694 687 472 373 340 282 271 265 224 177 171 144 125 56 133 138 74 67 66 114 122 82 90 58 56 40 23 86 109 65 32 16 39 43 47 113 74 45 16 17 38 35 14 18 6 12 47 30 17 15 7 11 5 5 2 10 85 79 43 39 20 9 6 6 7 6 3 5 1 0 63 28 25 8 17 8 4 7 2 6 1 1 0 1 3 2 1 0 4 6 1 0 1 0 2 0 1 1 0 1 1 1 0 0 0 1 1 0 0 0 0 0 0 0 0 0 0 0 0 0 0 1 0 0 0 1 0 0 0 0 0 0 0 0 1 0 0 0 0 0 0 0 1
3965 10057 9926 6500 4252 2783 2167 1499 1031 982 788 597 444 461 353 280 292 269 233 162 242 164 139 281 149 112 101 90 79 55 42 43 24 46 40 48 75 105 65 26 80 55 29 20 48 28 39 45 34 26 39 66 52 25 18 12 10 2 7 5 3 4 4 49 33 25 13 7 5 4 3 5 2 1 6 0 4 1 2 1 1 0 2 0 1 1 2 1 1 0 22 68 46 17 16 6 4 3 2 3 2 2 2 1 1 1 1 1 0 2 2 0 1 0 1 0 1 0 0 0 0 0 0 0 0 1 0 0 0 1 0 0 0 2 1 0 0 0 0 2 0 0 0 0 0 0 0 0 0 0 0 0 0 0 0 0 0 0 0 0 0 0 0 0 0 0 0 0 0 0 0 0 0 0 0 0 0 0 1
4003 10034 9963 6405 4284 2870 1972 1503 1222 946 795 592 530 435 363 296 275 278 205 221 149 154 154 113 127 116 121 56 85 133 104 64 50 56 62 55 54 66 153 93 74 53 64 28 21 48 33 25 10 8 5 42 53 17 10 9 11 3 5 1 3 2 3 3 0 5 46 28 16 13 13 66 25 28 11 5 12 7 6 1 6 1 0 1 2 2 1 0 2 0 0 1 0 1 1 1 0 0 1 0 4 0 1 3 0 0 0 0 1 0 0 0 0 0 0 0 1 0 0 0 0 0 0 0 0 0 0 0 0 0 0 0 0 0 0 0 0 1
