1927 5195 5239 3548 2264 1521 1099 863 595 453 398 292 295 189 169 156 112 110 99 67 60 46 57 40 43 36 35 17 17 9 14 11 3 6 1 2 1 4 0 2 0 1 2 0 0 0 0 1 0 0 0 0 0 0 0 0 0 1 1
1880 5405 5238 3590 2199 1461 1035 708 574 431 337 269 247 199 142 133 168 153 109 77 60 57 45 73 75 83 63 41 32 16 13 15 11 5 7 6 4 2 9 5 4 1 3 3 2 5 3 1 0 0 0 0 1 0 0 0 1
1940 5292 5345 3533 2214 1578 1003 796 586 456 392 257 255 195 185 145 139 124 92 103 65 57 47 43 44 24 24 12 11 6 6 5 4 2 7 2 2 0 4 1 0 1 1 0 0 2 0 0 1
1853 5256 5292 3463 2183 1559 1080 800 589 451 369 303 243 187 197 159 173 114 84 82 81 52 41 48 37 25 21 58 48 39 20 18 12 12 11 3 8 4 2 3 2 5 3 4 0 0 0 0 1 3 0 1 0 0 1 1
1794 5247 5249 3424 2194 1565 1122 854 652 497 397 315 232 198 188 147 101 90 83 114 66 68 52 32 28 47 41 53 43 27 17 16 7 9 7 2 2 0 2 0 1 2 1 1 1 3 4 0 1 1 1 1 0 1 0 1
1879 5365 5233 3542 2279 1539 1058 741 583 406 368 313 285 200 142 142 125 112 93 93 110 98 88 42 32 28 18 17 10 12 9 5 4 2 4 5 2 3 2 2 2 1 3 1 2 0 0 0 0 0 0 0 1
1898 5256 5355 3515 2295 1496 1122 786 564 434 398 329 233 198 133 108 128 127 122 101 63 64 50 30 35 39 31 22 12 9 6 10 7 3 3 6 3 1 1 2 1 1 1 1 0 1 0 0 1
1792 5280 5241 3485 2234 1442 996 800 677 463 401 280 257 254 219 171 151 112 86 79 72 63 67 45 25 49 40 22 17 16 19 40 28 19 10 16 5 6 4 0 5 1 5 2 1 1 0 0 2 0 0 0 0 0 1
1878 5409 5382 3470 2230 1440 1083 793 577 494 344 268 228 215 166 126 107 117 109 86 55 53 48 27 32 46 63 36 31 20 11 7 9 10 2 7 4 2 1 1 5 3 1 0 1 2 1 0 0 0 1
1816 5170 5337 3402 2241 1427 1030 809 639 450 349 334 250 213 228 151 117 106 77 100 100 96 95 93 67 33 24 21 17 17 12 13 36 25 20 15 17 12 10 8 4 3 1 2 1 0 0 0 1 2 2 1 1 0 0 0 2 0 1 1 1 0 0 0 0 0 1
1868 5414 5137 3509 2289 1520 1100 820 568 429 390 295 245 172 184 192 143 88 81 80 104 75 47 37 19 16 13 14 29 29 21 15 11 9 9 2 2 3 2 5 1 3 2 1 0 1 1 0 1 1 0 1 1 1 0 0 0 0 0 0 1
1846 5488 5160 3448 2240 1511 1006 779 555 404 372 284 212 208 214 172 113 103 117 132 96 71 35 28 56 66 71 48 32 31 18 11 15 8 6 9 2 5 0 4 4 3 2 3 6 0 0 0 3 2 0 0 0 0 1 0 0 0 1
1833 5231 5277 3413 2231 1480 1097 765 673 474 379 319 261 212 180 108 116 115 108 123 75 52 35 68 68 49 24 17 13 6 12 6 6 37 39 19 13 12 13 9 5 2 9 1 2 1 2 1 2 0 1 1 0 0 1 2 0 2 0 0 1
1776 5378 5167 3489 2197 1514 1125 783 576 455 318 285 234 243 205 173 163 95 87 115 82 73 73 68 47 32 27 61 44 22 22 12 9 4 5 3 11 5 2 4 6 2 0 3 3 2 0 0 0 0 0 0 0 1
1958 5317 5362 3486 2166 1409 1024 771 569 515 372 277 230 263 209 149 124 136 106 80 67 58 37 62 69 47 42 19 16 10 7 12 2 6 3 4 4 6 1 1 1 0 0 1 1 1 1
1822 5170 5183 3435 2253 1584 1142 779 620 463 385 329 260 186 178 112 145 121 109 77 54 31 59 78 65 70 72 52 39 19 20 13 11 11 8 7 7 7 6 3 1 3 1 2 2 1 1 1 0 2 0 0 0 1 0 0 0 1
1882 5382 5304 3567 2180 1507 1034 775 572 424 363 277 244 189 125 131 120 138 78 53 48 51 47 102 79 57 34 19 15 10 13 7 13 44 26 19 12 7 7 17 6 3 1 2 4 1 2 0 1 1 0 0 2 0 2 3 0 0 0 0 0 0 0 1
1877 5396 5326 3474 2278 1498 1037 759 586 473 384 327 303 201 144 122 102 82 71 76 46 64 69 74 49 44 21 21 17 16 18 9 7 5 4 2 2 2 3 0 2 1 5 2 1 0 0 0 1
1872 5376 5289 3572 2346 1456 1055 735 558 455 323 265 235 197 183 132 116 115 113 119 99 81 47 35 31 18 11 23 34 25 20 14 10 9 7 2 7 0 2 1 1 1 2 3 0 2 1 0 1 1 0 0 1
1854 5443 5384 3529 2203 1555 1076 777 608 439 373 339 226 213 162 114 94 69 70 50 40 35 35 32 49 32 57 37 22 13 13 16 7 3 10 4 5 4 2 0 1 1 1 1 0 0 0 1 0 1 0 0 0 0 0 0 0 0 1
1939 5451 5331 3576 2295 1421 1064 759 554 491 325 259 257 210 174 149 136 153 135 69 73 44 28 17 18 13 14 8 8 5 5 5 4 1 2 3 1 1 0 0 1 0 0 1 0 0 1
1914 5369 5289 3451 2212 1474 1045 778 542 411 323 308 246 187 154 166 123 108 109 104 67 95 88 80 67 55 62 40 30 14 16 13 10 7 6 5 4 4 3 1 1 6 2 2 2 0 1 2 1 0 0 0 1 2 0 0 0 0 0 0 0 0 0 0 0 0 0 0 1
1880 5337 5221 3471 2229 1545 1108 781 588 480 380 259 275 278 188 158 128 104 115 74 52 38 43 46 43 49 20 25 15 18 10 7 4 5 4 4 2 4 2 3 1 1 0 1 2 1 0 2
1917 5305 5231 3490 2203 1505 1081 808 566 509 355 276 258 224 167 128 125 148 84 70 44 47 48 60 105 77 37 25 24 18 8 11 6 5 5 5 3 2 4 1 0 4 0 2 2 3 1 1 0 1 2
1795 5320 5150 3578 2226 1499 1081 805 596 500 361 304 274 215 144 132 116 108 97 70 77 85 63 58 67 47 23 32 48 42 21 15 9 5 8 4 7 5 1 0 4 0 0 0 1 5 0 0 1 0 0 0 1 1
1887 5273 5300 3426 2243 1503 1054 808 600 397 318 294 270 184 152 118 101 81 133 116 56 56 58 26 44 65 83 57 28 18 19 16 10 5 6 45 39 23 17 14 15 11 7 5 1 1 2 1 0 5 1 1 0 1 2 1 0 1 0 2 0 1
1921 5335 5241 3597 2296 1470 1051 799 558 434 367 266 225 209 169 152 101 82 72 80 99 105 80 52 41 50 36 28 16 12 9 8 8 6 3 3 5 1 3 3 0 2 0 0 2 1 0 1 0 1 0 0 0 1
1847 5239 5361 3487 2199 1551 1039 812 560 480 350 307 260 187 133 120 173 140 124 74 77 64 61 59 34 31 28 19 13 4 6 4 38 28 25 23 9 8 5 4 4 1 3 1 2 0 1 0 0 0 1 1 1 0 2 1
1902 5280 5183 3513 2292 1565 991 779 586 423 373 311 273 220 192 196 188 121 83 77 76 65 60 34 22 11 14 24 37 23 28 12 9 6 4 8 3 5 3 2 1 2 1 1 0 1 0 0 1
1906 5187 5242 3529 2172 1564 1125 815 626 500 368 310 222 219 173 167 142 112 98 70 65 60 72 71 44 36 26 20 13 7 4 12 5 4 4 2 1 3 0 1 2 1 0 0 0 1
1830 5298 5273 3499 2216 1486 1006 748 575 438 376 272 238 209 185 148 119 100 75 80 104 105 88 53 38 47 34 22 26 43 78 39 33 18 16 9 10 11 6 6 9 6 4 3 3 0 3 1 5 4 0 1 1 2 1 0 0 1
1832 5325 5334 3484 2195 1467 1012 709 563 455 375 325 289 248 166 137 144 178 145 96 66 55 75 57 71 42 30 24 20 15 12 10 8 4 3 2 6 5 3 3 1 1 4 2 0 1 1 0 1
1941 5465 5320 3458 2240 1452 1047 794 637 478 355 272 252 180 165 128 117 107 115 85 67 51 40 35 18 17 22 38 25 26 9 9 7 6 4 5 4 5 0 1 2 0 0 0 1 1
1810 5284 5221 3446 2269 1472 1109 845 562 513 325 291 243 212 151 204 144 88 53 60 69 100 104 68 43 19 14 15 61 52 34 28 15 14 10 8 6 3 4 4 6 5 0 3 1 1 1 3 3 2 0 0 0 0 1 0 0 0 0 1 1
1857 5342 5261 3505 2357 1541 1016 710 552 471 318 315 223 154 123 173 167 105 85 70 79 106 113 90 59 46 26 15 22 15 16 7 6 6 5 8 4 6 6 1 4 2 4 2 3 2 1 1 1
1847 5404 5302 3597 2165 1500 1045 714 574 461 349 312 240 186 173 173 112 110 92 89 68 59 61 48 46 48 26 44 35 26 24 13 7 7 3 11 4 5 3 3 2 0 3 1 2 1 2 1 1 0 1 0 0 0 0 0 0 0 1
1901 5281 5219 3590 2250 1472 1103 824 680 458 359 293 234 219 171 166 133 96 85 58 51 60 61 61 46 31 23 14 11 5 3 5 9 5 2 3 3 1 4 1 1 2 2 2 0 1 0 0 0 0 0 0 0 0 1 0 0 0 1
1847 5298 5171 3512 2301 1476 1094 834 649 443 432 320 224 214 174 138 118 81 132 123 70 70 41 35 23 19 45 20 22 13 12 10 9 2 5 4 5 2 2 0 2 2 1 0 2 0 0 1 1 0 0 0 0 0 0 0 1 0 0 0 0 0 0 0 0 0 0 0 0 1
1878 5345 5303 3591 2258 1564 1035 799 550 463 352 281 232 215 172 171 122 113 85 52 39 51 67 47 63 33 23 31 7 11 6 9 7 7 7 3 0 1 1 0 1 1 2 1 1 0 0 0 0 0 0 0 0 0 0 0 0 0 0 0 0 1
1764 5347 5196 3400 2294 1586 990 792 587 508 393 299 253 233 207 143 150 129 111 98 99 76 69 70 43 24 27 19 18 12 9 11 4 10 4 7 6 6 0 1 1 1 2 0 1 0 1
1952 5357 5339 3502 2255 1503 1095 828 661 455 389 281 247 199 137 134 129 86 71 74 69 30 27 37 35 38 8 8 10 10 8 8 1 2 5 2 1 2 0 1 1 1 0 1 0 0 0 0 0 0 1 0 0 0 0 0 0 0 0 0 0 0 1
1846 5313 5340 3435 2252 1522 1061 719 513 406 338 294 246 179 140 151 133 149 124 115 124 105 70 53 28 17 7 18 61 68 46 31 23 16 7 5 11 6 5 0 1 1 5 2 5 2 1 2 1 1 0 3
1875 5277 5244 3568 2198 1421 1029 772 595 475 358 290 278 189 194 167 144 139 87 64 49 75 85 97 85 55 30 31 25 14 14 14 12 8 7 6 4 3 5 2 0 4 6 1 1 1 1 0 0 0 1 0 0 0 0 0 0 0 0 0 0 1
1952 5390 5279 3546 2238 1485 1062 725 587 450 307 277 255 229 147 149 148 118 105 55 55 72 44 37 37 35 36 17 20 41 24 16 15 8 3 9 6 5 3 1 0 2 0 3 3 1 1 0 1 0 1 0 0 0 0 1
1832 5217 5259 3538 2249 1524 1091 802 593 493 385 282 228 199 153 140 146 108 86 71 56 70 74 70 94 55 34 30 15 18 15 14 11 7 10 6 5 3 2 3 1 2 2 2 1 1 0 2 0 0 2
1871 5304 5098 3517 2312 1562 1153 831 552 513 361 250 245 224 186 160 116 115 76 65 56 66 52 66 63 50 30 28 16 12 5 6 6 6 7 6 2 1 2 0 1 1 1 2 2 0 1 0 1 0 1
1878 5217 5325 3482 2248 1475 1069 806 595 471 385 302 286 188 198 156 195 147 72 66 60 60 57 61 57 30 23 19 16 10 11 6 7 2 4 1 3 3 4 0 1 1 1 1 1 0 1
1936 5175 5226 3624 2354 1536 1035 742 588 421 341 291 228 206 171 125 107 145 97 71 46 33 33 46 62 72 43 27 18 14 11 11 29 40 21 14 14 9 8 9 6 3 2 1 1 1 0 0 2 2 1 0 0 0 2 1
1879 5298 5326 3564 2155 1529 1082 773 572 455 342 263 257 233 194 134 162 153 77 88 85 75 39 51 55 35 26 25 13 14 10 4 3 5 6 1 4 3 1 4 0 2 1 1 0 1 0 0 0 0 0 0 0 0 0 0 0 0 0 0 0 0 0 0 0 0 0 0 0 0 1
1875 5271 5352 3513 2304 1471 1032 773 566 427 347 288 244 195 162 110 123 94 87 59 49 87 70 54 24 41 36 27 17 18 65 49 44 21 28 20 10 4 7 10 2 6 3 2 2 1 2 2 0 1 1 0 0 2 2 1
1863 5308 5408 3471 2252 1480 1075 715 584 409 394 310 227 197 178 144 137 126 95 93 127 86 52 65 50 34 26 18 14 10 15 6 8 4 1 0 3 2 4 2 3 1 0 2 1 0 0 0 0 0 0 0 0 0 0 0 0 1
