> n=1000 m=5 05/06/2021 20:26:08
98 165 212 264 298 353 394 427 450 476 504 526 560 587 618 646 668 694 718 740
85 136 183 222 255 297 331 365 399 424 443 469 489 512 536 563 588 614 636 660
105 192 252 309 365 424 458 488 526 555 599 647 688 717 740 766 790 818 846 872
97 157 190 237 271 313 353 381 407 439 470 500 523 557 585 612 637 656 673 693
94 169 224 286 324 389 427 464 502 566 615 642 695 723 756 793 832 866 903 932
> n=1000 m=5 05/06/2021 20:37:40
116 190 255 328 366 414 449 483 519 556 590 629 656 693 724 752 783 812 839 866
98 157 204 236 267 304 343 380 408 440 473 505 533 566 602 630 661 673 698 720
79 125 187 231 256 295 327 363 388 427 446 480 502 538 573 597 618 645 668 687
87 143 191 246 287 321 346 366 406 433 457 482 501 525 554 574 599 615 633 651
93 163 209 246 280 308 338 364 399 429 462 482 500 519 548 572 610 629 650 678
105 176 235 301 340 380 421 458 489 525 557 587 605 626 643 674 713 734 768 794
116 179 242 304 350 400 434 465 499 527 569 600 627 660 686 724 759 788 820 847
103 173 215 269 306 347 391 439 481 513 543 572 597 626 661 685 710 743 772 790
89 147 211 286 330 378 425 469 511 552 609 668 709 747 804 841 872 893 927 951
71 144 171 196 231 262 286 314 335 354 372 390 413 439 451 480 495 516 532 542
99 183 237 291 340 375 424 455 487 514 534 562 585 601 635 658 690 732 754 783
93 173 220 265 296 344 382 421 457 511 542 576 605 632 659 691 716 744 765 799
111 189 232 281 323 350 392 424 456 494 526 549 576 595 622 648 679 705 730 745
94 151 188 212 243 271 305 329 382 413 446 483 498 516 541 567 590 622 650 687
114 180 256 320 353 392 425 464 506 528 560 590 617 640 666 684 720 743 757 782
95 156 195 248 286 317 356 390 425 454 478 492 521 543 559 576 591 620 634 659
101 158 213 270 309 368 404 440 478 510 546 574 602 621 656 694 720 749 778 808
67 123 145 177 204 235 259 277 284 298 315 330 356 375 387 406 426 434 444 461
87 149 191 235 276 311 341 376 403 436 460 490 514 540 566 577 597 611 630 649
79 115 154 192 226 259 290 320 348 366 388 407 424 444 467 480 493 506 531 556
124 205 280 348 399 467 518 564 593 636 671 707 744 793 824 858 890 913 935 963
85 138 194 251 295 331 355 388 429 473 498 525 554 580 612 633 659 695 732 774
93 175 240 310 361 414 467 516 554 589 618 664 697 733 763 804 837 863 883 920
79 133 169 214 252 293 354 380 416 460 490 517 546 577 618 632 664 684 711 737
120 231 329 402 475 523 569 625 683 744 782 826 866 895 922 950 988 1025 1056 1085
