> n=1000 m=5 05/06/2021 16:03:51
20.0 18.6667 17.7143 19.4286 20.5714 19.875 17.9 18.8 18.3636 19.1818 20.0 20.2727 21.0 21.5455 20.75 21.1667 20.3846 21.0769
> n=1000 m=5 05/06/2021 16:03:55
12.8333 11.3333 13.0 12.8182 12.0714 12.6 13.0625 14.125 13.1579 13.1 13.0476 12.6957 13.087 13.6522 13.7083 14.1667 14.6667 14.3077
17.6667 20.6667 23.0 19.0 18.8 20.1 21.5 22.0 21.0909 20.8333 19.1429 20.2143 18.2941 19.1176 18.5556 18.4211 18.05 18.75
11.6 10.7143 11.875 13.0 13.4444 14.4444 14.5 14.0 14.7273 15.5455 15.25 14.8462 15.6154 15.5 15.6429 15.2667 14.8125 14.5294
19.0 21.4 20.8333 17.875 19.0 20.25 18.5 17.25 17.0 18.2308 18.1429 17.7333 18.4 17.1176 17.4706 17.8235 17.5 17.2105
15.8 18.6 16.7143 16.5 17.5 16.5556 17.3333 18.2222 18.8889 19.8889 21.1111 21.8889 22.0 22.3333 23.0 21.6 20.5455 21.0909
14.1667 14.8571 14.1111 14.1 14.3636 15.3636 14.2857 15.0 15.5714 16.1429 16.9286 17.1333 16.75 17.375 17.875 18.3125 18.0588 18.7647
11.2857 13.1429 13.625 15.25 16.0 15.4444 15.6 16.4 16.0 16.8182 16.4167 16.9167 17.5 18.1667 18.8333 18.3846 18.9231 19.3846
19.5 18.4 19.1667 19.0 18.75 20.625 22.0 23.625 22.1111 23.5556 24.3333 23.1 23.6 24.3 24.9 25.2 22.9167 22.5385
9.3333 10.8333 10.625 10.8889 10.4545 11.1818 10.9231 10.6 11.1333 11.25 11.2941 11.4706 11.7647 12.2353 12.3889 12.8889 13.1667 13.2105
19.4 19.6667 21.0 22.8333 21.5714 17.8 17.9091 18.7273 20.0 20.7273 19.75 20.1667 20.9167 21.4167 22.25 22.75 23.5833 24.3333
> n=1000 m=5 05/06/2021 16:04:11
14.4286 16.5714 18.8571 17.0 18.2222 18.0 17.4545 18.6364 19.9091 21.0909 22.2727 21.25 21.75 22.4167 22.8333 23.3333 24.0 24.4167
> n=1000 m=5 05/06/2021 16:17:47
19.8571 20.375 21.3333 20.0 22.0909 23.6364 23.5 21.8571 22.5714 22.0 23.5333 24.7333 25.5333 26.2 27.2667 28.4 26.5882 27.2353
11.5714 10.6667 10.3333 11.1667 11.9167 11.7857 11.625 12.3529 12.7059 13.1176 13.6471 13.5 14.0556 14.1053 14.6316 15.0526 15.3684 15.5789
8.8 10.2 9.8333 9.8571 11.0 11.2857 12.0 11.875 12.625 11.7778 11.6 12.1 12.1818 12.3636 13.0 13.2727 13.0 13.0
25.6 22.5714 25.7143 28.2857 31.2857 33.2857 31.75 32.875 31.1111 27.7273 29.0 29.6364 30.1818 31.3636 31.8182 32.4545 33.0909 33.3636
18.7778 20.3 22.7 23.1818 21.1538 22.8462 23.0714 23.4667 23.125 23.3529 22.5789 22.95 23.7 24.35 25.25 24.0455 24.087 25.1739
20.4 17.125 18.375 19.75 21.375 22.875 22.2222 21.8 21.5455 22.9091 23.5455 24.6364 23.75 23.4615 24.3077 25.0769 25.3077 24.7857
23.6 27.0 24.2857 24.25 26.375 25.4444 21.6667 20.4286 20.4667 21.4 22.1333 23.0667 23.9333 23.5 24.0 23.4706 24.2353 24.8824
16.0 18.4286 18.75 18.3333 17.3636 17.75 18.1538 19.2308 17.9333 17.2353 17.5556 16.8 17.25 17.1905 17.2727 16.8333 16.8 17.36
10.2222 11.3333 11.2727 12.3636 14.0909 15.0 15.4545 16.3636 17.3636 19.0909 17.3077 18.0 18.6923 19.2308 18.7857 18.1333 16.8235 17.3529
10.7143 11.75 11.7778 12.8889 13.4 13.25 12.6429 12.8667 13.1875 12.7778 12.7368 13.15 12.9524 13.3333 13.2727 12.75 13.0 13.08
> n=1000 m=5 05/06/2021 19:58:29
11.0 11.75 11.8 13.6 13.5 12.8571 12.75 14.0 12.6 13.3 13.6 14.1 13.7273 14.0 14.2727 14.7273 13.3846 12.9286
12.8 14.0 14.8 14.3333 14.0 13.25 14.25 13.5556 14.5556 15.0 14.9 14.4545 13.4615 13.3571 13.7143 14.4286 14.4667 14.3125
10.8 11.6667 11.0 11.6667 12.2222 12.5 13.0 13.7 14.2 14.2727 15.0 13.4286 13.7857 14.1429 14.4286 14.9286 15.5714 16.0
17.8333 19.2857 17.1111 18.7778 18.3 19.5 18.9091 18.6667 19.5 19.5385 19.0714 20.0714 20.5714 20.2667 21.0667 22.1333 22.9333 23.1333
17.4 20.0 19.0 20.0 19.4286 21.0 21.7143 22.4286 23.1429 21.625 22.625 21.3333 23.0 24.1111 25.2222 26.0 24.6 25.4
11.6 9.8889 10.0909 10.8182 11.4167 11.7692 11.0 11.1176 11.7059 12.0 12.2778 12.7222 12.7368 13.1053 13.4737 13.8947 13.65 13.9
24.4 26.4 22.7143 22.5 22.6667 22.5 24.0 23.3636 24.0 25.0 21.8571 23.0714 24.1429 24.8571 25.2143 25.7143 26.2143 27.0
23.6 23.3333 26.0 25.2857 27.4286 26.25 23.7 23.4545 24.2727 25.0909 26.2727 25.0833 25.9167 23.7857 24.7143 25.1429 25.6429 26.2143
15.8571 16.0 18.0 19.0 20.625 22.0 23.125 20.6 20.0909 19.25 20.0 18.1429 19.1429 19.6429 19.2667 19.0625 19.4375 19.0588
8.25 10.125 11.25 11.3333 11.8 12.0909 11.5385 11.6429 12.1429 12.0667 11.9375 11.8824 11.7778 12.1667 12.5556 12.15 12.55 12.9
> n=1000 m=5 05/06/2021 20:00:05
18.1667 19.4286 16.0 16.0909 17.2727 16.3846 17.2308 17.2143 18.2143 19.0 17.6875 18.25 18.75 19.0625 19.6875 20.25 19.9412 19.5
23.3333 27.1667 23.625 22.5 25.0 25.0909 20.0 21.375 22.125 21.8824 22.0 22.7222 22.3684 22.15 22.9 23.75 24.4 24.2857
19.6 19.3333 19.4286 17.6667 19.4444 20.7778 20.1 19.6364 20.1818 20.8182 21.4545 22.3636 21.6667 22.3333 22.9167 20.8571 21.2857 21.7143
15.6667 15.7143 14.7778 15.8889 17.8889 19.4444 19.4 20.4 21.6 20.6364 20.1667 18.7143 18.8 19.1333 19.7333 19.3125 19.75 20.375
15.5714 17.625 17.7778 16.2727 18.0 19.3636 19.4167 19.4615 20.7692 21.8462 23.2308 21.5333 22.1333 23.0667 23.8667 23.5625 24.4375 22.6667
15.8571 16.875 15.2727 16.6364 17.1818 16.3846 16.2 16.3125 15.7222 16.1667 15.45 15.5714 15.5909 15.8636 16.2273 16.6818 17.2273 17.6818
20.2 21.0 17.5556 19.2222 19.3 17.6667 17.6923 16.6667 17.4667 18.4667 19.0667 19.9333 20.4 20.8 21.3333 22.0 20.8824 20.5556
15.0 14.2 13.8333 12.625 11.6 12.0909 12.5 12.4615 13.0769 13.0714 12.9333 13.0 12.7059 12.5556 12.8889 12.6316 12.8947 13.0526
13.0 13.7143 15.8571 15.875 14.1 15.1 15.0909 14.3077 14.1429 14.8571 14.9333 13.7222 14.2222 13.8 14.0 14.3 14.95 15.25
15.0 15.7143 16.625 18.0 18.875 19.75 20.75 19.5556 20.3333 21.4444 22.2222 22.7778 23.4444 24.1111 24.4444 25.2222 26.1111 27.0
> n=1000 m=5 05/06/2021 20:01:05
16.2 12.3333 12.7 13.1667 13.5385 14.3571 13.8125 14.5625 14.6471 15.2941 15.5294 16.3529 16.8824 17.1765 17.8235 18.5882 18.4444 18.1053
7.25 8.5 10.25 10.2222 11.3 12.1 12.8 13.3 13.9 14.7 14.0909 14.4545 14.3333 14.75 15.4167 15.9167 15.6154 15.3571
14.6 16.8 16.0 17.2857 18.5714 18.5 20.0 21.0 17.6364 17.4167 17.1538 16.7143 17.2143 17.7857 18.4286 18.6429 19.3571 19.7857
20.125 20.7778 23.2222 25.3333 25.0 25.0 26.4545 25.5833 26.6667 26.0769 25.3571 26.2143 27.0 27.7143 28.2143 27.0667 27.8667 28.7333
18.2857 20.7143 20.5 17.6364 19.2727 17.2143 18.0714 18.1333 18.9333 19.8667 18.7059 18.5556 19.2778 18.9474 19.5263 19.9474 20.2 19.2273
8.125 9.75 9.2 9.4545 9.4167 10.25 10.9167 11.5 12.0 11.9231 12.4615 12.7692 12.5714 12.8571 12.5333 12.8 13.3333 13.7333
16.6667 18.8333 17.125 17.4444 17.8 18.8 19.5 19.2727 18.1538 18.9231 16.6875 15.8889 15.1429 15.2727 15.2609 14.72 15.2 15.44
12.2222 14.5556 15.1 14.75 15.3846 14.25 14.4706 15.5294 16.0588 16.4706 17.1176 17.2222 17.8333 17.25 17.0952 16.3478 16.4167 16.36
23.3333 26.0 21.2222 20.7 22.3 24.1 25.8 24.7273 25.9091 26.8182 25.5833 26.5 27.6667 26.7692 26.1429 27.2143 28.2143 26.0
15.1429 14.0 14.1667 15.8333 15.7692 17.2308 16.2667 16.1875 16.1765 16.8235 16.8889 16.5 16.95 17.5 17.85 16.8696 17.3043 16.56
> n=1000 m=5 05/06/2021 20:03:23
10.3333 10.125 11.5 12.75 14.0 14.4444 15.0 11.2667 12.1333 12.5 13.0 13.1765 13.7059 13.6111 14.0 14.1667 14.3889 14.7778
10.0 9.8 10.8 12.0 11.6667 12.6667 13.1667 13.3333 11.375 10.6 10.1667 10.3333 10.8333 10.6923 11.0769 11.7692 12.2308 12.3077
21.6 26.4 29.2 31.2 25.8571 28.2857 26.375 27.5 24.4 23.8182 25.0 25.9091 26.3636 25.5833 25.0 25.7692 26.9231 27.3077
17.5 17.7143 16.5556 18.3333 17.3636 16.2308 16.3571 17.4286 17.5333 18.5333 19.0 19.4667 20.8667 21.4 22.0667 22.6667 22.0 22.75
13.5714 13.7778 15.4444 15.7 17.0 17.0 17.6364 18.2727 19.2727 19.9091 19.1667 19.9167 20.3333 18.9286 19.4286 19.8571 19.5333 19.8
> n=1000 m=5 05/06/2021 20:04:57
13.8333 13.0 14.25 15.875 16.2222 17.6667 16.8182 17.2727 17.9091 18.7273 19.7273 20.2727 20.8182 21.4545 21.0833 21.5833 19.9286 20.5714
14.625 17.75 16.7 18.0 17.7273 18.0833 19.5833 19.0769 18.8571 18.0 18.5625 19.25 19.0588 19.9412 20.7647 20.3889 20.8333 21.3333
9.1667 11.0 11.4286 11.5 11.4444 12.0 12.1 12.6 13.5 12.9091 13.3636 13.8182 14.4545 15.0 14.5 15.4167 16.0833 15.6923
20.8333 23.0 24.6667 27.5 30.0 31.6667 28.7143 27.25 26.4444 24.9 25.8 26.7 27.9 25.0833 24.0 25.1538 25.7692 24.8571
23.0 22.8333 25.1667 27.5 23.75 24.75 26.25 22.9 24.5 25.0 26.0 26.5 25.4545 24.5833 25.25 23.0 23.5 23.8571
> n=1000 m=5 05/06/2021 20:06:47
10.8333 11.5 11.7143 12.7143 12.375 13.625 14.25 15.5 15.6667 16.7778 16.1 16.4 16.8 17.4 17.7 18.1 18.8 19.0
11.3333 10.625 11.2222 12.0 12.8 13.6 14.4 15.5 16.4 17.4 16.6364 16.8182 16.25 16.5833 16.75 17.25 17.6667 18.4167
15.0 18.5 18.1429 19.1429 20.2857 22.7143 23.8571 24.4286 25.2857 23.875 25.125 25.375 25.875 26.375 24.4444 23.0 23.5 24.1
11.6667 11.0 11.75 11.5556 11.5 12.4 12.9 13.7 14.4 15.1 15.7 15.1818 15.4545 15.1667 15.4167 15.8333 16.1667 16.75
16.0 17.6667 19.8333 22.3333 23.3333 25.1667 27.0 28.5 30.0 31.3333 25.75 26.5 27.25 28.125 29.25 30.375 31.5 32.125
> n=1000 m=5 05/06/2021 20:08:18
12.6667 12.125 11.6 11.7273 13.1818 13.3846 14.6154 15.3846 15.9231 15.2667 15.9333 16.4 16.0625 16.4375 17.3125 17.8125 17.6471 17.4444
16.5 19.6667 19.4286 21.2857 23.7143 22.25 23.125 24.75 25.5 27.0 25.2222 26.0 26.5556 26.8889 25.4 26.4 25.2727 26.0909
22.4 22.6667 25.6667 28.5 30.8333 28.8571 27.375 27.0 28.3333 29.5556 30.7778 29.1 27.9091 26.8333 27.8333 26.9231 28.0 26.9286
17.3333 17.4286 18.8571 20.8571 23.4286 24.4286 26.0 27.4286 28.7143 29.5714 27.75 28.625 26.5556 27.4444 27.7778 28.1111 29.1111 27.4
14.2 13.8333 13.125 13.3333 14.6667 15.6667 17.1111 17.7778 18.7778 19.5556 20.3333 20.5556 21.3333 18.6364 18.8182 19.3636 18.4167 18.0
> n=1000 m=5 05/06/2021 20:19:51
20.6 23.4 19.0 19.2222 21.1111 22.5556 23.8889 24.8889 26.5556 27.6667 29.0 23.6667 22.9231 21.1333 20.625 21.125 21.875 22.5
20.0 23.4 20.2857 22.0 21.75 23.375 23.0 24.4444 25.4444 26.4444 27.3333 28.3333 29.2222 27.7 28.3 29.0 29.8 28.0
14.0 14.8333 16.5 16.5714 18.0 19.7143 21.0 20.25 21.375 22.625 24.25 25.0 20.2727 21.0909 20.5 19.6154 19.2143 19.5714
15.8 18.2 19.0 18.6667 20.0 21.1667 23.0 24.3333 25.3333 23.8571 22.625 23.625 22.0 22.2222 21.4 22.1 22.7 23.0
13.125 15.375 13.5455 13.8462 14.5 15.8571 16.3333 15.7059 16.5882 17.2941 18.1176 18.6471 18.1667 18.7222 19.2222 19.7778 20.2222 21.0
> n=1000 m=5 05/06/2021 20:22:08
12.8333 13.7143 14.5 14.6667 15.7778 17.3333 18.6667 19.3333 18.9 18.6364 19.6364 20.5455 19.6667 20.5 21.0833 21.5833 19.5714 20.0714
14.6667 16.3333 17.6667 16.0 17.5 17.3333 18.1111 19.1111 19.8889 21.0 21.7778 23.0 23.8889 24.6667 25.6667 26.5556 26.8889 27.8889
26.8 31.0 30.3333 28.8571 24.6667 22.0909 23.2727 24.5455 24.0833 23.3571 22.0 23.1875 24.375 24.9375 25.5625 26.25 25.3529 25.8235
16.25 18.5 18.6 20.4 17.1429 18.5714 19.8571 20.7143 22.0 23.4286 21.375 19.8889 20.4444 19.6 20.8 21.4 20.9091 21.5455
13.1667 12.125 13.5 13.7778 13.9 13.7273 13.75 13.2143 12.9375 12.8235 13.2941 13.8824 14.4118 15.0 15.1176 14.9444 15.2778 15.0
> n=1000 m=5 05/06/2021 20:37:40
15.6667 15.125 15.5556 17.5556 16.8 15.5833 16.4167 16.4615 15.7857 16.7857 17.5 16.5 17.0625 17.4375 17.0 17.4706 17.8235 18.4706
22.8 26.4 25.3333 27.5 25.8571 28.2857 30.1429 31.7143 29.625 31.375 30.1111 31.1111 32.5556 31.0 31.9 30.0909 28.6667 29.5833
10.5714 11.0 12.4 13.4 13.4545 13.75 14.5833 14.4615 14.4286 12.9412 13.6471 13.7778 13.6842 13.55 13.95 13.7143 14.0952 14.3333
12.1429 14.0 15.8571 14.5556 13.3333 13.3846 12.5625 13.3125 13.1111 13.5556 13.2 13.3333 13.9524 14.2381 14.5238 15.0476 14.8182 15.1818
11.6667 13.1667 14.4286 14.25 15.0 16.375 14.6 15.3 15.1818 14.4615 15.0 15.4615 15.6923 16.2308 17.0 16.6429 16.2667 16.8
14.8 17.0 17.3333 18.8333 20.8333 22.3333 21.7143 23.0 24.0 25.4286 26.8571 28.2857 29.8571 31.4286 28.625 29.5 27.1111 27.4444
19.4 22.4 24.8 27.2 28.2 25.8333 21.875 23.375 24.0 22.7778 23.0 21.6 22.5 21.8182 22.5455 23.2727 23.9091 23.1667
16.2857 15.5556 16.7778 18.8889 20.0 19.6 20.9 22.3 21.7273 21.1667 22.1667 23.0 23.75 24.5833 21.5333 20.9375 21.4375 21.9375
20.6 24.6 26.0 29.8 28.1667 30.0 30.8333 32.0 33.5 34.1667 30.8571 32.1429 33.1429 34.8571 35.8571 37.4286 34.5 35.625
17.8571 19.25 22.5 21.7778 21.5 22.6 21.9091 23.0909 22.4167 23.5 21.8571 22.5 22.0667 22.8 23.4667 23.9333 24.6667 25.0667
13.375 15.25 15.5556 17.2222 15.8182 15.75 15.9231 15.2 15.5333 14.9412 14.4211 14.0 13.5652 13.7391 13.5417 13.4 13.6154 14.0385
15.1429 18.4286 21.0 18.8889 18.2 18.1818 19.0909 20.0909 18.0 17.8571 18.3571 17.8 16.7059 17.1176 17.6471 18.2353 17.8333 18.2222
13.8 15.8 13.5714 13.875 14.75 16.25 16.3333 14.5 15.4167 15.8333 14.9286 14.6667 15.0 13.7778 14.1667 14.5556 15.2778 15.6667
17.8333 18.1429 17.3333 18.7778 20.0 18.3636 19.4545 20.8182 22.0 21.3333 22.5 23.1667 22.6154 22.2143 21.7333 22.4 21.0 21.4118
14.6 12.8571 14.0 15.1429 14.75 15.75 16.625 14.6 14.1818 14.9091 15.7273 15.4167 14.5 14.7857 15.0714 15.9286 16.4286 16.7857
18.8 22.0 18.8571 20.2857 19.625 21.375 22.0 23.5 20.6 21.2 22.2 22.5 21.7273 20.8333 20.0769 20.6154 21.0769 21.7692
16.1667 15.25 15.8889 16.9 16.9091 18.4545 18.5 19.8333 21.0 20.1538 18.8 19.7333 20.0 20.2667 20.8 21.3333 20.6875 21.4375
16.3333 19.3333 16.0 16.7 15.0 16.3846 17.6923 17.9286 19.4286 17.1667 17.7222 18.3889 18.9444 19.6111 19.8333 19.8421 20.4211 21.1053
19.6 20.5 19.1429 18.875 18.4444 18.0 18.0909 19.0909 19.0 19.5 20.5 18.9286 19.8571 19.7333 19.3125 19.875 20.375 20.9375
13.5 14.1429 15.75 17.0 15.7 14.2308 15.3077 14.6 15.3333 15.9375 16.625 17.5 17.4118 16.8421 16.55 16.5238 16.7273 16.5217
14.75 18.5 17.0 19.4 20.6 19.3333 18.1429 18.8571 18.125 17.6667 18.0 18.8889 19.1111 19.6667 19.8889 20.4444 19.2 18.2727
11.1667 10.625 11.75 12.375 12.6667 12.4 12.8 12.7273 12.3333 11.7143 12.2143 12.2667 12.6667 12.625 12.5882 13.0588 12.8333 13.0
12.5714 15.4286 17.2857 19.1429 18.625 17.5556 18.6667 18.3 19.3 20.4 21.1 21.6 21.1818 20.3333 21.0 20.3846 19.1333 19.8
9.625 10.2 11.2 11.8 11.9091 12.0833 12.8333 13.9167 13.5385 13.8571 14.1429 13.9333 13.75 14.0 14.8125 14.7647 14.5556 14.8333
23.6667 22.375 23.5556 20.4167 21.6667 23.4167 23.3077 24.3846 24.5714 24.4 25.4 26.6667 27.4667 28.3333 28.0 27.0588 28.1176 28.7059
