> n=750 m=5 03/06/2021 14:45:33
4.875 3.88 4.08 3.3889 2.8367 3.0612 2.625 2.75 2.9375 3.0469 3.0938 3.2344 3.3281
2.5278 1.875 1.2149 1.2893 1.3967 1.4545 1.5041 1.5868 1.6694 1.5208 1.5972 1.6389 1.7014
> n=750 m=5 05/06/2021 14:16:56
2.5918 3.1633 3.4898 3.0312 3.2812 2.8272 3.0247 3.1358 3.321 3.3951 3.5556 3.6914 3.9012
2.0408 1.26 1.0694 1.0118 0.949 1.0255 0.9911 0.9531 1.0195 1.0547 1.1172 1.0381 1.0692
2.1389 2.0 1.75 2.0625 1.8025 1.61 1.4793 1.5702 1.6694 1.4792 1.5486 1.1022 1.1422
2.1406 2.3438 2.625 2.3086 2.5309 2.8025 3.0 2.1983 2.3554 2.438 2.562 2.7273 2.8264
1.6944 1.4898 1.6327 1.7755 1.9388 2.0612 2.2857 1.9375 2.0312 2.1094 2.1562 2.2656 2.3438
2.04 1.7222 1.4694 1.6327 1.7755 1.625 1.7031 1.4938 1.5432 1.5802 1.642 1.6914 1.716
1.5 1.9167 2.0278 2.2778 2.3889 1.5781 1.3827 1.22 1.29 1.1653 1.0486 0.852 0.898
2.7222 1.9375 2.0938 2.3438 2.5938 2.8281 2.9219 2.4691 2.5802 2.679 2.8025 2.43 2.56
5.28 4.1944 4.7778 5.1944 5.7778 6.0833 6.4722 6.6944 6.9444 7.3333 7.6667 5.9388 4.6719
2.3889 1.7188 1.875 1.7037 1.51 1.1875 1.2708 1.3403 1.2249 1.1327 1.148 1.2041 1.0978
> n=750 m=5 05/06/2021 14:23:13
2.2 1.8333 1.6122 1.4219 1.08 1.0496 0.8402 0.8817 0.8994 0.8469 0.8827 0.9286 0.9541
1.8611 2.1944 2.3056 1.8776 2.0408 1.2 1.1074 1.0069 1.0625 1.1181 1.1875 1.071 0.9745
2.6667 2.9167 3.25 2.7959 2.3906 2.0988 2.2716 2.3827 2.11 1.8595 1.6458 1.6944 1.7708
5.4375 6.3125 7.0625 7.625 8.0625 8.375 8.625 9.0 9.3125 4.5556 4.8056 5.0278 3.9388
0.99 0.9835 1.1322 1.2314 1.1458 1.2292 1.142 1.213 1.284 1.2194 1.2602 1.3316 1.3776
2.4167 1.6875 1.5679 1.8025 1.62 1.4463 1.3194 1.2249 1.0178 1.0667 1.1244 1.1556 1.2222
1.5 1.75 1.9444 1.3438 1.4844 1.358 1.4321 1.25 1.32 1.37 1.48 1.3058 1.1458
4.88 4.0556 4.5 3.6939 4.0816 2.26 2.39 2.47 2.57 2.65 2.73 2.405 2.5455
1.8333 1.6735 1.4688 1.625 1.24 1.1322 1.0347 1.0694 1.125 1.1736 1.2083 1.25 1.2847
2.0278 2.25 1.898 1.7344 1.5556 1.38 1.2314 1.125 1.1875 0.9592 0.9022 0.8477 0.716
> n=750 m=5 05/06/2021 14:26:12
2.0833 2.3611 2.0204 1.7188 1.8906 1.642 1.2231 1.1111 1.1944 1.2431 1.2847 1.3333 1.3889
1.6122 1.1975 1.2963 1.3827 1.28 1.36 1.1983 1.1111 1.0296 0.9592 0.9847 1.0306 1.0561
1.5185 1.4 1.54 1.4711 1.595 1.6529 1.7355 1.5972 1.6944 1.7847 1.5976 1.6805 1.5255
2.3611 2.7778 2.9444 2.4898 2.6939 2.3281 2.0 1.79 1.595 1.6694 1.5139 1.5833 1.4201
1.7143 1.5156 1.26 1.1901 1.2727 1.405 1.4793 1.3194 1.2367 1.04 1.0711 1.0933 1.0078
3.44 3.0278 3.2778 3.6389 2.4219 2.0864 2.2222 1.96 1.4931 1.5764 1.4083 1.2857 1.0703
1.5938 1.4691 1.642 1.8272 1.0355 0.8844 0.9467 1.0444 0.9609 0.9883 1.0195 1.0625 0.9827
2.4898 2.6939 2.3125 2.5781 2.7344 2.321 2.01 1.7934 1.9008 1.7083 1.7639 1.8403 1.9236
1.898 2.102 2.3469 2.4898 2.125 1.8642 2.0 1.4876 1.1775 1.0765 1.1122 0.918 0.9492
1.375 1.5781 1.6562 1.8438 1.4 1.2893 1.1806 1.0592 1.1183 1.1893 1.2426 1.3018 1.3669
> n=750 m=5 05/06/2021 14:27:06
2.5278 2.3878 1.7407 1.3554 1.0828 0.7439 0.7924 0.8304 0.8148 0.7701 0.8172 0.8366 0.795
3.0 3.36 1.75 1.9531 2.1094 2.2969 2.0494 1.81 1.9 2.0 1.7686 1.8017 1.8347
2.6111 2.9167 3.1111 3.2222 3.4444 2.8776 3.1429 2.6094 2.7812 2.9375 3.0938 3.1562 3.2656
1.8367 1.3951 1.6296 1.53 1.3802 1.3125 1.4097 1.2604 1.3195 1.3787 1.4734 1.503 1.3673
2.0556 2.3889 2.1633 2.0312 1.7284 1.56 1.3802 1.438 1.4959 1.3333 1.3889 1.4306 1.4722
5.56 6.4 7.44 5.8889 6.3056 6.8333 7.3333 7.5556 7.8333 8.25 6.4898 6.7143 6.9388
3.2 2.0612 2.3265 1.39 1.51 1.61 1.71 1.5455 1.3681 1.2604 1.3136 1.3609 1.0844
2.1389 1.8571 1.6562 1.25 1.39 1.51 1.3306 1.2014 1.2917 1.1953 1.1122 1.1429 1.1735
4.64 3.9722 4.5 4.7778 4.9722 5.1944 5.5 5.8056 4.5714 3.6719 3.1358 2.73 2.81
1.8611 1.6122 1.4375 1.284 1.3827 1.5062 1.36 1.41 1.2562 1.0 0.9184 0.8844 0.9067
> n=750 m=5 05/06/2021 16:17:28
2.75 2.4898 2.1406 2.3281 2.4844 1.77 1.94 2.09 1.4024 1.2908 1.3316 1.3878 1.4388
4.2 3.5 4.0278 3.4286 3.6735 3.9184 4.1837 3.4219 2.8642 2.9506 3.0741 2.66 2.75
2.1944 2.4722 2.102 1.25 0.9931 1.0347 1.1528 1.0888 1.1716 1.0816 1.1327 1.1582 1.2041
2.5278 1.8906 2.1094 2.2656 2.4844 1.75 1.81 1.6198 1.6942 1.7521 1.8512 1.4734 1.5207
1.7031 1.1983 1.125 0.9694 0.9244 0.9867 0.8547 0.9031 0.624 0.6446 0.6333 0.6654 0.7089
2.1389 2.0408 1.8906 2.0469 1.8025 1.9506 2.037 1.76 1.84 1.686 1.7769 1.8347 1.4438
1.4844 1.0413 1.0278 1.1181 1.2153 1.1716 0.9911 1.0356 1.1067 1.1333 1.0352 1.0703 1.1055
3.75 2.1944 1.8776 1.75 1.9531 1.7407 1.8642 2.0 2.0617 1.79 1.91 1.6446 1.4444
2.8571 3.3265 3.7347 3.2031 2.29 2.0661 2.1901 1.4847 1.5816 1.3047 1.2422 1.0693 0.9975
3.4444 2.2969 2.5469 2.3333 2.5679 2.22 2.0331 1.5799 1.645 1.7278 1.7988 1.8462 1.9053
