3612 10451 10531 7011 4571 3008 2129 1582 1158 944 774 575 511 472 354 304 242 258 212 192 156 123 119 91 79 89 82 62 39 51 49 41 25 19 17 8 10 7 6 3 8 5 7 0 1 2 2 1 3 0 2 0 0 0 1 0 0 0 0 0 0 0 0 0 1 0 0 0 0 0 0 1
3742 10425 10548 7108 4530 3021 2103 1614 1149 867 693 525 455 374 307 242 185 211 197 156 131 101 122 63 90 104 109 99 90 80 68 25 45 21 20 16 7 32 40 23 19 25 48 41 30 21 11 9 11 9 8 1 1 7 1 2 1 2 0 4 3 1 0 0 2 1 1 2 0 0 0 0 0 0 0 1 0 0 0 1
3661 10782 10486 6964 4501 2869 2029 1476 1171 885 665 565 442 359 324 284 235 252 193 132 110 100 107 149 116 107 90 68 29 27 29 78 91 68 54 37 79 58 36 26 17 11 11 8 33 44 37 17 17 10 9 10 8 4 6 4 0 2 1 0 2 2 0 0 0 2 1 0 0 1 1 2 0 0 2 1 1 0 0 2 0 0 0 0 1
3775 10499 10607 7049 4498 3090 2113 1560 1196 872 641 514 466 349 315 248 204 153 183 161 115 95 108 86 123 83 105 110 72 52 37 22 15 23 38 66 62 56 47 49 23 28 15 15 9 10 5 5 4 4 3 1 3 3 1 1 1 2 0 2 1 2 0 0 0 1 1 0 0 0 2 1 0 0 1
3581 10542 10372 6903 4443 2966 2180 1545 1176 951 669 661 521 399 347 380 268 231 185 156 144 138 105 63 118 92 66 55 74 76 70 49 44 69 33 30 24 21 7 6 7 8 6 3 4 4 17 62 34 19 16 11 14 7 3 5 5 1 4 0 0 3 0 1 0 0 0 0 2 1 0 0 2 1 0 1
3564 10401 10435 6927 4539 3014 2144 1576 1106 946 702 541 468 371 305 276 252 219 217 169 145 183 130 143 139 74 65 72 90 110 84 65 60 33 60 46 28 18 18 12 47 53 25 25 21 11 7 8 4 6 7 2 0 6 1 2 2 5 4 2 2 1 2 1 0 1 3 0 0 0 0 2 3 0 1
3764 10664 10564 6981 4407 2864 2095 1607 1114 883 723 562 460 387 319 272 241 221 206 174 130 111 108 73 91 113 91 91 68 52 30 26 40 34 37 68 41 29 24 56 41 23 29 19 10 5 5 4 5 5 7 5 2 4 2 2 1 0 0 2 2 0 1 3 1 0 1 0 0 0 0 0 0 0 1
3717 10513 10632 7006 4411 2990 2051 1532 1134 887 708 562 473 394 334 244 261 262 235 154 153 135 127 133 122 117 100 47 35 38 45 46 28 70 67 55 34 28 22 15 12 7 5 10 5 7 7 5 1 5 4 2 2 1 3 1 1 0 2 1 0 1 0 0 0 0 0 0 1 0 0 0 0 0 0 0 0 0 0 0 0 0 0 0 1
3630 10452 10464 6952 4467 3022 2125 1575 1198 966 730 601 544 428 341 318 299 232 189 132 139 163 163 101 92 78 65 49 47 66 56 39 30 22 50 36 34 15 20 12 10 8 5 8 2 2 2 2 2 4 2 1 1 2 2 3 0 0 2 1
3762 10402 10230 6929 4478 3005 2069 1545 1160 920 781 588 444 415 431 363 297 198 246 237 190 150 142 75 75 116 136 110 81 46 38 27 28 27 8 42 53 38 25 15 10 10 9 4 10 5 2 3 3 2 2 1 2 3 3 1 0 0 1 1 2 1 1 0 2 0 1
3568 10374 10386 7114 4431 3005 2099 1590 1159 915 748 556 549 407 340 306 251 205 203 171 162 103 85 76 122 95 100 103 120 77 55 52 35 71 40 22 20 19 19 13 4 8 4 6 8 2 13 43 31 30 19 15 4 8 5 7 2 3 1 1 2 0 0 1 1 1 0 0 1 0 1 3 2 1 5 1 1 0 0 0 0 0 0 0 0 0 0 0 0 0 0 0 0 0 0 0 0 0 0 0 0 0 0 0 0 0 0 1
3639 10708 10496 6903 4403 2913 2050 1515 1114 922 781 604 480 361 330 311 281 231 217 211 131 114 98 109 104 85 94 95 78 43 68 53 43 42 57 36 69 44 31 19 12 18 20 5 5 10 7 4 4 2 3 7 5 2 0 2 2 0 0 1 0 1 1 0 2 0 0 2 0 2 0 0 0 0 0 0 0 0 0 1
3676 10413 10348 7022 4438 3011 2063 1621 1206 926 712 541 460 414 330 295 212 209 170 210 150 126 125 120 155 122 103 92 67 46 45 34 55 72 55 39 21 20 18 11 12 3 11 3 3 3 3 50 46 35 21 10 9 8 3 5 1 2 1 0 2 2 1 1 2 1 1 2 0 0 0 2 1 0 1 1 0 1 1
3769 10608 10494 7130 4420 3101 2035 1526 1073 839 623 582 480 460 302 294 248 256 182 180 156 174 115 104 96 93 65 50 84 92 90 64 47 30 28 13 12 10 12 12 9 9 5 8 4 3 2 2 1 0 1 0 1 2 1 1 1 1 0 1
3767 10585 10541 6985 4541 2904 2015 1451 1089 879 680 567 470 373 360 302 307 233 229 236 108 131 137 115 125 121 94 116 98 79 45 38 25 16 40 33 29 18 17 11 10 7 13 15 7 4 5 3 4 2 7 2 3 2 2 1 0 0 0 0 0 0 0 1 0 0 0 0 1 0 0 0 0 0 0 1 0 0 0 1
3657 10508 10518 6878 4510 2964 2149 1537 1211 901 715 573 558 425 310 302 263 253 193 160 169 172 177 138 99 64 41 28 49 81 57 42 31 14 24 10 7 9 5 6 8 25 32 33 25 16 15 7 5 5 3 2 0 3 2 1 0 1 3 1 2 1 0 2 0 0 0 0 1
3695 10649 10487 6950 4557 3025 2120 1487 1191 859 778 550 478 394 423 317 261 199 197 241 205 150 119 81 57 66 48 66 54 43 62 42 37 20 16 15 11 8 6 6 4 2 3 3 2 1 2 3 1 4 1 1 0 1 0 0 2 0 0 0 0 0 0 0 0 1
3702 10295 10501 6957 4528 3096 2108 1515 1159 907 739 558 505 426 358 272 252 199 212 153 193 167 174 148 112 80 60 39 26 56 77 59 49 31 20 20 18 14 7 7 5 6 8 46 36 19 14 18 7 6 8 4 5 6 4 0 2 0 1 0 0 1 0 0 2 1 0 1 0 1 0 0 0 0 0 0 0 0 0 0 0 0 0 1
3656 10352 10563 6911 4432 2954 2081 1586 1198 923 727 634 471 414 357 323 239 218 205 185 181 174 186 138 130 89 66 74 77 62 63 45 54 53 34 21 20 20 12 11 5 3 10 1 3 7 2 5 2 3 4 1 7 0 0 2 0 3 0 0 1 0 0 1 0 0 1 0 1
3719 10691 10497 6968 4379 3074 2107 1526 1164 882 716 598 465 390 324 283 242 182 186 191 120 145 148 100 105 142 115 112 58 52 30 33 20 10 15 18 37 27 28 17 16 14 4 5 6 6 4 4 1 4 3 3 1 2 0 1 2 1 2 1 2 1 1 0 0 0 0 0 0 0 0 0 1
3585 10517 10354 6779 4462 2978 2154 1549 1190 930 803 672 534 418 347 323 284 229 195 166 163 134 126 101 85 96 81 79 95 114 77 46 32 15 16 20 18 11 12 40 44 31 21 14 12 6 8 4 3 0 3 1 3 2 1 3 2 0 3 0 2 1 1 1 1 1 1 0 0 1 0 0 0 0 0 0 0 0 0 0 0 1
3620 10442 10535 6882 4320 3048 2128 1614 1175 930 696 620 485 408 423 366 261 171 187 222 234 181 160 110 72 84 92 119 105 71 43 41 32 23 19 11 6 8 10 6 4 3 1 4 4 2 4 8 1 1 1 3 0 1 0 0 0 1 2 0 0 0 0 0 0 0 0 0 0 0 0 0 0 0 0 1
3683 10560 10471 6882 4526 2983 2036 1567 1131 927 813 593 503 452 328 322 246 214 201 170 121 93 164 116 72 75 82 69 73 70 58 78 85 54 26 30 19 19 13 14 4 13 7 8 6 2 3 4 1 1 0 4 3 1 2 0 1 0 0 0 0 1 0 0 0 0 0 0 0 0 0 0 0 0 0 0 0 0 0 0 0 0 1
3597 10464 10417 6985 4551 2962 2126 1600 1187 936 683 530 503 394 400 259 208 266 226 177 198 150 122 167 122 100 54 52 32 36 19 9 39 95 75 64 46 32 25 20 17 10 7 1 5 2 7 2 1 5 2 0 3 2 0 0 0 0 1 0 0 0 0 0 1 3 0 1 0 1 1 0 0 0 0 0 0 0 0 0 0 0 0 0 0 1
3635 10431 10346 7029 4434 2985 2103 1528 1203 988 724 617 515 433 360 322 371 230 159 125 149 148 207 180 153 87 65 65 66 46 72 46 39 23 20 15 13 12 7 7 5 3 4 7 4 3 4 1 5 0 3 2 1 0 0 0 0 0 1
3654 10631 10446 7025 4559 3085 2128 1517 1166 898 666 595 550 379 343 245 268 249 215 213 148 114 109 79 75 65 94 82 65 45 46 55 41 33 19 17 4 13 12 6 6 4 4 6 4 1 3 1 3 2 5 4 0 2 0 0 0 0 0 0 0 0 0 1 0 0 0 0 0 0 0 0 1
3655 10382 10450 6830 4545 3074 2210 1635 1158 908 792 616 447 354 358 344 249 202 230 167 181 153 150 109 89 88 83 84 64 56 44 71 49 33 34 19 11 10 8 6 9 6 10 6 3 3 1 3 1 2 3 1 0 0 1 2 0 0 0 0 1 0 0 0 0 0 0 0 0 0 0 0 0 0 1
3626 10590 10318 6756 4562 2934 2121 1516 1162 943 674 556 460 384 367 338 190 210 237 205 188 214 120 131 130 150 108 79 67 65 29 42 35 49 54 78 67 60 39 29 18 15 10 9 8 5 9 3 11 3 4 2 1 3 0 3 2 2 1 2 1 1 0 1 0 0 0 1 0 0 1 0 0 0 0 1 0 0 1
3734 10492 10639 6944 4460 3037 2163 1658 1179 896 751 559 427 398 376 268 211 226 209 160 135 102 78 58 61 112 62 123 93 68 23 30 13 17 14 17 6 11 9 43 44 17 14 12 13 9 6 3 5 4 2 1 2 0 1 1 0 0 1 0 1 1 0 0 0 1 1
3497 10414 10192 6876 4466 2902 2085 1497 1128 936 761 606 482 439 390 294 227 257 258 260 198 140 121 177 233 172 122 75 57 42 32 28 16 70 91 81 82 78 47 36 21 18 11 8 5 8 7 9 4 4 5 4 3 5 2 4 3 3 5 0 1 0 0 0 0 1 0 1 1 0 1 0 0 1 0 0 0 0 0 1
3643 10477 10501 6956 4488 3046 2134 1446 1167 961 737 536 514 452 394 281 262 202 214 150 161 121 162 141 109 81 65 36 26 21 38 68 58 44 54 57 43 27 32 20 11 8 12 9 5 6 3 2 4 3 0 4 2 1 1 1 1 1 0 0 0 0 0 0 1 0 0 0 0 1
3715 10640 10470 6874 4618 3070 2148 1614 1214 888 719 601 444 337 368 259 232 211 190 181 191 152 130 115 136 77 81 74 59 38 26 24 13 9 13 15 6 3 6 6 4 5 1 8 4 4 3 0 1 0 1 1 0 1 0 0 0 0 0 1
3614 10503 10441 6945 4351 2926 2095 1446 1265 939 818 613 525 434 323 261 316 245 181 150 129 134 167 148 118 76 59 67 74 66 61 120 94 69 34 39 28 20 14 20 11 10 7 2 9 2 4 4 5 2 1 4 1 2 1 3 1 0 2 2
3664 10505 10497 6906 4438 3049 2154 1513 1171 922 710 617 584 414 350 381 338 250 166 141 128 161 142 114 92 66 51 29 26 47 98 68 51 30 24 19 18 11 7 7 3 5 8 4 2 4 1 3 1 2 1 3 2 2 0 0 0 0 1
3791 10714 10459 7168 4496 3069 2056 1555 1095 825 740 588 452 417 337 251 223 228 207 160 117 133 114 113 88 91 55 68 56 39 61 66 42 27 22 12 5 11 4 3 5 10 3 1 5 3 3 1 4 1 1 0 1 2 1 1 0 1
3599 10504 10438 6924 4582 3028 2161 1518 1073 841 735 507 442 427 450 345 227 176 203 163 158 134 94 132 165 131 80 58 68 53 32 28 26 60 74 57 65 58 40 26 17 19 6 7 6 8 6 4 4 3 4 8 4 4 3 2 2 1 2 2 1 1 0 1 0 0 0 3 0 0 0 0 0 0 0 0 0 0 0 0 0 1
3649 10477 10362 7058 4291 3049 2130 1594 1061 920 673 581 533 430 284 285 259 263 239 171 154 153 191 179 153 107 95 59 73 53 72 47 33 37 72 43 29 25 26 10 15 5 10 4 5 5 3 3 1 2 4 3 4 1 4 2 0 0 0 1 0 2 0 2 1 0 0 1 1 0 0 1 0 0 0 0 0 0 0 0 0 0 1
3689 10512 10401 6895 4325 3052 2259 1542 1204 920 756 629 524 451 354 298 305 209 185 163 157 122 96 113 84 97 55 42 58 54 32 23 16 21 45 33 26 23 13 42 39 27 20 17 6 9 6 9 6 5 5 1 2 3 3 1 3 1 2 0 6 1 0 2 0 0 0 0 1 0 0 0 0 0 1
3639 10769 10451 6875 4412 2964 2033 1513 1152 888 795 618 509 386 338 320 313 247 207 165 156 166 146 126 105 67 55 51 21 37 52 63 55 53 56 46 29 16 16 23 10 5 9 5 3 4 7 3 5 1 1 4 2 4 1 1 0 1 0 0 0 1 0 0 0 0 1
3737 10510 10574 6903 4457 2972 2107 1492 1178 880 747 628 460 379 314 327 261 213 163 155 154 154 120 89 93 69 81 82 95 110 105 95 72 50 30 21 26 13 9 10 11 7 8 7 3 2 2 1 2 1 1 4 3 1 2 1 2 4 0 0 1 0 2 0 0 0 0 1
3620 10505 10262 7039 4459 2984 2169 1470 1154 888 752 682 512 371 356 328 325 251 175 208 180 157 143 145 120 130 84 86 66 41 30 26 26 15 24 27 59 31 21 8 9 11 12 4 2 3 7 4 2 1 3 1 1 3 1 1 1 0 1 0 2 1 0 0 0 0 0 0 0 1 0 1
3636 10487 10420 6812 4381 3019 2120 1542 1215 902 774 633 503 458 358 315 290 234 176 183 171 149 127 98 65 45 76 90 85 67 69 80 58 37 31 21 21 19 55 44 31 14 15 11 10 10 4 2 2 3 4 6 3 2 0 2 0 0 2 3 1 0 1 1 2 2 1 1 0 0 1 1
3681 10476 10508 6985 4408 3054 2084 1625 1209 923 683 573 402 391 284 257 207 184 208 183 117 133 172 117 116 111 106 126 115 64 52 59 71 88 62 32 21 16 13 14 10 6 9 5 4 2 1 2 4 3 0 3 5 1 1 0 1 1 6 1 0 3 0 0 1 0 0 1 0 0 0 0 0 0 0 0 0 0 1
3736 10448 10519 6989 4475 3031 2185 1554 1228 884 703 585 488 398 331 328 201 181 162 192 162 130 87 76 84 91 129 112 92 60 52 37 18 20 16 17 15 41 27 19 20 13 11 8 4 6 6 7 4 5 1 1 2 3 0 1 1 0 0 1 0 1 0 1 0 1 0 0 0 0 0 0 0 0 0 0 0 0 0 0 0 0 0 0 0 0 0 0 0 0 0 0 0 1
3614 10501 10466 6959 4518 2908 2021 1493 1193 862 703 575 484 381 411 385 321 205 179 159 165 149 143 173 117 98 85 46 29 24 43 84 65 62 65 26 64 66 33 31 15 9 9 8 9 6 5 4 5 2 5 1 0 4 2 1 1 0 2 0 1 0 1 0 0 0 1 0 0 0 2 0 0 0 0 1 0 0 0 0 0 1
3668 10679 10445 7083 4532 3026 2135 1541 1227 863 662 605 477 417 348 299 202 179 180 197 168 180 92 75 95 75 52 66 72 58 35 26 19 48 34 28 20 19 18 13 10 5 2 0 8 5 2 1 4 1 0 0 1 1 1 0 1 0 0 0 0 1
3590 10420 10370 6968 4417 2999 2020 1504 1154 912 678 575 508 349 347 277 232 202 229 211 167 132 130 131 135 146 134 113 103 72 83 58 37 43 67 85 91 70 45 39 22 13 12 18 8 14 5 12 5 8 4 5 4 2 5 1 2 6 1 0 2 0 1 0 0 1 1 1 0 1 2 2
3566 10450 10408 6880 4466 2952 2036 1428 1176 858 641 602 500 459 350 311 261 257 204 193 168 153 148 118 121 77 60 63 80 93 81 105 86 62 37 34 28 24 15 11 16 47 41 28 34 62 57 37 23 18 9 8 6 5 6 3 0 5 5 2 3 2 2 2 3 1 3 1 0 1 3 0 2 2 0 0 0 0 1 0 0 0 0 0 0 0 0 0 0 0 1
3777 10683 10402 6970 4534 3020 2130 1570 1258 876 752 639 490 368 310 282 264 224 153 160 129 119 78 81 65 40 75 79 61 29 22 19 21 53 34 28 13 25 47 28 20 13 10 9 6 6 7 4 5 2 4 1 2 0 0 0 1 1 1 0 0 0 0 0 0 0 0 0 1
3642 10595 10421 6955 4425 2890 2037 1608 1153 893 733 566 497 478 360 251 210 250 227 191 153 110 127 122 173 124 154 86 61 50 44 20 27 52 78 50 39 19 17 20 11 10 10 9 10 1 7 5 6 1 3 4 4 2 0 2 2 0 2 1 0 0 0 1 0 0 0 0 1 0 0 0 0 1
