> n=1000 m=5 05/06/2021 16:03:51
10.6364 13.0 14.5714 15.8 16.8125 17.1765 18.1176 19.2353 20.2353 21.2353 21.0556 21.8333 22.5556 21.65 21.619 21.5 21.8182 21.3043 20.1154
> n=1000 m=5 05/06/2021 16:03:55
23.1667 28.0 33.6667 34.4286 34.125 36.75 38.625 40.875 41.75 44.0 41.6667 39.6 37.4545 39.1818 35.3077 34.4286 31.1875 31.9375 32.6875
13.4444 17.3333 18.7 18.25 18.4615 17.5625 17.4444 17.7895 18.0 18.1905 18.3182 19.2273 19.8182 20.4545 20.6087 19.3462 18.2414 18.1667 18.6333
14.8571 17.0 17.8889 16.8333 15.4667 15.2941 15.6667 16.2632 16.0 15.7826 16.2609 16.6957 16.0 15.6429 15.4333 15.6129 15.625 16.0625 16.3125
13.2222 13.5455 16.1818 17.9091 17.0769 18.2308 17.4667 18.8667 19.9333 19.6875 20.5625 20.5294 20.5 21.0556 20.7368 21.1579 21.7895 22.2105 22.5789
12.5714 13.4444 13.9 14.7273 13.2667 12.2632 12.9474 12.9048 12.625 13.25 13.1154 13.5385 13.8519 13.7143 13.9643 14.2069 14.5172 14.7 14.7097
15.3333 13.5 14.8182 14.3571 15.2857 15.4375 15.0 15.3684 16.2632 16.8421 17.8947 18.1 18.65 19.2 19.85 19.8571 19.9545 20.6364 19.7917
12.8333 12.875 13.5556 15.1111 15.2 16.4 17.7 16.5 16.6154 15.5333 14.8824 15.7647 16.0 16.5263 16.35 16.95 17.6 18.0 17.6667
14.6667 18.0 20.5 23.1667 25.6667 26.3333 29.3333 27.0 28.4286 30.0 32.1429 30.875 31.875 32.625 34.125 35.0 35.875 33.8889 34.5556
14.125 15.6 16.4545 18.3636 20.0909 21.0 21.5385 21.9286 20.75 21.6875 22.5 23.3125 22.0 21.6316 22.4211 20.7273 21.1818 21.1304 19.8846
10.1111 12.2222 13.5556 13.6364 14.4167 15.0 15.2143 15.6 15.5 16.25 16.1765 16.8235 17.3529 17.6471 16.55 17.5 17.1905 17.0909 16.9565
> n=1000 m=5 05/06/2021 16:04:11
17.1429 15.8 17.9 16.4615 17.7857 17.5 17.7647 17.4211 17.1429 16.04 15.9259 16.7037 16.8571 17.069 16.9355 17.4516 18.1935 17.8788 18.0882
> n=1000 m=5 05/06/2021 16:17:47
17.0 14.625 17.375 16.2 17.7 16.9167 16.9231 17.8462 19.1538 17.6667 17.0588 18.0588 19.1176 19.5882 20.2353 21.0588 20.8333 21.5 22.0
18.8 17.0 16.2 18.1 19.0 18.1538 18.0714 18.2667 19.2667 18.7059 19.5882 19.3333 20.4444 21.2222 21.8333 22.7222 22.4211 23.2632 22.9
9.2222 10.0 10.9167 12.25 13.8333 13.8462 14.6923 14.9286 15.7143 14.2353 15.1176 15.5882 15.8333 14.5 14.4348 13.8462 13.7778 14.0357 14.4286
10.125 12.1 13.7273 14.75 13.4375 13.7059 13.5263 13.9 14.381 14.0417 13.8077 14.1481 13.7931 13.6774 14.0312 13.9118 14.4118 14.3889 14.4324
11.0 14.0 15.2222 16.0 17.0 18.1818 15.4 15.6875 16.4375 15.3158 15.55 16.25 16.2381 15.913 16.4783 16.8696 16.7083 17.25 17.75
9.1111 11.5556 11.6364 11.5 11.9333 13.1333 14.0 14.9375 15.5 14.9444 15.2632 15.7895 15.9 16.1429 16.381 16.7619 15.9565 16.1304 16.5652
17.8333 19.8571 21.375 18.6364 20.8182 21.9091 20.6154 19.0 18.6111 18.2 19.3 19.7 20.3 20.95 21.55 20.6364 21.2273 21.3043 21.1667
15.5714 16.3333 17.8 19.5 18.3077 19.9231 19.7857 19.6667 20.1875 20.75 21.75 22.9375 22.7059 23.5294 24.2941 25.0 25.8824 26.5882 27.1765
13.8571 14.8889 15.0 16.3636 18.3636 19.2727 19.5833 20.5 21.5833 22.25 21.9231 23.3077 22.8571 23.5714 24.5714 25.6429 23.75 22.0556 21.7895
18.2 15.2222 16.2 16.4545 18.3636 18.5 18.7692 19.0714 19.9286 20.8571 20.4667 21.2 21.8667 21.4375 20.8824 21.5294 22.1765 21.8333 22.4444
> n=1000 m=5 05/06/2021 19:58:29
12.375 11.7692 13.1429 13.8125 14.2222 14.0952 14.5909 14.4583 15.0 15.0741 15.8889 16.2143 16.1333 16.4194 16.5312 16.9688 17.4688 17.4545 16.9167
10.2727 11.0833 11.7692 13.1538 13.7143 14.7857 14.8 15.0625 16.0625 17.0625 17.1765 16.6316 16.6 17.3 17.95 18.4 18.7 18.4286 18.0
16.8333 18.375 18.8889 20.6 20.9091 20.3077 21.6923 20.0 21.0625 21.4706 21.2778 21.7778 22.7222 23.2778 24.1667 23.8421 24.5789 25.2632 26.0526
14.6667 16.6 20.0 20.6364 20.5 19.6429 19.6667 21.0667 22.2667 21.2353 20.7368 21.5263 20.8571 20.7273 21.2727 20.4583 21.25 21.9167 22.1667
15.1429 15.3333 18.0 19.7778 21.5556 21.1 22.1 22.0909 20.4615 21.0769 22.0769 22.3571 23.2857 24.2857 25.1429 25.7857 25.4667 24.8125 25.625
9.625 10.9 13.1 13.6364 13.9167 14.5385 15.0714 14.5 15.25 15.4118 14.6 13.28 13.0741 13.5185 14.0741 14.4074 14.3929 14.2759 14.0968
13.0 12.3333 13.1 12.9167 13.0769 14.2308 15.6154 16.7692 16.2 16.1875 16.9375 16.8235 16.7778 17.1111 17.6111 17.4211 17.15 17.0952 16.9091
14.4 12.625 13.6667 14.4 14.2727 15.0909 15.9091 17.0 15.7692 15.6429 16.7857 15.6875 16.1875 16.6875 17.1875 17.625 18.375 19.0 19.5625
12.8333 12.875 12.3 11.8462 12.7143 13.1333 13.6875 14.3529 14.0 14.35 14.75 13.9565 14.3043 14.8696 14.4 14.84 14.7308 14.8519 14.8214
9.7143 11.4444 11.9091 12.4167 12.8462 13.2857 13.9286 14.8571 14.8 14.5 14.7059 14.9444 15.1053 15.35 15.95 15.0 15.0417 14.5 14.4815
> n=1000 m=5 05/06/2021 20:00:05
11.125 12.3 13.4545 14.0 15.0769 15.0714 15.1333 16.4667 15.8824 16.3889 16.3158 16.8947 17.3684 17.7368 18.4211 18.5 18.619 19.1429 19.7619
15.7143 15.3 16.5455 18.0909 17.6923 19.1538 18.6429 18.6667 19.6667 19.5 17.5789 17.0 17.619 18.4286 19.1429 19.3636 19.7727 19.7391 18.4231
20.5 22.0 19.1 17.7692 18.3571 18.6875 19.1765 20.0 20.0 20.1053 20.25 18.7391 19.4348 20.2609 20.9565 21.6087 21.8333 22.375 22.9167
14.6667 18.6667 16.2222 18.3 16.6923 15.625 15.8824 16.2778 16.7368 17.05 17.4286 18.0952 18.6667 18.5455 18.3478 18.5833 19.375 19.32 20.0
14.1429 14.8889 15.0909 13.7143 13.6875 15.1875 16.0 17.3125 18.3125 18.4118 17.9474 18.05 18.0476 18.5714 19.0 18.9091 19.5909 20.2273 20.7273
18.1667 21.8571 24.7143 27.0 29.5714 32.1429 34.4286 32.125 28.0 27.7273 27.1667 28.3333 29.1667 29.9167 30.4167 31.25 32.5 33.4167 34.4167
16.8 17.1667 13.3 14.7 14.5 15.75 17.0 16.7143 16.8 16.6875 16.9412 17.4706 18.0 17.8889 16.619 16.8636 16.7391 16.7083 16.72
12.4286 13.5556 13.5455 14.3333 14.3571 15.4 16.4667 17.8 17.0 16.5789 16.55 16.5714 17.1905 16.4583 16.44 16.1111 16.5556 17.1481 17.5926
11.0 11.7778 13.1 13.5833 15.5833 15.5 15.4 16.2 16.7333 16.625 16.9412 17.1111 17.0526 17.05 17.1429 17.4286 17.3636 17.0435 17.0417
10.5714 11.125 12.3333 13.0 12.9091 14.2727 13.7692 14.4615 14.2857 14.4667 14.5 14.4706 15.1765 15.2941 15.7059 15.3889 16.1667 16.8889 16.15
> n=1000 m=5 05/06/2021 20:01:05
12.1111 13.8889 14.8 15.0833 16.2308 16.6429 15.8235 15.8889 16.3158 16.0952 16.3182 15.2 15.6154 15.9615 16.4615 16.2143 16.4286 16.8214 17.1786
11.625 14.875 18.125 20.125 22.375 20.5 21.9 21.5455 20.2308 19.0667 17.7222 18.2222 18.2105 18.7368 17.7619 17.4348 16.92 17.28 16.7407
14.375 15.9 15.8333 14.5625 15.5882 15.3684 16.05 17.1 16.6087 17.0 17.9167 18.5833 18.9167 19.5417 19.6 19.5385 19.6667 20.2963 20.3571
9.3333 10.6 11.3636 11.5385 12.2857 12.6 13.125 13.5294 14.3529 14.2778 15.1111 15.6667 15.7368 16.1579 16.15 15.9524 16.5238 16.4545 16.1739
18.1667 19.4286 17.0 16.0 15.8 15.5882 16.5882 16.2105 16.45 15.9545 16.5909 17.1818 17.3043 17.7826 17.7083 17.84 17.9615 18.6154 18.0714
14.0 14.0 16.0 19.0 18.1429 16.2222 17.4444 17.7 17.9091 18.6364 19.6364 21.1818 19.2308 17.8667 17.4375 17.2353 18.2353 18.7059 18.8235
15.6667 15.8333 15.6 14.4 15.381 14.9583 15.36 15.7692 16.5385 17.2222 16.9 16.8125 16.3429 16.4722 17.0 17.0811 16.75 16.7857 17.2619
15.4 18.4 18.0 19.6667 21.1667 21.0 20.625 17.6364 18.4545 19.1818 20.0 19.3333 20.0833 20.6667 21.3333 22.5 21.6923 22.3077 21.4286
16.4286 18.875 17.1818 18.8182 19.25 20.6667 22.3333 21.0714 22.1429 21.6667 20.6471 19.6316 19.9 20.85 21.75 22.5 21.6364 22.2727 22.0435
15.5714 15.6667 17.7778 19.5556 21.1111 17.9167 19.0 20.3333 22.0833 21.7692 21.2143 21.8571 22.5714 22.0667 22.7333 23.1333 23.5333 22.9375 23.375
> n=1000 m=5 05/06/2021 20:03:23
12.6667 11.7778 13.1 14.3 13.9167 15.0833 16.0833 16.4615 15.3125 15.4118 16.0588 16.4118 16.8824 15.9474 16.6842 17.3684 16.7143 17.4286 18.0952
11.5714 12.6667 14.0 14.5455 14.75 13.8 14.4667 15.3333 16.1333 16.9333 16.875 17.8125 18.875 19.6875 20.25 20.75 19.6667 18.7 19.05
16.5 19.75 19.8 23.0 20.1429 17.6667 18.7778 18.1 17.8182 18.3636 19.1818 19.0833 19.75 20.25 20.9167 21.5 20.9231 21.4615 20.7143
12.7143 14.875 14.6 16.2 17.7 16.2308 17.0 17.4286 17.1333 17.7333 17.8125 18.6875 19.5 19.3529 19.7647 20.0 20.6667 19.55 18.6364
16.2857 15.3 16.5455 17.4167 19.0 20.4167 22.1667 21.8462 19.9375 21.625 22.6875 21.1667 21.7778 21.6316 22.2632 22.8421 23.5789 23.4 24.25
> n=1000 m=5 05/06/2021 20:04:57
18.0 16.75 17.9286 19.4 20.625 22.5 22.4706 22.9444 22.8947 24.0 24.9474 24.1905 24.9524 24.2174 24.913 24.7917 25.625 25.48 26.16
16.5 18.0 20.1 22.8 20.4615 20.1429 21.0667 20.4706 22.1176 22.7647 22.7778 22.5263 22.75 23.8 24.85 25.6 26.15 25.5714 26.2381
12.0 14.0 14.9091 16.25 17.75 15.9333 17.0 16.5882 17.1667 17.1053 17.7895 17.4286 18.1429 17.3478 17.6522 18.0435 18.4348 18.1667 18.5833
12.1667 15.6667 16.0 14.6667 13.8182 15.0 16.4545 17.3636 17.5 18.0833 18.0 18.7692 19.6923 17.625 17.6471 17.8824 18.3529 17.8889 17.8421
21.5714 23.875 25.4444 25.8 24.0 24.4615 25.9231 26.0714 26.1333 27.2 25.3529 26.8235 27.4118 25.7368 26.7368 26.45 25.3636 24.4167 24.16
> n=1000 m=5 05/06/2021 20:06:47
13.1667 11.6667 12.5455 11.3125 11.1579 12.05 12.0909 12.0417 12.8333 13.2083 13.1538 13.6538 13.9259 14.4444 14.963 15.1071 15.2759 14.9677 15.3871
15.2 13.5 13.7778 12.2308 12.0667 12.25 11.381 11.125 11.625 12.0 12.3462 13.0385 13.3846 13.4815 13.7778 14.2593 14.6296 14.6429 15.1071
18.1667 17.875 19.8889 20.8 20.5455 21.6364 19.3571 19.4 20.6667 21.4667 21.0625 21.8125 22.5 23.125 22.5882 22.2778 22.6667 22.4211 22.8421
14.125 16.6667 17.9 20.7 22.2 22.3636 23.4545 24.2727 23.8333 22.1429 23.5 22.8 23.2667 23.9333 24.7333 25.4667 26.0667 26.8 26.0
12.5 12.8333 12.8571 13.25 14.5 15.75 17.25 18.25 17.4444 17.8889 18.1111 17.6 18.0 17.3636 18.3636 19.0909 18.3333 18.8333 19.5
> n=1000 m=5 05/06/2021 20:08:18
14.0 15.3333 18.1667 20.3333 21.8333 23.5 24.3333 23.0 22.25 21.3333 22.2222 23.0 24.0 24.7778 25.2222 23.7 24.5 25.0 26.1
14.8571 14.3 16.1 18.6 18.9091 20.4545 21.9091 23.0909 24.4545 25.3636 24.75 25.4167 24.6923 25.5385 26.2308 27.2308 28.2308 29.0 29.8462
10.6667 13.1667 13.6667 15.8333 17.3333 19.1667 21.0 19.7143 20.7143 18.1111 17.6 18.2 16.25 16.75 17.0833 16.4615 16.1429 16.4286 17.0
11.0909 12.6667 14.0769 14.4667 15.6667 16.6667 17.6667 17.7647 18.5294 18.6667 18.1 18.75 17.5217 17.0 17.6 18.4 17.7778 18.3704 17.7586
13.1429 12.4545 12.6923 13.2857 13.4375 14.0588 14.3333 15.0556 15.3684 15.4 15.4286 15.4545 15.0 15.4583 15.68 15.5385 16.2692 16.2593 16.5185
> n=1000 m=5 05/06/2021 20:19:51
17.4 18.0 15.4444 17.0 19.2222 21.5556 20.0909 19.75 18.5 18.0667 18.7333 19.6667 20.0 20.6875 21.4375 20.7059 20.5 21.0556 20.5789
12.8571 16.5714 14.3636 15.1538 14.0588 14.0526 15.0 15.3 16.0476 15.8696 16.2083 16.12 16.2308 16.3333 16.7778 16.8929 17.3214 17.4828 17.3667
23.75 24.8 25.0 25.1429 27.7143 29.8571 31.8571 33.0 35.0 36.0 37.0 38.5714 32.3333 30.0 31.1 31.5 32.5 30.6364 31.5455
8.8571 10.5714 10.5556 12.6667 13.5556 14.3333 15.4444 14.2727 13.9167 14.8333 14.4615 14.8462 13.9333 14.5333 14.375 14.0588 14.1111 14.0 13.85
20.0 25.7143 23.7778 24.7 24.7273 22.4286 22.4 24.0 22.7059 23.6471 21.95 23.1 22.9524 22.8182 22.5217 23.4348 23.5 24.4167 25.0
> n=1000 m=5 05/06/2021 20:22:08
14.625 17.5 20.125 20.2222 17.4167 17.4615 18.1429 17.5625 18.5 19.0 20.0 20.8235 21.8235 21.6111 20.8 20.381 20.9524 20.7727 20.0417
14.4 16.1667 18.5 18.0 17.1111 17.7778 19.0 19.6667 20.5556 21.7778 22.4444 23.0 23.6667 24.7778 25.1111 25.8889 26.7778 28.0 28.5556
16.0 19.7778 23.3333 26.7778 26.8 25.9091 25.9167 24.5714 24.5333 24.5625 26.3125 27.3125 27.1765 28.3529 29.2941 28.5556 28.2105 26.5714 26.9524
9.5 11.7143 12.25 13.75 15.0 16.625 14.2727 13.7692 13.7143 14.7857 15.6429 14.5882 14.2778 14.1579 14.0 13.8571 13.6818 13.5833 12.963
14.1667 14.625 14.7 16.0 16.6364 17.1667 17.2308 18.5385 19.5385 20.4615 19.4 18.1765 16.5 16.9 17.2 17.7 18.25 18.65 19.2
> n=1000 m=5 05/06/2021 20:26:08
11.625 12.5 12.2308 12.5333 14.0667 15.0 14.3889 15.2222 16.1111 16.6667 17.4444 17.2105 17.15 17.4286 17.6667 18.5714 16.96 17.36 17.3846
12.625 16.75 16.0 16.5455 16.9167 17.3846 18.9231 19.2143 17.8125 19.125 20.0 19.0556 20.0 19.8947 19.9 19.9048 20.0 19.7826 19.4583
10.4 11.5455 11.5 12.375 13.5625 14.4375 13.55 14.35 15.1 15.65 15.9524 15.8636 16.5909 17.2727 17.9545 17.913 18.3043 18.9565 17.8846
16.0 15.375 18.25 16.3636 16.8333 17.5833 18.25 18.1538 19.3077 20.1538 18.0625 17.8824 18.5882 18.2632 17.1905 17.1818 16.24 16.76 16.7692
16.6667 18.0 21.1429 24.5714 27.0 28.8571 24.7778 25.7778 27.2222 28.7778 29.5556 30.8889 31.5556 33.0 31.4 32.7 33.7 31.6364 32.6364
> n=1000 m=5 05/06/2021 20:37:22
20.2857 20.5556 20.3636 20.4167 23.0 23.6154 24.4286 22.9375 22.1111 22.5263 22.55 22.4762 21.913 22.5652 23.4783 24.2174 24.8696 25.3913 25.9565
> n=1000 m=5 05/06/2021 20:37:40
11.375 13.5 14.8889 14.7273 15.8333 15.8462 16.9231 15.625 16.3125 16.8125 16.2222 16.4211 17.1579 17.4737 16.5 16.6522 16.5 17.0 16.88
11.6667 13.3333 13.25 13.5556 14.3 15.0 15.0 15.8182 15.5833 16.6667 16.3077 16.2143 16.7143 17.9286 18.6429 19.5 20.0 20.4286 20.8571
10.2222 11.8182 13.0 13.6923 12.9333 13.5 12.6 13.05 13.2857 14.0476 14.1818 14.9091 14.48 14.4615 14.9231 15.0741 14.8621 14.9667 15.6
11.6667 14.1111 16.8889 17.6 15.8462 15.3333 15.5 15.5882 17.1176 18.2353 19.0588 19.0556 19.7222 19.6316 18.5238 17.8696 17.9583 17.96 18.44
20.8571 21.2222 24.2222 20.3077 18.5625 19.75 19.6471 20.4706 18.5714 19.5714 20.3333 20.4091 21.0909 21.8636 22.5455 21.16 21.92 22.4 22.96
11.625 11.8182 12.75 13.75 13.3571 14.4286 15.0 15.8 17.0 17.6667 18.4667 19.4667 20.2 20.3333 21.0 21.7333 22.4 22.1875 22.5625
18.5714 13.9286 14.625 15.0 14.9524 16.1905 17.1429 16.7391 17.0 16.6667 16.1 16.8 17.5333 17.3438 17.6667 17.4857 17.9143 18.0556 18.2973
10.75 13.5556 14.3 15.0 17.1818 18.2727 18.8182 20.0 21.5455 20.3846 20.2857 20.8571 19.625 18.8333 19.3333 19.2105 19.6316 19.35 19.0476
16.1429 20.0 21.0 19.3 18.75 18.8462 19.8462 20.5385 21.1538 21.5 22.4286 22.3333 21.75 20.3333 21.1667 21.5 21.3158 20.9 21.45
12.0 12.5556 12.7273 14.7273 15.0833 16.4167 17.3333 16.2857 16.2 15.8235 16.8235 17.7059 18.4118 18.3333 18.9444 19.4444 19.8889 19.6316 19.45
12.375 12.1818 14.2727 14.1429 14.2 14.0 14.8947 15.1 14.913 15.25 15.6 15.4615 15.25 15.5517 15.7667 15.7742 15.4242 15.9697 15.4324
18.1667 18.5 19.5556 20.4 19.5833 21.25 21.7692 21.5714 21.2 21.25 22.0625 22.1176 20.1 20.8 21.4 22.4 23.15 21.8182 22.5
12.8571 16.5714 15.3333 14.7273 15.0833 17.0833 18.1667 19.0833 20.25 19.1429 18.9333 18.625 18.4706 19.0 19.4118 20.1176 20.8235 21.4118 21.7059
14.625 15.7 18.0 17.8333 18.3077 18.0667 16.5556 17.2105 17.381 18.1905 18.2727 17.875 17.2308 18.0769 17.8214 18.2857 18.8929 18.931 18.9667
11.3333 13.1667 12.875 12.8889 15.0 15.1 16.5 16.2727 16.7273 17.9091 17.75 18.0833 18.8333 19.5833 20.25 20.9167 20.3846 21.0769 21.6923
13.0 13.4545 15.4545 15.3846 17.0769 17.6429 18.6429 18.25 19.875 20.875 20.5882 20.3889 19.9474 19.95 19.5714 19.2727 19.8636 19.6087 20.2174
9.4444 11.5 14.0 14.9091 16.0 15.3846 16.0769 17.2308 16.2667 16.4375 16.9375 16.8824 17.4706 17.8824 17.7778 18.6111 18.2632 18.1 18.45
10.3333 10.7273 11.6154 12.2143 12.75 13.0556 13.05 13.2857 13.8571 14.5238 15.4762 14.6667 14.76 14.8462 14.6429 14.7857 14.4667 14.4839 14.4688
13.4545 16.0 16.7143 15.7647 15.7368 16.1905 16.6818 16.24 16.6538 17.6154 18.5385 19.2692 20.0385 20.3704 20.5714 21.1429 21.2069 20.7097 21.129
9.5556 11.2 11.5 12.6667 14.25 14.6154 15.0 15.5 15.6667 15.625 15.4706 16.2353 16.5882 17.3529 17.5 17.4737 18.0526 18.5789 19.1053
9.0 8.1818 9.3077 10.6154 11.4615 12.0 11.4375 11.4444 11.8333 11.75 12.0 12.5238 12.3913 12.7826 13.3478 13.4583 13.0385 13.2308 13.5769
18.2857 20.75 21.5556 24.0 22.3636 21.3077 22.4615 22.4286 23.7857 23.4667 23.5625 22.1111 23.1667 22.7368 23.6316 22.5714 21.5652 21.375 22.0
11.3333 13.2 13.8333 13.2 14.4 14.2941 14.5556 14.65 16.0 15.2609 15.04 15.3462 15.25 15.2759 15.7241 15.1562 14.8824 14.8857 14.8108
21.3333 21.25 25.0 27.75 31.0 27.6 30.8 31.6 28.8333 30.6667 33.1667 28.0 28.625 29.875 27.7778 28.2222 28.4444 29.2222 27.1
8.5556 9.3333 9.9333 10.1765 11.1176 12.1176 12.2222 12.5263 13.0 13.25 12.9091 13.3182 13.4783 13.625 13.9167 14.4167 14.875 14.72 15.16
