> n=750 m=5 03/06/2021 14:45:33
186 244 302 341 387 423 458 491 524 547 574 598 617 634
116 140 172 203 231 262 292 312 329 360 378 408 426 444
> n=750 m=5 05/06/2021 14:16:56
76 103 123 150 168 175 194 206 222 242 255 275 284 295
101 128 163 190 211 233 260 272 285 308 321 344 366 381
97 117 158 190 216 251 275 300 316 347 363 379 400 420
105 143 160 198 225 250 281 302 333 359 376 397 425 442
95 126 154 183 220 240 260 283 301 320 340 355 388 411
108 131 157 182 205 226 255 269 292 298 324 335 352 363
116 148 176 213 244 264 290 312 324 355 380 390 401 414
79 110 130 145 173 189 207 223 238 257 277 299 315 324
84 114 133 155 180 218 239 254 276 293 304 315 338 357
99 123 161 182 199 221 235 257 276 291 307 326 344 359
> n=750 m=5 05/06/2021 14:23:13
73 108 133 162 186 208 222 238 250 261 280 296 312 330
94 125 158 177 189 214 229 243 260 276 290 306 315 324
92 118 140 157 180 200 210 216 231 259 282 303 324 336
116 148 183 216 233 254 270 293 316 341 362 386 404 419
72 102 113 123 140 154 176 191 207 221 236 249 265 270
89 118 139 163 186 198 222 247 264 274 286 306 325 348
89 120 149 182 203 222 241 257 280 299 309 342 363 373
81 104 129 149 174 199 215 232 252 272 281 293 304 327
82 109 126 153 172 192 210 226 250 271 286 296 315 326
87 121 157 187 201 233 251 281 300 313 328 341 354 372
> n=750 m=5 05/06/2021 14:26:12
88 117 132 155 178 203 217 232 255 269 283 303 320 336
77 112 139 165 187 200 224 241 267 298 306 327 340 351
137 154 181 202 221 247 266 298 314 329 348 366 379 398
71 91 111 126 151 170 194 211 220 226 251 263 282 295
94 121 144 161 176 193 209 228 241 257 278 297 304 312
95 131 154 175 205 240 254 271 296 308 326 342 361 381
83 110 136 150 178 199 218 235 251 278 294 308 316 326
145 184 212 253 288 337 376 394 413 445 473 500 546 575
73 99 122 153 179 195 213 228 236 243 259 269 277 293
57 75 94 113 131 144 153 166 177 183 187 203 208 216
> n=750 m=5 05/06/2021 14:27:06
108 132 149 196 222 240 270 293 322 334 346 364 386 400
67 85 107 122 135 147 168 189 197 207 220 226 239 242
78 106 126 140 158 176 192 213 223 242 249 259 272 279
113 142 176 190 218 240 262 290 308 335 369 383 408 427
92 114 135 171 184 203 224 244 260 271 282 291 304 315
121 157 187 224 250 283 310 328 343 362 378 400 414 429
83 112 146 177 209 225 246 264 273 300 318 336 357 392
123 156 186 212 238 251 266 280 313 328 349 368 382 402
86 117 135 160 188 208 218 241 256 284 303 316 336 360
75 118 140 166 178 201 221 241 259 275 295 306 320 334
> n=750 m=5 05/06/2021 16:17:28
91 110 148 171 189 206 222 241 256 276 299 320 350 362
60 83 103 118 123 132 140 145 154 162 175 177 185 199
95 120 139 157 173 188 200 215 234 242 260 279 293 312
102 150 175 194 211 244 273 293 325 344 367 388 400 417
60 96 107 121 137 147 166 182 203 222 245 256 278 290
98 130 157 183 195 224 246 262 275 284 296 310 324 343
116 159 190 209 240 269 288 305 320 333 346 361 378 399
121 173 213 242 273 303 342 381 419 438 459 481 494 507
72 105 128 167 191 213 232 245 265 279 297 308 327 343
72 97 122 137 154 165 179 190 204 224 239 252 262 266
