358 1037 1096 743 459 341 206 195 114 87 79 75 43 38 26 24 29 16 15 7 2 6 0 2 1 1 0 1
339 1060 1079 739 437 351 230 169 123 95 97 68 43 36 41 30 19 14 11 6 2 3 2 1 1 2 3
361 1078 1122 714 479 291 228 168 156 91 87 62 55 35 23 11 11 11 4 5 6 1 1 0 0 0 1
357 1007 1107 747 463 306 196 163 110 129 96 68 35 59 51 36 14 19 7 5 4 6 3 4 3 1 2 0 1 1 0 0 0 0 0 1
331 1028 1078 745 475 327 226 185 145 110 94 55 42 39 36 25 16 14 12 4 5 2 2 3 1 0 0 0 0 0 1
356 1048 1116 711 465 335 226 166 138 100 71 57 72 53 18 18 14 12 11 7 1 1 3 1 1
353 1015 1090 716 465 327 243 157 108 97 94 72 61 49 40 42 30 11 9 2 3 5 4 2 1 1 2 0 0 0 1 0 0 1
366 1095 1131 727 448 293 237 194 110 118 86 45 36 36 24 17 13 10 6 5 1 0 1 0 1 0 1
346 984 1060 718 476 321 242 193 162 117 71 63 78 57 40 20 20 8 7 5 2 3 3 2 1 0 1 0 0 1
361 1045 1090 738 501 318 218 178 126 100 68 77 63 44 20 18 12 5 6 5 0 2 3 0 1 0 2
365 1034 1097 701 514 293 219 171 136 125 86 80 59 45 22 19 9 7 4 8 3 2 1 0 0 1
392 1050 1142 705 461 329 220 170 114 104 99 69 53 35 14 17 8 9 4 1 2 2 0 1
362 1081 1095 750 456 288 218 158 140 95 78 60 58 44 30 21 20 16 12 5 1 3 3 2 2 1 1 0 0 0 0 0 0 1
383 1024 1098 758 482 351 245 151 129 102 70 59 31 30 28 17 16 9 4 8 2 1 1 2
369 1049 1116 769 469 343 204 179 94 86 79 55 69 38 27 16 10 6 3 5 6 2 2 1 1 2 0 0 1
379 1117 1072 716 438 308 233 176 126 91 87 70 48 51 25 16 9 10 12 4 5 3 2 1 0 0 1 0 0 1
348 1059 1146 696 489 311 209 168 118 91 93 65 51 44 29 28 17 11 11 3 3 3 3 1 1 1 2
368 1034 1101 686 468 274 234 178 122 98 74 82 70 35 31 39 37 23 11 14 4 4 3 2 3 1 0 5
367 1015 1116 771 498 280 204 168 103 77 94 51 35 46 59 44 22 13 13 8 4 3 3 2 0 0 0 1 1 1 1 0 0 0 1
386 1102 1089 723 493 294 199 151 124 113 78 69 48 22 20 28 19 12 8 8 5 1 2 0 3 2 1 0 0 0 0 1
342 1032 1116 779 482 307 215 147 118 92 73 88 47 37 31 21 22 15 10 7 6 1 0 5 4 2 1 0 0 0 1
330 1037 1106 724 456 320 209 179 121 103 78 75 57 43 36 40 29 18 10 13 2 4 6 2 1 1 1
392 1049 1148 736 462 311 251 178 124 92 55 48 56 34 23 15 6 8 8 3 0 0 2
351 1058 1129 678 464 318 233 172 130 108 80 62 67 37 29 24 25 13 5 6 3 3 1 3 1 0 0 1
390 1016 1102 780 486 320 224 157 116 97 68 50 50 30 11 9 11 27 22 11 6 7 5 2 0 2 0 0 1 0 1
363 1111 1073 801 467 326 248 169 126 71 89 52 35 25 11 10 7 5 4 1 0 4 2 0 1
357 1029 1117 725 426 321 233 176 154 134 107 72 44 34 13 18 13 6 3 7 4 2 4 1 0 1
342 1034 1151 667 483 305 221 155 113 94 99 63 63 56 55 33 19 15 8 4 7 2 6 2 1 1 2
361 1048 1137 705 523 342 222 171 90 82 93 78 59 34 18 14 4 3 7 7 3
390 1051 1067 759 468 311 221 167 123 102 88 59 48 35 38 28 11 14 1 8 4 3 3 1 0 0 0 0 0 0 0 1
377 1022 1120 763 441 337 214 185 152 88 69 56 54 24 23 24 17 9 8 1 5 6 2 0 0 3 0 0 1
351 1071 1123 721 511 334 238 158 125 85 82 53 30 21 18 26 19 10 10 6 1 4 3 0 0 0 1
368 1067 1100 785 500 324 199 149 120 91 81 76 36 35 24 13 8 10 6 4 1 1 2 1
384 1078 1092 761 483 298 244 152 164 96 65 38 34 17 22 26 17 9 3 4 3 7 1 2 0 0 1
389 1106 1120 727 487 315 214 146 122 93 65 55 39 40 22 19 15 7 6 8 3 2 1
370 1070 1111 718 502 331 214 176 140 104 64 53 47 33 23 12 10 7 5 8 1 2
369 1083 1087 758 456 319 245 144 129 90 75 75 57 38 18 22 6 7 6 9 4 1 1 1 1
376 1035 1118 745 457 295 249 163 152 119 73 71 47 31 20 17 12 7 4 4 2 2 0 2
342 1085 1115 718 471 280 207 169 127 127 87 59 44 38 42 35 12 8 13 9 2 4 6 1
352 1073 1133 722 484 333 232 172 140 101 60 52 35 39 21 14 10 6 3 7 2 5 4 0 0 1
372 1023 1112 758 459 310 215 154 129 89 82 61 48 40 20 18 13 6 34 11 14 9 6 2 9 1 1 1 1 1 2
369 985 1156 747 471 303 215 191 144 109 67 67 41 28 30 25 11 16 4 6 5 5 1 2 0 2 0 1
335 1084 1067 730 487 310 222 161 114 110 100 92 51 44 21 19 13 10 5 7 7 3 5 3 0 0 0 0 0 0 0 1
363 1088 1088 727 433 319 222 177 121 89 91 67 43 41 40 28 16 11 9 9 3 4 6 0 1 5
368 1062 1064 734 511 318 212 154 150 70 67 61 71 35 26 19 18 26 12 6 4 5 2 1 1 3 1
381 1039 1169 727 460 289 249 183 106 66 63 59 45 47 23 12 6 33 16 11 2 4 5 0 1 0 1 2 0 1 1
361 1086 1100 763 501 304 209 166 139 85 64 59 44 31 31 26 7 6 1 9 5 1 0 1 1 0 0 1
381 1071 1018 766 480 302 281 162 115 103 79 76 45 43 20 19 8 16 3 4 3 3 2 0 1
348 1012 1121 714 450 318 209 170 118 130 84 77 65 37 38 21 28 17 12 10 5 1 3 3 3 0 3 1 2 0 0 1
381 1022 1056 773 496 283 217 173 108 116 92 56 54 45 40 28 16 10 15 6 0 2 4 1 2 1 3 1
392 1043 1148 726 431 269 203 162 123 84 80 73 54 54 33 12 14 24 22 18 12 6 5 3 2 1 1 3 3
388 1099 1156 728 455 315 242 157 104 64 82 77 35 30 21 15 8 10 7 4 0 2 0 0 1 0 0 1
363 1057 1077 770 469 307 235 191 111 108 88 49 47 32 31 20 12 10 9 6 2 2 2 1 1 0 1
336 1030 1103 730 504 315 252 195 146 106 76 63 48 35 20 17 10 4 5 1 3 0 0 1 0 1
368 1007 1107 751 483 309 229 155 157 96 73 79 62 37 24 25 14 6 5 2 6 4 1 1
363 1036 1093 729 451 313 224 144 124 122 99 58 53 66 42 28 14 8 6 7 3 6 5 2 2 1 2
401 1068 1134 745 484 267 214 183 120 101 76 59 46 36 26 12 5 12 5 2 1 2 2
392 1073 1086 746 514 336 201 169 96 93 86 34 36 36 39 21 12 9 7 4 3 4 3 0 0 0 0 0 0 0 0 1
361 1010 1065 744 479 308 221 162 134 89 78 53 51 47 30 28 20 33 28 18 11 9 7 3 4 1 0 1 2 1 3
356 1059 1107 748 446 338 194 148 115 104 85 73 47 43 33 36 25 13 11 4 6 2 2 1 2 2 0 1
366 1029 1115 738 480 327 216 147 108 95 66 47 49 31 55 20 27 22 14 13 15 6 3 1 2 3 0 0 3 1 0 1 1
360 1071 1094 772 468 277 193 162 120 126 58 47 56 37 32 28 19 26 16 11 5 8 6 4 2 0 0 2 0 0 0 0 0 1
387 1101 1122 724 487 314 234 185 124 71 77 62 42 27 13 9 7 4 5 2 0 1 1 0 1 0 1
369 1047 1150 732 463 273 198 141 138 123 74 70 45 42 22 35 31 13 10 8 4 4 2 0 1 2 0 0 1 1 0 0 0 0 1 0 1
365 1044 1156 732 435 341 213 155 126 74 60 54 45 44 40 39 28 16 7 8 6 1 1 2 2 2 2 1 1 1
336 1094 1117 718 450 330 234 185 122 82 104 60 40 31 27 22 13 15 6 6 0 2 2 3 0 2
378 1019 1103 781 463 355 217 169 132 119 64 62 58 21 20 16 11 4 5 2 2
390 1111 1112 724 473 347 200 173 128 106 64 48 29 31 24 14 13 4 7 0 1 1 0 1
367 1049 1123 750 461 313 226 179 137 86 55 60 43 37 20 23 25 12 13 3 4 5 2 2 2 0 0 2 0 1 0 0 0 0 1
384 1071 1051 738 466 340 265 178 92 97 62 56 52 50 25 18 21 10 7 7 2 3 0 2 1 0 2 1
337 1036 1108 705 491 339 214 151 121 130 71 78 51 59 34 26 13 9 9 3 1 4 4 4 0 0 2 0 0 0 0 0 0 0 0 0 0 0 1
358 1029 1113 731 440 289 230 185 155 94 80 80 61 33 41 23 20 12 4 8 6 2 2 0 3 1 1
392 1105 1123 741 489 297 213 170 107 85 74 40 35 37 31 22 13 9 5 6 3 1 0 1 1 1
385 1109 1090 743 427 311 215 163 134 109 76 68 42 28 34 22 16 10 4 4 5 1 1 3 0 0 0 0 0 0 1
352 1004 1080 741 490 303 225 151 130 124 72 77 68 41 37 31 17 18 10 7 1 4 4 5 2 3 2 0 0 1 1
348 1013 1074 757 464 322 200 182 118 105 90 47 53 55 50 31 25 17 11 14 8 5 4 1 5 0 2
363 1029 1124 709 477 363 258 156 115 94 58 54 43 43 28 32 13 18 3 6 7 3 2 1 1 1
398 1145 1103 762 473 294 212 165 126 73 70 44 42 24 35 16 5 6 2 1 2 1 1 0 1
386 1014 1084 796 479 307 241 161 136 104 95 55 33 34 23 18 12 5 7 2 3 4 0 0 0 1 1
375 1040 1078 758 479 301 252 170 114 112 78 50 59 48 20 32 12 7 7 4 1 1 1 1 1
387 1098 1158 717 484 296 246 150 130 70 84 44 33 27 31 16 8 5 6 2 1 3 4 1
366 1069 1115 724 464 311 227 179 124 90 79 70 49 22 18 28 23 9 10 8 2 3 0 2 0 4 3 1 0 1
397 1103 1143 750 475 285 231 150 104 92 74 63 51 30 19 12 10 6 2 4
378 988 1140 782 444 300 238 168 111 83 68 49 54 36 14 34 32 20 21 9 10 8 6 1 2 0 2 1 2
358 1013 1117 700 499 375 254 170 96 110 86 38 53 44 22 18 9 12 4 7 4 4 0 4 3 1
378 1015 1064 716 511 338 241 179 144 102 72 72 41 25 29 21 16 13 8 3 4 1 1 1 0 3 1 1 1
373 1072 1165 773 472 269 210 171 114 98 69 51 38 44 29 16 13 5 7 4 3 0 3 2
397 1114 1128 688 489 327 208 181 105 85 90 73 44 22 15 12 5 7 5 5 0 0 0 1
368 1060 1094 757 486 333 210 152 127 115 87 51 45 37 20 16 13 5 10 9 3 3
361 1014 1124 709 479 342 248 169 150 92 63 61 44 38 39 19 13 6 4 10 7 3 0 1 3 1 1
366 1136 1115 710 471 330 229 167 120 95 67 63 42 31 19 11 13 8 3 2 1 1 1
374 1099 1174 704 490 304 194 176 155 94 62 49 47 24 19 7 7 9 1 2 2 5 0 1 1 0 1
413 1058 1089 767 486 280 204 160 112 113 69 38 38 38 39 37 25 9 11 5 2 2 2 0 1 1 1 0 1
321 1039 1057 718 496 310 245 150 111 109 64 61 68 45 49 29 33 24 27 11 6 4 6 3 3 3 3 1 3 0 0 0 1 0 0 0 0 0 1
356 1114 1106 678 466 299 243 192 113 96 88 63 40 37 42 17 18 7 9 2 4 3 3 1 1 2 0 0 1
391 1053 1171 761 433 346 242 165 103 85 67 54 44 25 21 12 8 3 7 4 1 2 1 2
356 1057 1136 725 459 356 209 166 123 122 101 61 31 27 17 26 9 7 4 1 1 0 2 2 1 0 1 0 1
356 1002 1133 751 467 295 198 158 119 106 90 72 50 56 56 33 14 10 6 9 3 6 5 1 1 0 1 2 0 0 1
353 989 1118 751 462 324 209 202 149 95 82 80 55 30 33 19 14 10 8 10 3 3 0 1 0 0 1
355 1096 1088 728 416 301 207 167 126 97 66 92 82 52 42 38 16 11 5 1 2 2 5 4 1 0 1
