1132 3200 3217 1989 1341 946 682 484 326 270 227 193 136 128 106 109 88 57 48 44 35 76 45 31 26 14 11 5 4 7 2 5 3 6 1 3 1 0 1 0 0 0 1 0 0 0 0 1
1145 3278 3147 2201 1336 898 661 455 355 360 188 191 139 107 113 102 81 43 24 19 34 38 19 10 11 13 15 3 5 1 3 1 0 1 0 1 1 0 0 0 0 1 1
1171 3231 3216 2163 1418 916 620 459 350 266 207 162 126 121 98 90 40 35 46 54 41 46 35 17 17 11 18 8 5 3 2 4 1 1 0 0 2 0 1
1162 3327 3127 2119 1403 996 620 491 371 304 205 170 137 94 84 49 63 95 61 36 21 14 12 7 8 4 2 6 3 3 0 1 2 0 0 1 0 1 1 0 1
1182 3119 3189 2170 1345 900 592 511 368 258 196 168 112 105 94 105 79 50 56 31 30 51 45 36 24 35 38 27 20 12 9 7 9 3 6 6 1 3 1 2 2 1 0 0 0 1 0 0 1 0 0 1
1140 3152 3109 2122 1377 949 624 452 366 296 258 186 148 134 120 73 66 68 58 69 58 42 38 22 16 8 19 3 6 3 5 0 1 4 2 1 3 0 0 2 0 0 1
1176 3181 3276 2091 1321 867 647 491 353 272 273 169 124 123 112 97 71 62 52 37 53 31 26 23 17 11 11 3 1 8 5 2 5 2 1 2 4 0 0 0 0 0 0 0 0 0 0 0 1
1131 3063 3165 2138 1448 914 650 476 357 296 279 190 160 129 132 74 68 40 56 70 43 20 27 10 12 14 9 6 4 6 3 2 1 2 0 2 2 0 0 0 1 0 0 0 0 0 0 0 0 0 0 0 0 0 0 0 1
1162 3210 3164 2073 1392 983 626 512 331 267 252 192 133 138 115 88 56 57 49 48 41 21 20 11 11 10 10 4 4 6 5 3 3 1 1 2
1187 3180 3219 2153 1375 959 675 466 317 267 194 202 158 114 80 84 87 76 50 47 35 23 17 8 4 4 9 2 1 2 1 3 0 1 1
1152 3192 3197 2109 1303 965 664 438 355 231 198 198 174 141 96 110 85 64 64 50 31 27 10 16 24 29 19 12 14 8 9 2 1 1 4 3 0 1 0 0 3 0 0 0 0 0 0 0 0 0 0 0 1
1159 3296 3208 2057 1386 920 665 445 353 309 228 184 155 123 119 95 88 50 36 30 21 18 13 7 3 10 5 7 4 2 1 0 0 1 1 0 0 0 0 2
1124 3247 3167 2110 1335 904 670 446 364 259 230 180 154 143 135 87 74 51 71 73 36 32 18 22 15 7 10 5 3 6 4 5 2 4 1 2 1 1 1 1 1
1184 3253 3231 2181 1383 900 681 503 324 281 192 205 165 131 103 57 52 55 35 21 17 12 9 3 6 2 1 4 1 3 0 3 0 0 1 0 0 2
1158 3242 3264 2098 1271 897 664 479 394 243 231 170 124 97 115 92 80 44 48 45 40 57 31 33 14 16 14 7 6 6 2 5 2 2 4 1 1 2 0 0 2
1094 3219 3130 2087 1366 899 631 439 348 259 243 171 157 126 118 93 80 87 88 76 54 34 20 29 29 34 13 24 14 8 6 5 5 4 1 1 3 0 0 2 0 2 0 0 0 1 0 0 0 0 0 0 0 0 0 1
1143 3191 3186 2085 1382 917 636 452 360 298 194 167 137 110 78 84 85 85 76 45 65 47 47 31 19 15 13 14 6 7 4 6 1 3 1 5 2 1 1 1 0 0 0 0 0 0 0 0 0 0 0 0 0 0 1
1168 3193 3173 2006 1344 942 635 500 375 292 223 181 150 146 108 114 86 83 43 58 40 34 23 18 16 6 5 5 3 7 9 4 4 0 4 1 0 1 0 0 0 0 0 1
1166 3150 3184 2193 1394 891 635 489 361 263 224 165 136 137 104 86 70 75 51 34 18 13 21 9 12 34 18 19 8 7 6 3 0 3 2 1 4 4 5 0 3 0 0 2 1
1140 3328 3213 2095 1350 957 594 465 328 260 193 170 151 131 98 98 75 82 62 30 39 48 22 15 11 8 11 2 5 5 3 2 2 2 1 2 1 1 0 0 0 0 0 0 0 0 0 0 0 0 0 0 0 0 0 0 0 0 1
1142 3185 3078 2114 1425 911 656 520 348 273 195 224 173 111 93 81 87 78 67 39 28 40 35 28 16 13 10 9 4 3 5 0 2 2 1 1 0 1 1 0 0 1 0 0 1
1157 3213 3144 2065 1374 893 646 522 392 294 277 199 163 117 94 96 97 55 28 12 13 41 19 25 14 13 5 9 5 2 2 2 3 3 2 1 2 1 1
1146 3159 3201 2101 1394 871 635 448 372 277 216 194 151 149 116 97 97 58 60 49 30 17 12 21 28 27 28 12 7 5 5 4 1 2 0 1 2 2 2 1 0 0 1 1 0 0 0 0 1
1188 3209 3210 2028 1351 945 668 493 355 328 206 161 174 139 69 77 91 77 69 38 23 25 13 11 11 6 6 8 8 5 3 3 2 0 1
1208 3329 3233 2178 1358 919 625 488 391 287 222 154 125 111 86 58 28 55 33 29 18 26 8 9 7 7 3 1 2 1 0 1 0 0 0 0 0 0 0 0 0 0 1
1164 3184 3150 2181 1343 912 651 456 400 238 204 185 154 100 88 86 71 61 63 41 47 64 45 27 24 14 8 7 3 8 2 4 1 2 2 1 4 1 2 0 1 0 0 1 0 0 0 1
1189 3256 3207 2088 1311 953 652 478 338 277 192 201 163 152 86 71 88 59 39 25 16 26 36 18 19 16 10 7 5 4 3 2 1 8 0 3 0 0 0 0 0 1 1
1068 3191 3176 1997 1383 934 646 484 361 301 240 217 173 106 107 83 92 73 56 45 59 43 35 23 27 26 6 12 10 1 4 7 3 3 3 1 0 0 0 2 1 1 1
1201 3265 3159 2153 1404 918 622 455 335 257 210 153 152 142 91 61 60 31 62 40 44 20 34 38 27 14 11 9 9 3 2 5 2 1 2 3 1 2 1 1 0 1
1221 3152 3283 2235 1420 893 664 437 310 286 180 162 153 134 98 80 47 38 34 33 21 30 30 15 10 7 8 2 2 0 1 2 2 2 3 0 1 2 2 0 1
1035 3297 3140 2087 1399 874 606 450 359 280 257 204 155 133 95 72 80 56 48 48 37 39 45 57 36 19 16 13 10 3 14 7 4 4 4 2 2 2 1 2 0 1 2 1 0 0 2 2 0 0 0 1
1162 3144 3217 2099 1467 890 654 519 403 291 222 185 146 125 87 75 79 51 52 36 34 10 17 11 4 5 4 1 3 1 1 4 1 0 0 1
1157 3146 3150 2151 1293 886 645 487 377 286 206 200 171 98 87 102 86 59 52 48 47 47 24 21 15 10 36 29 15 19 13 8 9 2 2 7 4 2 0 1 1 1 1
1214 3311 3218 2046 1388 928 627 476 372 285 205 154 161 106 85 55 77 61 46 29 22 10 19 29 18 22 15 4 2 6 2 0 3 1 0 0 1 0 0 1 2
1156 3274 3165 2191 1394 954 614 446 383 254 222 179 122 106 110 94 64 56 38 30 35 30 22 23 7 4 3 8 1 6 1 2 2 1 1 0 1 0 0 0 1 0 0 0 1
1138 3154 3143 2127 1339 911 643 423 371 325 236 205 184 152 120 96 83 74 52 38 14 17 19 38 29 20 8 10 6 6 1 6 2 3 1 1 1 2 0 1 0 0 1 1
1263 3164 3141 2129 1403 929 625 468 365 288 249 169 135 130 99 90 56 67 53 55 32 24 3 14 11 10 7 4 5 2 2 2 4 1 0 0 0 0 0 0 0 0 1 0 0 0 0 0 0 1
1171 3245 3215 2152 1325 946 627 478 374 283 272 183 139 138 100 96 76 44 36 20 30 10 12 8 6 3 4 6 0 1 1
1204 3270 3201 2138 1425 875 662 476 339 288 252 183 130 83 80 69 43 35 35 49 52 35 15 15 8 10 7 3 5 3 2 1 2 0 2 0 0 0 2 1 0 0 0 0 0 0 0 0 0 0 0 0 0 0 0 0 0 0 0 0 0 0 0 0 0 0 0 0 1
1139 3166 3164 2068 1450 943 664 470 385 280 250 186 154 98 108 88 107 69 60 39 26 17 20 12 3 11 2 5 2 6 2 0 2 1 0 2 0 0 1 0 0 0 0 1
1146 3252 3115 2092 1373 948 626 470 317 286 202 167 180 131 96 64 69 73 81 68 52 34 32 33 14 15 15 9 14 6 6 2 0 1 2 2 0 2 1 1 0 0 2 0 1 0 0 0 0 0 0 0 0 0 0 0 0 0 0 0 0 0 0 0 1
1144 3225 3209 2212 1370 867 576 461 353 268 204 167 175 130 77 106 69 51 41 37 35 50 48 31 25 16 10 13 5 3 6 2 3 3 3 1 1 0 3 0 0 0 0 1
1137 3234 3109 2119 1340 969 674 484 414 321 240 192 129 106 99 84 96 55 44 18 38 17 16 20 13 8 8 2 0 3 3 1 0 1 1 3 0 1 1 0 0 0 1
1076 3160 3138 2073 1336 927 675 521 364 293 206 202 160 114 86 85 86 75 71 42 27 23 47 29 17 37 29 20 14 16 9 11 7 2 5 4 3 2 0 2 2 2 0 0 1 0 0 0 0 0 0 1 0 0 0 0 0 0 1
1164 3206 3119 2177 1344 944 658 508 357 312 226 224 131 89 94 100 74 57 40 35 42 20 22 14 5 5 7 8 2 5 4 3 3 1 0 0 0 0 0 0 0 0 0 0 1
1147 3189 3235 2166 1389 911 639 465 348 266 255 192 180 99 103 78 47 39 39 31 42 39 24 18 14 13 5 7 3 1 4 3 4 2 0 2 0 0 0 1 0 0 0 0 0 1
1162 3187 3045 2145 1371 953 707 499 419 312 259 194 157 111 107 87 71 49 38 33 23 16 12 14 6 6 4 5 1 1 1 2 0 2 0 1 0 0 0 0 0 1
1142 3180 3069 2113 1342 907 640 455 357 285 261 195 182 148 135 101 100 86 58 67 49 35 11 12 14 10 8 5 9 7 2 2 3 2 3 2 2 0 1 0 0 0 0 0 0 0 1
1149 3235 3103 2066 1356 864 677 448 368 321 204 192 185 154 96 58 79 116 73 45 27 19 18 11 24 23 18 21 11 8 7 5 3 2 6 3 1 1 2 1 1
1189 3328 3170 2141 1351 904 682 454 353 271 239 141 126 90 110 92 71 45 52 43 44 26 22 10 12 6 6 6 4 0 2 3 0 3 1 2 0 0 0 1 0 0 0 0 0 1
