> n=1000 m=5 05/06/2021 16:03:51
4.0 3.1111 2.5306 2.7755 2.9388 2.4844 1.79 1.88 1.6694 1.7438 1.8182 1.843 1.9091 1.9587 1.7292 1.7639 1.568 1.6213
> n=1000 m=5 05/06/2021 16:03:55
2.1389 1.2593 1.4444 1.1653 0.8622 0.84 0.8164 0.8828 0.6925 0.655 0.6213 0.552 0.569 0.5936 0.5712 0.5903 0.6111 0.5503
2.9444 3.4444 3.8333 2.1111 1.88 2.01 2.15 2.2 1.9174 1.7361 1.3673 1.4439 1.0761 1.1246 1.0309 0.9695 0.9025 0.9375
2.32 1.5306 1.4844 1.625 1.4938 1.6049 1.45 1.2727 1.3388 1.4132 1.2708 1.142 1.2012 1.1071 1.1173 1.0178 0.9258 0.8547
3.8 4.28 3.4722 2.2344 2.375 2.5312 1.85 1.4375 1.3077 1.4024 1.2959 1.1822 1.2267 1.0069 1.0277 1.0484 0.9722 0.9058
3.16 3.72 2.3878 2.0625 2.1875 1.8395 1.9259 2.0247 2.0988 2.2099 2.3457 2.4321 2.4444 2.4815 2.5556 2.16 1.8678 1.9174
2.3611 2.1224 1.5679 1.41 1.3058 1.3967 1.0204 1.0714 1.1122 1.1531 1.2092 1.1422 1.0469 1.0859 1.1172 1.1445 1.0623 1.1038
1.6122 1.8776 1.7031 1.9062 2.0 1.716 1.56 1.64 1.4545 1.5289 1.3681 1.4097 1.4583 1.5139 1.5694 1.4142 1.4556 1.4911
4.875 3.68 3.1944 2.7143 2.3438 2.5781 2.75 2.9531 2.4568 2.6173 2.7037 2.31 2.36 2.43 2.49 2.52 1.9097 1.7337
1.5556 1.8056 1.3281 1.2099 0.9504 1.0165 0.8402 0.7067 0.7422 0.7031 0.6644 0.6747 0.692 0.7197 0.6883 0.716 0.7315 0.6953
3.88 3.2778 3.5 3.8056 3.0816 1.78 1.6281 1.7025 1.8182 1.8843 1.6458 1.6806 1.7431 1.7847 1.8542 1.8958 1.9653 2.0278
> n=1000 m=5 05/06/2021 16:04:11
2.0612 2.3673 2.6939 1.8889 2.0247 1.8 1.5868 1.6942 1.8099 1.9174 2.0248 1.7708 1.8125 1.8681 1.9028 1.9444 2.0 2.0347
> n=1000 m=5 05/06/2021 16:17:47
2.8367 2.5469 2.3704 1.8182 2.0083 2.1488 1.9583 1.5612 1.6122 1.4667 1.5689 1.6489 1.7022 1.7467 1.8178 1.8933 1.564 1.6021
1.6531 1.1852 0.8611 0.9306 0.9931 0.8418 0.7266 0.7266 0.7474 0.7716 0.8028 0.75 0.7809 0.7424 0.7701 0.7922 0.8089 0.8199
1.76 2.04 1.6389 1.4082 1.5714 1.6122 1.7143 1.4844 1.5781 1.3086 1.16 1.21 1.1074 1.124 1.1818 1.2066 1.0833 1.0833
5.12 3.2245 3.6735 4.0408 4.4694 4.7551 3.9688 4.1094 3.4568 2.5207 2.6364 2.6942 2.7438 2.8512 2.8926 2.9504 3.0083 3.0331
2.0864 2.03 2.27 2.1074 1.6272 1.7574 1.648 1.5644 1.4453 1.3737 1.1884 1.1475 1.185 1.2175 1.2625 1.093 1.0473 1.0945
4.08 2.1406 2.2969 2.4688 2.6719 2.8594 2.4691 2.18 1.9587 2.0826 2.1405 2.2397 1.9792 1.8047 1.8698 1.929 1.9467 1.7704
4.72 5.4 3.4694 3.0312 3.2969 2.8272 1.8056 1.4592 1.3644 1.4267 1.4756 1.5378 1.5956 1.4688 1.5 1.3806 1.4256 1.4637
2.2857 2.6327 2.3438 2.037 1.5785 1.4792 1.3964 1.4793 1.1956 1.0138 0.9753 0.84 0.8625 0.8186 0.7851 0.7014 0.672 0.6944
1.1358 1.2593 1.0248 1.124 1.281 1.3636 1.405 1.4876 1.5785 1.7355 1.3314 1.3846 1.4379 1.4793 1.3418 1.2089 0.9896 1.0208
1.5306 1.4688 1.3086 1.4321 1.34 1.1042 0.9031 0.8578 0.8242 0.7099 0.6704 0.6575 0.6168 0.6349 0.6033 0.5312 0.5417 0.5232
> n=1000 m=5 05/06/2021 19:58:29
2.75 2.9375 2.36 2.72 2.25 1.8367 1.5938 1.75 1.26 1.33 1.36 1.41 1.2479 1.2727 1.2975 1.3388 1.0296 0.9235
2.56 2.8 2.96 2.3889 2.0 1.6562 1.7812 1.5062 1.6173 1.6667 1.49 1.314 1.0355 0.9541 0.9796 1.0306 0.9644 0.8945
2.16 1.9444 1.375 1.2963 1.358 1.25 1.3 1.37 1.42 1.2975 1.3636 0.9592 0.9847 1.0102 1.0306 1.0663 1.1122 1.1429
2.9722 2.7551 1.9012 2.0864 1.83 1.95 1.719 1.5556 1.625 1.503 1.3622 1.4337 1.4694 1.3511 1.4044 1.4756 1.5289 1.5422
3.48 4.0 3.1667 3.3333 2.7755 3.0 3.102 3.2041 3.3061 2.7031 2.8281 2.3704 2.5556 2.679 2.8025 2.8889 2.46 2.54
2.32 1.0988 0.9174 0.9835 0.9514 0.9053 0.6875 0.654 0.6886 0.6667 0.6821 0.7068 0.6704 0.6898 0.7091 0.7313 0.6825 0.695
4.88 5.28 3.2449 2.8125 2.5185 2.25 2.4 2.124 2.1818 2.2727 1.5612 1.648 1.7245 1.7755 1.801 1.8367 1.8724 1.9286
4.72 3.8889 4.3333 3.6122 3.9184 3.2812 2.37 2.1322 2.2066 2.281 2.3884 2.0903 2.1597 1.699 1.7653 1.7959 1.8316 1.8724
2.2653 2.0 2.25 2.375 2.5781 2.75 2.8906 2.06 1.8264 1.6042 1.6667 1.2959 1.3673 1.4031 1.2844 1.1914 1.2148 1.1211
1.0312 1.2656 1.4062 1.2593 1.18 1.0992 0.8876 0.8316 0.8673 0.8044 0.7461 0.699 0.6543 0.6759 0.6975 0.6075 0.6275 0.645
> n=1000 m=5 05/06/2021 20:00:05
3.0278 2.7755 1.6 1.4628 1.5702 1.2604 1.3254 1.2296 1.301 1.3571 1.1055 1.1406 1.1719 1.1914 1.2305 1.2656 1.173 1.0833
3.8889 4.5278 2.9531 2.25 2.5 2.281 1.25 1.3359 1.3828 1.2872 1.2222 1.2623 1.1773 1.1075 1.145 1.1875 1.22 1.1565
3.92 3.2222 2.7755 1.963 2.1605 2.3086 2.01 1.7851 1.8347 1.8926 1.9504 2.0331 1.8056 1.8611 1.9097 1.4898 1.5204 1.551
2.6111 2.2449 1.642 1.7654 1.9877 2.1605 1.94 2.04 2.16 1.876 1.6806 1.3367 1.2533 1.2756 1.3156 1.207 1.2344 1.2734
2.2245 2.2031 1.9753 1.4793 1.6364 1.7603 1.6181 1.497 1.5976 1.6805 1.787 1.4356 1.4756 1.5378 1.5911 1.4727 1.5273 1.2593
2.2653 2.1094 1.3884 1.5124 1.562 1.2604 1.08 1.0195 0.8735 0.8981 0.7725 0.7415 0.7087 0.7211 0.7376 0.7583 0.7831 0.8037
4.04 3.5 1.9506 2.1358 1.93 1.4722 1.3609 1.1111 1.1644 1.2311 1.2711 1.3289 1.36 1.3867 1.4222 1.4667 1.2284 1.142
3.75 2.84 2.3056 1.5781 1.16 1.0992 1.0417 0.9586 1.0059 0.9337 0.8622 0.8125 0.7474 0.6975 0.716 0.6648 0.6787 0.687
2.1667 1.9592 2.2653 1.9844 1.41 1.51 1.3719 1.1006 1.0102 1.0612 0.9956 0.7623 0.7901 0.69 0.7 0.715 0.7475 0.7625
2.5 2.2449 2.0781 2.25 2.3594 2.4688 2.5938 2.1728 2.2593 2.3827 2.4691 2.5309 2.6049 2.679 2.716 2.8025 2.9012 3.0
> n=1000 m=5 05/06/2021 20:01:05
3.24 1.3704 1.27 1.0972 1.0414 1.0255 0.8633 0.9102 0.8616 0.8997 0.9135 0.9619 0.9931 1.0104 1.0484 1.0934 1.0247 0.9529
0.9062 1.0625 1.2812 1.1358 1.13 1.21 1.28 1.33 1.39 1.47 1.281 1.314 1.1944 1.2292 1.2847 1.3264 1.2012 1.0969
2.92 3.36 2.2857 2.4694 2.6531 2.3125 2.5 2.625 1.6033 1.4514 1.3195 1.1939 1.2296 1.2704 1.3163 1.3316 1.3827 1.4133
2.5156 2.3086 2.5802 2.8148 2.5 2.2727 2.405 2.1319 2.2222 2.0059 1.8112 1.8724 1.9286 1.9796 2.0153 1.8044 1.8578 1.9156
2.6122 2.9592 2.5625 1.6033 1.7521 1.2296 1.2908 1.2089 1.2622 1.3244 1.1003 1.0309 1.071 0.9972 1.0277 1.0499 1.01 0.874
1.0156 1.2188 0.92 0.8595 0.7847 0.8542 0.9097 0.9583 1.0 0.9172 0.9586 0.9822 0.898 0.9184 0.8356 0.8533 0.8889 0.9156
2.7778 3.1389 2.1406 1.9383 1.78 1.88 1.95 1.7521 1.3964 1.4556 1.043 0.8827 0.7211 0.6942 0.6635 0.5888 0.608 0.6176
1.358 1.6173 1.51 1.2292 1.1834 0.8906 0.8512 0.9135 0.9446 0.9689 1.0069 0.9568 0.9907 0.8625 0.8141 0.7108 0.684 0.6544
3.8889 4.3333 2.358 2.07 2.23 2.41 2.58 2.2479 2.3554 2.438 2.1319 2.2083 2.3056 2.0592 1.8673 1.9439 2.0153 1.625
2.1633 1.4 1.1806 1.3194 1.213 1.3254 1.0844 1.0117 0.9516 0.9896 0.9383 0.825 0.8475 0.875 0.8925 0.7335 0.7524 0.6624
> n=1000 m=5 05/06/2021 20:03:23
1.7222 1.2656 1.4375 1.5938 1.75 1.6049 1.6667 0.7511 0.8089 0.7812 0.8125 0.7751 0.8062 0.7562 0.7778 0.787 0.7994 0.821
2.5 1.96 2.16 2.4 1.9444 2.1111 2.1944 2.2222 1.4219 1.06 0.8472 0.8611 0.9028 0.8225 0.8521 0.9053 0.9408 0.9467
4.32 5.28 5.84 6.24 3.6939 4.0408 3.2969 3.4375 2.44 2.1653 2.2727 2.3554 2.3967 2.1319 1.9231 1.9822 2.071 2.1006
2.9167 2.5306 1.8395 2.037 1.5785 1.2485 1.1684 1.2449 1.1689 1.2356 1.2667 1.2978 1.3911 1.4267 1.4711 1.5111 1.375 1.4219
1.9388 1.5309 1.716 1.57 1.7 1.5455 1.6033 1.6612 1.7521 1.8099 1.5972 1.6597 1.6944 1.352 1.3878 1.4184 1.3022 1.32
> n=1000 m=5 05/06/2021 20:04:57
2.3056 1.625 1.7812 1.9844 1.8025 1.963 1.5289 1.5702 1.6281 1.7025 1.7934 1.843 1.8926 1.9504 1.7569 1.7986 1.4235 1.4694
1.8281 2.2188 1.67 1.8 1.6116 1.5069 1.6319 1.4675 1.3469 1.125 1.1602 1.2031 1.1211 1.173 1.2215 1.1327 1.1574 1.1852
1.5278 1.8333 1.6327 1.4375 1.2716 1.3333 1.21 1.26 1.35 1.1736 1.2149 1.2562 1.314 1.3636 1.2083 1.2847 1.3403 1.2071
3.4722 3.8333 4.1111 4.5833 5.0 5.2778 4.102 3.4062 2.9383 2.49 2.58 2.67 2.79 2.0903 1.8462 1.9349 1.9822 1.7755
4.6 3.8056 4.1944 4.5833 2.9688 3.0938 3.2812 2.29 2.45 2.5 2.6 2.65 2.314 2.0486 2.1042 1.6429 1.6786 1.7041
> n=1000 m=5 05/06/2021 20:06:47
1.8056 1.9167 1.6735 1.8163 1.5469 1.7031 1.7812 1.9375 1.7407 1.8642 1.61 1.64 1.68 1.74 1.77 1.81 1.88 1.9
1.8889 1.3281 1.2469 1.2 1.28 1.36 1.44 1.55 1.64 1.74 1.5124 1.5289 1.3542 1.3819 1.3958 1.4375 1.4722 1.5347
2.5 3.0833 2.5918 2.7347 2.898 3.2449 3.4082 3.4898 3.6122 2.9844 3.1406 3.1719 3.2344 3.2969 2.716 2.3 2.35 2.41
1.9444 1.375 1.4688 1.284 1.15 1.24 1.29 1.37 1.44 1.51 1.57 1.3802 1.405 1.2639 1.2847 1.3194 1.3472 1.3958
2.6667 2.9444 3.3056 3.7222 3.8889 4.1944 4.5 4.75 5.0 5.2222 3.2188 3.3125 3.4062 3.5156 3.6562 3.7969 3.9375 4.0156
> n=1000 m=5 05/06/2021 20:08:18
2.1111 1.5156 1.16 1.0661 1.1983 1.0296 1.1243 1.1834 1.2249 1.0178 1.0622 1.0933 1.0039 1.0273 1.082 1.1133 1.0381 0.9691
2.75 3.2778 2.7755 3.0408 3.3878 2.7812 2.8906 3.0938 3.1875 3.375 2.8025 2.8889 2.9506 2.9877 2.54 2.64 2.2975 2.3719
4.48 3.7778 4.2778 4.75 5.1389 4.1224 3.4219 3.0 3.1481 3.284 3.4198 2.91 2.5372 2.2361 2.3194 2.071 2.1538 1.9235
2.8889 2.4898 2.6939 2.9796 3.3469 3.4898 3.7143 3.9184 4.102 4.2245 3.4688 3.5781 2.9506 3.0494 3.0864 3.1235 3.2346 2.74
2.84 2.3056 1.6406 1.4815 1.6296 1.7407 1.9012 1.9753 2.0864 2.1728 2.2593 2.284 2.3704 1.6942 1.7107 1.7603 1.5347 1.3846
> n=1000 m=5 05/06/2021 20:19:51
4.12 4.68 2.375 2.1358 2.3457 2.5062 2.6543 2.7654 2.9506 3.0741 3.2222 1.9722 1.7633 1.4089 1.2891 1.3203 1.3672 1.4062
4.0 4.68 2.898 3.1429 2.7188 2.9219 2.5556 2.716 2.8272 2.9383 3.037 3.1481 3.2469 2.77 2.83 2.9 2.98 2.5455
2.8 2.4722 2.75 2.3673 2.5714 2.8163 3.0 2.5312 2.6719 2.8281 3.0312 3.125 1.843 1.9174 1.7083 1.5089 1.3724 1.398
3.16 3.64 3.8 3.1111 3.3333 3.5278 3.8333 4.0556 4.2222 3.4082 2.8281 2.9531 2.4444 2.4691 2.14 2.21 2.27 2.3
1.6406 1.9219 1.2314 1.0651 1.0357 1.1327 1.0889 0.9239 0.9758 1.0173 1.0657 1.0969 1.0093 1.0401 1.0679 1.0988 1.1235 1.1667
> n=1000 m=5 05/06/2021 20:22:08
2.1389 1.9592 1.8125 1.6296 1.7531 1.9259 2.0741 2.1481 1.89 1.6942 1.7851 1.8678 1.6389 1.7083 1.7569 1.7986 1.398 1.4337
2.4444 2.7222 2.9444 2.0 2.1875 1.9259 2.0123 2.1235 2.2099 2.3333 2.4198 2.5556 2.6543 2.7407 2.8519 2.9506 2.9877 3.0988
5.36 6.2 5.0556 4.1224 2.7407 2.0083 2.1157 2.2314 2.0069 1.6684 1.375 1.4492 1.5234 1.5586 1.5977 1.6406 1.4913 1.519
4.0625 4.625 3.72 4.08 2.449 2.6531 2.8367 2.9592 3.1429 3.3469 2.6719 2.2099 2.2716 1.96 2.08 2.14 1.9008 1.9587
2.1944 1.5156 1.6875 1.5309 1.39 1.2479 1.1458 0.9439 0.8086 0.7543 0.782 0.8166 0.8478 0.8824 0.8893 0.8302 0.8488 0.7895
> n=1000 m=5 05/06/2021 20:37:40
2.6111 1.8906 1.7284 1.9506 1.68 1.2986 1.3681 1.2663 1.1276 1.199 1.25 1.0312 1.0664 1.0898 1.0 1.0277 1.0484 1.0865
4.56 5.28 4.2222 4.5833 3.6939 4.0408 4.3061 4.5306 3.7031 3.9219 3.3457 3.4568 3.6173 3.1 3.19 2.7355 2.3889 2.4653
1.5102 1.2222 1.24 1.34 1.2231 1.1458 1.2153 1.1124 1.0306 0.7612 0.8028 0.7654 0.7202 0.6775 0.6975 0.6531 0.6712 0.6825
1.7347 2.0 2.2653 1.6173 1.1111 1.0296 0.7852 0.832 0.7284 0.7531 0.66 0.6349 0.6644 0.678 0.6916 0.7166 0.6736 0.6901
1.9444 2.1944 2.0612 1.7812 1.875 2.0469 1.46 1.53 1.3802 1.1124 1.1538 1.1893 1.2071 1.2485 1.3077 1.1888 1.0844 1.12
2.96 3.4 2.8889 3.1389 3.4722 3.7222 3.102 3.2857 3.4286 3.6327 3.8367 4.0408 4.2653 4.4898 3.5781 3.6875 3.0123 3.0494
3.88 4.48 4.96 5.44 5.64 4.3056 2.7344 2.9219 3.0 2.5309 2.5556 2.16 2.25 1.9835 2.0496 2.1157 2.1736 1.9306
2.3265 1.7284 1.8642 2.0988 2.2222 1.96 2.09 2.23 1.9752 1.7639 1.8472 1.9167 1.9792 2.0486 1.4356 1.3086 1.3398 1.3711
4.12 4.92 5.2 5.96 4.6944 5.0 5.1389 5.3333 5.5833 5.6944 4.4082 4.5918 4.7347 4.9796 5.1224 5.3469 4.3125 4.4531
2.551 2.4062 2.8125 2.4198 2.15 2.26 1.9917 2.0992 1.8681 1.9583 1.5612 1.6071 1.4711 1.52 1.5644 1.5956 1.6444 1.6711
1.6719 1.9062 1.7284 1.9136 1.438 1.3125 1.2249 1.0133 1.0356 0.8789 0.759 0.6667 0.5898 0.5974 0.5642 0.536 0.5237 0.5399
2.1633 2.6327 3.0 2.0988 1.82 1.6529 1.7355 1.8264 1.3846 1.2755 1.3112 1.1867 0.9827 1.0069 1.0381 1.0727 0.9907 1.0123
2.76 3.16 1.9388 1.7344 1.8438 2.0312 1.8148 1.2083 1.2847 1.3194 1.0663 0.9778 1.0 0.7654 0.787 0.8086 0.8488 0.8704
2.9722 2.5918 1.9259 2.0864 2.2222 1.6694 1.7686 1.8926 2.0 1.7778 1.875 1.9306 1.7396 1.5867 1.4489 1.4933 1.2353 1.2595
2.92 1.8367 2.0 2.1633 1.8438 1.9688 2.0781 1.46 1.2893 1.3554 1.4298 1.2847 1.0357 1.0561 1.0765 1.1378 1.1735 1.199
3.76 4.4 2.6939 2.898 2.4531 2.6719 2.75 2.9375 2.06 2.12 2.22 2.25 1.9752 1.7361 1.5444 1.5858 1.6213 1.6746
2.6944 1.9062 1.7654 1.69 1.5372 1.6777 1.5417 1.6528 1.75 1.5503 1.2533 1.3156 1.3333 1.3511 1.3867 1.4222 1.293 1.3398
2.7222 3.2222 1.7778 1.67 1.1538 1.2604 1.3609 1.2806 1.3878 0.9537 0.9846 1.0216 1.0525 1.0895 1.1019 1.0443 1.0748 1.1108
3.92 3.4167 2.7347 2.3594 2.0494 1.8 1.6446 1.7355 1.5833 1.625 1.7083 1.352 1.4184 1.3156 1.207 1.2422 1.2734 1.3086
2.25 2.0204 1.9688 2.125 1.57 1.0947 1.1775 0.9733 1.0222 0.9961 1.0391 1.0938 1.0242 0.8864 0.8275 0.7868 0.7603 0.7183
3.6875 4.625 3.4 3.88 4.12 3.2222 2.5918 2.6939 2.2656 1.963 2.0 2.0988 2.1235 2.1852 2.2099 2.2716 1.92 1.6612
1.8611 1.3281 1.4688 1.5469 1.4074 1.24 1.28 1.157 1.0278 0.8367 0.8724 0.8178 0.8444 0.7891 0.7405 0.7682 0.713 0.7222
1.7959 2.2041 2.4694 2.7347 2.3281 1.9506 2.0741 1.83 1.93 2.04 2.11 2.16 1.9256 1.6944 1.75 1.568 1.2756 1.32
1.2031 1.02 1.12 1.18 1.0826 1.0069 1.0694 1.1597 1.0414 0.9898 1.0102 0.9289 0.8594 0.875 0.9258 0.8685 0.8086 0.8241
3.9444 2.7969 2.6173 1.7014 1.8056 1.9514 1.7929 1.8757 1.7551 1.6267 1.6933 1.7778 1.8311 1.8889 1.75 1.5917 1.654 1.6886
