0 0 0 0 0 0 0 10 32 71 123 177 223 208 214 204 233 193 158 173 184 159 159 144 155 132 111 125 81 98 89 83 60 100 60 84 64 65 46 61 41 51 44 48 43 37 38 38 35 34 38 24 29 19 29 19 36 21 17 16 17 12 15 13 12 12 8 14 12 6 11 8 11 7 10 11 7 4 4 3 3 6 7 0 7 2 3 4 5 0 1 1 1 0 1 1 0 2 1 3 1 1 1 1 1 3 1 1 2 0 1 1 2 0 1 0 0 0 0 0 1 0 0 0 0 0 0 0 0 0 0 1 0 0 0 0 0 0 0 0 0 0 0 0 0 0 0 0 0 0 0 1
0 0 0 0 0 0 0 9 48 87 132 157 201 197 195 223 199 196 182 184 158 135 155 130 121 133 123 121 106 120 95 91 90 83 77 72 67 54 55 68 69 57 48 50 47 47 37 52 37 38 38 33 32 29 31 21 21 15 18 17 15 9 16 14 7 8 13 12 5 8 8 12 9 6 6 7 6 4 3 5 2 1 2 1 2 1 1 0 1 2 0 1 1 1 3 1 1 1 0 1 1 1 1 0 0 0 0 0 0 0 0 0 1
0 0 0 0 0 0 0 5 36 81 148 187 184 194 219 226 174 200 176 186 156 159 172 128 128 127 119 106 114 101 79 83 86 71 71 75 70 53 67 64 67 54 49 45 39 40 39 43 32 33 39 26 37 31 18 27 25 23 28 22 16 14 7 15 16 9 6 16 11 7 10 11 8 6 6 8 5 4 6 8 2 3 2 6 4 3 3 0 3 1 1 4 2 2 2 0 0 1 1 0 1 1 0 2 0 1 0 0 1 0 0 0 0 2 1 0 0 0 0 0 0 0 1
0 0 0 0 0 0 0 5 35 74 121 146 194 235 229 230 209 196 182 165 155 117 146 115 122 101 115 85 107 94 76 77 89 77 70 53 77 65 53 54 51 52 47 58 39 24 45 42 31 34 40 34 36 32 37 30 24 28 26 23 22 19 15 16 21 15 15 26 13 12 18 11 4 11 14 9 11 11 15 10 6 4 12 5 9 4 2 2 2 4 3 6 5 1 3 2 2 2 2 0 2 1 4 0 2 3 0 0 2 2 1 1 0 1 1 1 0 0 1 2 0 2 1 0 1 1 0 0 0 0 1 0 0 0 0 0 0 2 0 1 0 1 0 0 0 0 0 1
0 0 0 0 0 0 0 8 39 91 144 189 220 212 239 215 215 206 198 187 195 169 142 180 153 134 117 110 95 92 106 86 94 72 52 69 64 59 62 51 44 47 44 32 40 37 33 24 29 32 20 30 19 19 15 26 21 11 21 18 16 12 17 10 11 5 9 9 7 7 5 7 2 2 5 3 5 3 3 4 3 1 1 3 2 1 0 2 2 2 1 1 0 2 0 4 1 0 0 0 1 1 0 0 0 2 0 0 0 0 0 0 0 0 0 0 0 0 0 0 0 0 0 0 1 0 0 0 0 0 0 0 0 0 0 0 0 0 0 0 0 0 0 0 1
0 0 0 0 0 0 3 6 42 88 151 193 222 224 221 222 180 236 201 170 169 157 164 138 127 133 115 132 119 95 104 78 85 79 68 69 72 69 71 70 49 42 42 59 33 35 37 47 32 20 29 29 20 22 14 21 16 16 14 22 13 10 10 3 6 5 4 7 2 6 4 6 4 6 4 4 4 4 1 0 3 1 3 0 5 1 0 1 2 0 1 1 1 0 1 1 0 0 0 1 0 0 0 0 2 0 2
0 0 0 0 0 0 0 6 41 85 147 188 192 226 200 219 216 185 177 173 163 135 134 149 114 119 111 94 105 94 110 84 88 80 76 61 63 68 64 51 58 53 44 45 41 34 37 40 40 35 26 33 29 32 24 16 21 18 19 15 18 15 16 8 16 12 13 9 9 6 7 12 5 11 7 7 6 8 13 12 9 4 6 5 8 7 6 4 5 3 5 6 1 3 6 2 0 0 2 4 0 2 3 1 2 0 2 1 0 1 3 1 1 0 1 0 0 2 0 1 0 1 1 0 1 0 1 0 0 1 0 0 0 0 0 0 0 0 0 0 0 0 0 0 0 0 0 0 0 0 0 0 0 0 0 0 1
0 0 0 0 0 0 0 7 31 74 129 154 185 211 213 209 184 196 152 148 181 173 153 148 125 146 102 117 89 87 98 86 85 76 77 76 73 83 77 57 65 39 57 57 43 53 30 51 50 39 27 30 32 18 24 25 22 23 15 24 18 9 16 23 17 12 14 16 20 3 6 7 12 6 7 8 8 4 8 4 5 5 3 4 3 3 2 0 1 3 1 3 0 3 1 1 2 0 1 0 1 2 2 2 1 1 0 0 1 0 0 2 0 0 1 0 1 0 0 0 0 0 0 1 1
0 0 0 0 0 0 0 8 42 88 128 170 159 205 200 216 210 165 175 166 153 161 138 148 119 111 128 124 106 100 85 73 91 78 70 62 74 78 65 61 51 55 43 49 60 41 36 41 43 42 37 44 28 35 38 28 26 28 27 22 19 21 13 13 11 19 10 9 10 13 10 3 7 4 11 7 7 6 2 4 1 7 5 6 0 3 2 5 4 3 1 4 1 1 2 4 0 2 2 1 4 1 1 1 0 0 0 1 1 0 1 0 0 0 2 0 0 0 0 0 1 0 0 1 0 0 0 0 1 0 0 0 0 0 0 0 0 0 0 0 0 1 0 0 0 0 0 0 0 1
0 0 0 0 0 0 0 6 46 87 129 164 166 192 194 209 222 170 177 181 167 133 160 132 141 123 117 118 123 99 87 83 78 70 84 76 58 70 55 54 47 37 41 39 43 33 46 43 35 39 40 24 17 21 22 21 22 25 27 17 21 22 15 17 18 11 17 12 10 13 17 20 17 10 14 9 14 5 6 7 8 8 7 4 7 9 7 2 6 4 5 4 2 4 3 4 2 1 1 0 3 3 2 2 2 2 0 1 1 1 1 2 0 1 1 1 1 1 0 0 0 0 0 0 0 0 1 0 0 0 0 0 0 0 1 0 0 0 0 0 0 0 0 1
0 0 0 0 0 0 0 7 45 96 125 165 184 221 220 232 215 202 201 195 188 143 156 141 129 116 119 105 100 101 104 74 75 67 54 60 77 53 45 40 37 40 35 33 36 29 27 32 22 30 20 31 25 22 23 35 26 25 25 22 26 24 21 18 13 15 21 18 12 9 12 13 11 7 12 16 5 3 9 5 6 6 7 7 4 2 8 6 6 6 6 3 5 2 2 3 0 0 1 0 1 4 0 0 0 0 0 2 0 2 1 1 1 0 0 0 1 2 0 1 0 0 0 0 1 0 0 1 0 1 0 0 0 1 1
0 0 0 0 0 0 2 9 25 72 119 155 166 189 192 196 200 189 174 179 154 148 156 139 132 134 128 112 120 87 86 95 85 97 59 65 53 68 65 51 41 63 59 53 53 40 41 49 41 34 31 34 30 34 30 30 30 33 18 24 29 19 19 19 21 20 20 15 12 10 16 7 7 8 8 5 7 5 6 3 5 3 3 6 6 5 4 3 3 4 2 3 0 3 3 3 0 0 0 4 0 3 2 2 0 0 1 0 2 0 0 0 0 1 0 1 0 0 1 1 0 0 0 0 0 0 0 0 0 0 0 0 0 0 0 0 0 0 0 0 0 0 0 0 0 1 0 0 0 0 1
0 0 0 0 0 0 2 12 34 93 142 192 209 184 212 199 176 189 145 172 139 141 147 140 128 140 140 99 91 104 95 92 87 79 62 79 57 64 57 60 62 59 44 43 40 42 40 40 37 31 38 30 35 26 29 36 22 15 17 19 14 23 17 16 7 14 19 14 16 14 11 13 9 17 16 10 9 8 4 11 5 4 7 4 2 4 3 2 1 3 1 5 0 2 4 2 1 1 1 4 0 3 0 0 0 1 2 2 0 0 0 0 0 0 0 1 0 0 1 0 0 2 0 0 0 0 0 0 0 0 0 0 0 0 0 0 0 0 0 1 0 0 0 2 0 0 0 0 0 0 0 0 0 0 0 0 0 0 1
0 0 0 0 0 0 0 9 39 94 148 180 208 225 209 231 233 217 185 180 173 195 171 154 158 127 124 120 120 95 95 95 83 83 85 69 70 54 50 48 49 43 44 42 31 35 26 30 26 18 30 22 13 14 18 12 12 21 13 14 13 15 8 8 8 16 6 4 3 8 10 10 4 5 4 4 0 2 2 1 2 2 1 0 1 0 1 0 2 3 1 0 1 1 0 1 2 0 1 0 0 0 2 0 0 1 0 0 3 1 0 0 0 1 0 0 0 1 1 0 0 0 0 1
0 0 0 0 0 0 0 12 42 100 131 181 181 210 214 223 213 200 199 213 199 187 139 150 150 143 112 102 105 91 96 93 84 82 57 75 78 51 61 60 38 40 50 55 37 38 25 38 36 30 18 23 18 21 23 19 12 16 23 13 23 12 14 9 10 12 12 5 3 9 9 4 5 6 3 9 5 2 7 1 1 1 2 1 0 5 1 2 3 2 0 0 0 2 0 1 1 0 0 0 0 1 0 1 1 2 0 0 1 0 0 3 0 1 0 0 0 0 0 0 0 0 0 0 0 1 1
0 0 0 0 0 0 0 10 40 87 118 175 218 226 225 187 185 192 172 161 141 146 138 105 111 115 95 101 73 87 83 76 83 77 76 61 60 65 63 61 42 33 45 40 44 40 56 32 27 37 29 32 37 24 33 32 33 19 22 19 30 18 23 16 26 21 24 22 17 19 14 15 11 16 11 15 20 15 12 21 9 15 12 8 8 8 3 4 6 5 5 3 1 5 4 6 3 4 0 2 1 2 4 3 0 5 2 1 0 2 1 0 0 1 0 0 0 0 0 1 1 1 0 0 2 0 1 1 0 1 0 0 0 0 0 0 0 0 0 0 0 1 1 1 1 0 0 0 0 0 0 0 0 0 0 0 0 0 0 0 0 0 0 0 0 0 0 1
0 0 0 0 0 0 0 10 46 85 138 163 176 203 219 211 196 198 187 168 181 153 152 153 131 130 109 118 121 87 98 95 85 87 84 79 56 64 50 44 48 48 40 42 43 24 36 35 35 40 30 25 30 17 30 18 21 22 21 11 18 9 14 18 11 15 5 11 16 11 15 14 9 12 2 10 6 5 4 4 7 6 2 5 9 3 5 2 6 4 1 2 5 0 3 2 0 2 4 1 2 0 2 2 1 1 2 0 1 6 2 1 2 0 0 0 0 0 1 2 0 0 0 0 1 0 0 0 0 0 0 1 0 0 0 0 0 0 0 0 0 0 0 0 0 0 0 1 0 0 0 0 1 0 0 0 1
0 0 0 0 0 0 0 14 44 84 130 164 194 214 200 192 216 200 208 195 198 165 131 150 127 132 125 114 88 89 77 85 77 78 80 66 78 56 69 45 45 54 62 41 43 51 31 41 42 26 26 37 23 21 26 21 28 20 17 19 10 19 12 17 10 11 8 14 15 7 10 5 6 6 7 7 5 6 4 4 4 2 6 7 3 5 3 1 0 1 2 4 4 2 2 2 3 0 0 0 0 1 1 1 0 1 1 0 0 0 1 0 0 0 0 0 0 0 0 0 0 0 0 0 0 0 0 0 1 0 0 0 0 0 0 0 0 0 0 0 0 0 0 0 0 0 0 0 0 0 0 0 0 0 0 0 1
0 0 0 0 0 0 0 9 43 93 126 180 202 223 241 214 228 174 188 166 179 154 143 141 126 98 118 121 96 72 88 93 92 72 79 69 57 63 75 41 45 40 64 46 46 46 30 39 33 32 36 32 20 28 23 32 24 17 16 21 21 14 17 14 13 10 5 14 13 10 8 7 9 12 6 15 8 6 7 0 3 2 3 4 7 4 1 1 2 2 3 4 3 1 0 2 2 2 0 0 2 0 1 1 1 0 1 0 2 0 0 0 0 1 0 1 0 0 0 0 0 0 0 0 0 1 0 0 0 0 0 0 0 0 0 0 0 0 0 0 0 0 0 0 0 0 0 0 0 0 1
0 0 0 0 0 0 0 5 41 71 134 190 193 218 217 198 175 184 179 159 146 140 137 134 134 121 111 104 111 97 80 84 69 70 79 67 61 54 57 55 58 48 53 44 54 48 37 34 41 34 34 37 37 28 21 20 23 19 30 25 22 12 20 35 14 17 16 15 14 22 11 9 10 7 4 8 12 11 5 6 14 7 13 8 11 6 7 5 2 2 5 3 2 3 2 2 4 1 0 2 2 2 1 2 0 3 1 4 2 0 1 4 0 0 2 0 1 1 0 0 2 0 0 0 1 0 0 0 0 0 1 0 0 0 0 1 0 0 0 1
0 0 0 0 0 0 0 16 37 89 131 172 187 191 212 215 195 193 177 188 153 173 124 135 116 118 125 106 102 92 91 91 67 71 71 84 52 68 64 65 61 48 53 45 34 40 39 36 27 31 32 32 21 30 23 29 22 23 17 30 16 11 17 22 22 18 14 15 20 11 9 11 9 13 13 6 7 10 8 13 7 6 3 15 4 2 3 3 3 4 6 2 2 1 3 1 3 2 3 2 1 0 0 1 1 2 0 0 2 0 2 1 0 0 0 1 0 0 0 0 0 0 1 0 0 0 1 0 2 0 0 0 1 0 0 0 0 0 0 0 0 0 0 0 0 0 0 0 0 0 0 0 0 0 0 0 0 0 0 0 0 0 0 0 0 0 0 0 0 0 0 0 0 0 0 0 0 0 0 0 0 0 0 0 1
0 0 0 0 0 0 1 5 45 81 133 177 192 219 199 189 216 206 203 175 184 156 176 147 122 109 103 113 106 89 90 75 70 71 61 67 66 72 68 52 50 54 63 42 58 52 38 43 23 42 29 16 30 20 18 24 12 18 24 18 18 18 8 11 16 15 12 16 12 11 13 8 9 10 7 3 6 11 6 8 7 2 4 6 7 2 4 3 1 1 3 2 0 1 6 1 1 2 0 0 1 3 0 2 1 1 1 2 0 0 1 1 0 1 0 0 0 1 1 0 0 1 0 0 0 0 0 0 0 0 0 0 0 0 0 0 0 0 0 0 0 0 0 0 0 0 0 0 0 0 0 0 0 1
0 0 0 0 0 0 1 8 43 77 160 180 206 194 217 231 210 205 195 201 186 174 153 156 136 136 128 116 79 67 82 66 71 62 73 58 74 55 65 55 49 48 47 50 41 35 36 36 31 30 35 28 22 31 25 22 16 11 20 14 20 15 14 10 12 9 11 12 13 14 9 8 7 12 1 12 8 6 4 3 4 3 1 3 3 1 0 3 2 2 2 4 1 3 1 2 1 6 2 0 0 1 0 0 0 3 0 0 1 1 1 0 0 0 0 1 0 0 0 0 0 0 0 0 0 0 0 0 0 0 1 0 1
0 0 0 0 0 0 0 8 38 88 115 159 187 214 200 188 211 174 160 147 156 153 136 133 123 108 113 108 99 90 76 82 74 92 65 57 61 73 62 54 62 51 41 58 40 53 41 35 30 49 42 25 38 26 34 36 26 26 22 31 24 21 22 28 26 25 24 15 16 13 22 14 14 11 7 6 8 8 11 10 11 4 6 3 6 2 3 5 5 5 5 3 4 5 0 2 2 2 3 2 1 2 2 2 0 2 3 0 2 1 1 0 0 1 1 2 0 0 0 2 2 1 0 0 0 0 0 1 1 0 0 0 0 0 0 0 0 0 0 0 0 0 0 0 0 0 0 0 0 0 0 1
0 0 0 0 0 0 0 6 32 105 127 148 196 195 187 175 189 211 192 170 187 157 144 135 131 138 126 110 113 103 84 94 102 70 76 83 60 52 54 65 52 60 57 42 41 33 37 43 38 42 34 34 34 24 20 19 26 22 13 19 17 17 19 18 15 24 21 17 4 6 15 15 6 11 9 5 5 3 4 7 6 3 3 5 0 5 1 2 1 2 1 2 1 1 0 2 2 1 1 1 2 0 0 1 2 0 4 1 1 0 0 0 0 0 1 0 0 1 0 1 0 0 1 0 0 0 1
0 0 0 0 0 0 1 3 26 73 126 157 192 207 217 213 220 206 175 165 140 155 143 126 131 133 135 116 91 95 99 92 69 60 86 56 75 71 54 75 47 60 51 49 35 43 36 38 21 41 32 36 24 25 24 23 16 38 21 20 19 23 16 16 15 18 12 16 17 11 9 17 7 11 9 10 6 9 8 10 6 8 5 3 4 4 2 3 5 3 6 3 2 1 1 0 1 0 0 0 0 0 2 0 3 1 2 1 1 1 1 1 1 0 1 0 0 1 1 0 1 1 0 0 0 0 1 0 0 0 0 0 0 0 0 1 0 0 1
0 0 0 0 0 0 0 9 31 71 128 159 163 239 194 200 210 188 153 174 170 158 179 131 140 146 118 104 119 112 95 78 84 61 58 79 64 66 62 61 62 52 51 39 58 46 36 47 43 36 32 35 43 32 21 31 24 29 16 19 24 20 16 14 18 16 11 7 10 7 12 1 4 7 2 2 7 4 3 1 6 2 5 1 5 5 4 1 2 5 1 3 3 1 2 1 2 1 1 0 1 1 1 0 1 0 0 0 1 0 0 2 0 0 0 0 0 0 0 0 0 0 1
0 0 0 0 0 0 0 9 25 95 147 180 198 224 229 229 241 206 191 203 163 174 152 138 130 123 115 110 87 95 79 88 60 55 55 73 70 50 63 42 38 48 33 55 35 39 35 44 31 24 42 37 33 28 23 23 26 17 19 16 14 15 30 4 16 25 17 8 14 13 7 6 6 6 6 2 7 3 4 5 5 4 4 1 1 0 0 4 2 2 4 1 0 0 1 0 2 1 0 2 0 2 2 1 1 0 1 0 1 0 2 1 0 0 0 1 0 0 0 0 1 0 0 0 0 1
0 0 0 0 0 0 0 8 30 85 154 163 191 207 227 187 211 186 181 168 173 157 149 147 145 121 136 114 117 101 85 85 88 85 79 76 58 40 56 47 42 45 38 37 41 32 38 28 23 39 32 31 26 25 26 22 19 25 19 25 12 13 17 16 20 13 17 10 11 9 6 11 7 10 10 8 11 12 11 10 6 7 6 5 4 6 5 3 2 2 3 3 3 2 5 3 5 3 2 1 1 0 0 2 2 3 1 1 0 1 0 1 2 0 1 0 1 1 0 0 0 1 0 1 1 0 0 0 0 0 0 1
0 0 0 0 0 0 0 2 33 98 134 178 198 197 204 201 192 215 168 164 188 160 159 131 120 121 134 131 93 118 90 68 73 81 100 86 60 71 60 50 68 42 47 38 50 42 34 29 31 31 26 25 23 19 28 21 25 19 21 18 24 17 15 18 10 11 11 10 15 16 9 9 14 11 9 3 5 2 7 5 5 3 3 5 0 4 5 4 4 2 0 2 1 3 2 2 2 1 1 1 2 3 0 1 1 1 2 0 2 0 1 0 0 0 1 0 0 1
0 0 0 0 0 0 0 7 48 80 128 147 183 241 223 213 202 188 179 180 165 148 156 137 143 120 134 118 89 102 106 89 87 84 59 68 47 55 61 57 47 43 44 41 44 40 38 29 33 41 38 35 27 26 31 27 27 30 22 21 23 11 21 18 13 16 14 7 13 15 10 10 8 6 9 3 2 5 7 6 7 4 4 4 4 2 2 2 4 2 5 1 1 4 1 1 0 1 1 0 1 0 0 0 1 1 0 0 0 0 0 1 1 0 0 0 0 0 0 0 0 0 0 1
0 0 0 0 0 0 0 8 40 74 124 196 200 199 198 210 202 206 190 160 170 165 157 148 120 155 134 112 115 114 91 69 95 82 58 67 44 55 54 58 53 48 38 33 26 42 34 37 36 30 30 24 21 27 21 22 15 33 21 21 17 14 15 17 15 13 16 17 14 13 20 8 16 7 5 10 6 9 9 7 4 3 6 5 4 7 4 2 1 1 2 1 1 3 3 3 0 4 0 2 0 1 1 1 3 0 0 0 1 2 1 1 1 0 0 0 0 0 0 1 1 0 0 0 0 0 0 0 0 0 0 0 0 0 0 0 0 0 0 0 0 1
0 0 0 0 0 0 0 9 45 76 113 170 202 210 258 236 212 197 190 164 188 160 154 163 136 141 123 123 107 97 106 79 82 84 77 77 57 61 58 48 53 43 47 44 43 41 29 25 23 33 18 28 33 20 23 14 14 18 18 16 21 12 17 10 6 19 15 8 4 11 5 5 9 7 3 7 5 2 6 4 1 2 2 1 5 4 1 1 1 1 2 2 1 0 1 1 1 0 0 1 1 1 2 0 0 0 0 1 0 0 1 1 1 0 0 0 0 1 0 0 0 0 0 1 0 0 0 0 0 0 0 0 0 0 0 0 0 0 0 1
0 0 0 0 0 0 0 7 35 92 140 182 210 204 223 181 206 200 172 171 156 129 113 97 133 92 119 90 81 99 107 86 93 63 67 72 59 61 66 68 57 55 55 48 45 46 40 50 47 39 37 40 26 44 34 33 36 26 26 13 17 22 22 16 15 12 15 14 13 11 11 17 14 11 8 8 7 7 6 3 7 5 4 3 4 7 4 5 0 0 2 5 3 3 2 2 2 1 5 3 2 0 1 1 1 1 1 0 1 2 0 0 0 0 1 0 0 0 0 0 0 0 0 1 0 0 0 0 0 0 0 1 0 1
0 0 0 0 0 0 0 7 34 85 144 191 228 228 205 219 239 205 178 177 198 190 157 158 155 143 116 108 93 97 104 76 87 73 80 75 62 55 57 30 43 47 46 37 44 35 25 26 15 26 21 17 21 22 11 16 19 16 12 10 14 20 16 7 11 17 10 7 12 12 7 5 7 10 3 6 6 5 6 8 4 4 5 4 1 3 3 1 0 2 1 3 2 1 0 1 2 1 0 2 0 0 0 0 2 0 0 0 1 0 0 0 0 1 0 0 0 1 0 1 0 0 0 0 1 0 0 0 0 0 0 0 0 1 0 0 0 0 0 0 0 0 0 0 0 0 0 0 0 0 0 0 0 0 0 0 0 0 0 1
0 0 0 0 0 0 0 11 35 97 117 171 201 223 231 223 217 210 169 165 170 166 169 137 134 134 103 111 107 86 77 85 87 56 69 51 62 64 65 44 47 36 43 64 25 37 43 36 33 32 36 24 25 18 23 19 24 22 21 17 22 16 16 15 17 15 11 21 10 11 9 14 6 7 16 7 5 3 5 7 3 5 3 7 5 3 4 7 2 3 7 2 1 4 3 2 1 1 5 2 0 2 1 3 1 2 1 0 0 2 0 0 1 2 1 1 0 1 0 1 0 0 1 2 0 0 0 0 1 1 0 0 0 0 0 0 0 1 0 0 0 0 0 0 0 1
0 0 0 0 0 0 1 8 39 75 157 171 208 227 231 217 235 185 191 198 150 162 138 134 128 124 102 122 93 100 91 77 74 56 43 68 66 52 67 48 49 43 52 42 34 41 42 33 33 29 31 34 23 31 23 27 20 15 14 28 15 22 20 20 19 14 17 12 17 13 8 7 9 9 6 10 7 7 2 8 6 5 2 6 5 4 5 4 3 2 2 5 0 1 3 0 3 2 1 2 0 3 1 2 1 1 0 1 1 0 0 0 1 1 0 0 1 0 1 0 0 0 0 1 1
0 0 0 0 0 0 1 9 38 80 132 174 186 219 188 203 202 170 194 192 176 158 159 151 146 125 119 122 95 96 92 83 71 74 65 59 72 69 51 56 50 45 41 46 38 33 47 47 42 48 24 26 20 34 28 29 31 16 19 14 19 22 16 13 17 12 11 18 11 9 15 6 17 6 8 4 3 7 7 7 3 9 2 4 3 1 5 2 3 2 1 5 1 1 0 3 2 1 3 2 4 1 4 1 1 1 0 0 0 0 0 0 0 0 0 0 0 0 0 0 0 0 0 0 0 0 0 0 1 0 0 0 0 0 0 0 0 0 1 0 0 0 0 0 0 0 0 0 1
0 0 0 0 0 0 0 9 49 82 137 160 209 203 199 223 226 192 197 186 161 156 146 153 137 108 132 121 111 83 105 74 71 84 68 69 62 55 57 53 53 45 43 51 49 37 40 35 25 40 31 16 36 35 23 26 17 15 24 12 17 16 22 9 11 14 13 14 3 17 5 11 10 4 6 5 8 9 5 4 6 3 3 3 5 7 1 0 3 3 2 1 3 3 4 2 1 0 1 2 1 0 1 0 0 0 2 0 1 0 1 3 1 0 0 0 0 0 0 0 0 0 0 0 0 0 0 0 0 2 0 0 0 1 0 0 0 1
0 0 0 0 0 0 1 11 44 92 126 165 190 214 215 199 210 230 216 195 169 173 172 156 141 126 122 112 110 106 113 91 87 87 78 73 65 53 61 61 56 51 46 43 54 31 40 39 28 35 29 24 27 19 15 16 11 20 10 9 16 14 12 9 10 4 2 4 5 5 4 2 5 5 4 3 3 2 3 1 1 1 2 3 1 0 3 3 1 1 1 0 1 0 0 0 0 0 0 0 0 0 0 0 0 0 0 1 1 0 0 0 0 0 0 0 0 0 0 0 0 0 0 0 0 0 0 1
0 0 0 0 0 0 0 5 36 78 136 160 221 229 212 233 220 204 189 173 168 166 143 139 135 127 118 92 94 96 90 77 63 74 68 62 55 59 73 45 45 46 42 47 45 25 32 37 29 35 37 32 21 29 25 25 24 23 17 16 13 18 24 16 21 14 20 15 15 17 11 12 13 12 5 5 4 8 7 6 3 5 3 6 8 0 4 2 3 0 1 2 4 2 1 0 1 3 2 2 3 1 2 1 0 3 1 1 2 0 0 0 0 2 0 0 0 0 1 0 0 1 0 0 1 0 0 0 0 0 0 0 0 0 0 0 0 1 0 0 0 1
0 0 0 0 0 0 1 11 30 100 122 146 199 194 210 202 215 194 169 171 160 141 151 139 110 106 108 102 120 96 103 86 76 77 82 75 56 78 78 54 57 54 36 37 49 41 38 36 40 32 28 43 39 30 27 23 24 32 31 11 24 18 27 33 10 16 8 18 15 7 17 14 9 10 7 4 4 8 5 6 6 4 3 4 4 3 2 3 2 2 2 2 2 5 3 1 0 1 0 0 0 3 1 0 0 1 2 1 0 1 0 0 2 0 0 5 0 2 0 1 0 1 0 0 0 0 0 0 0 1 0 0 0 0 0 0 0 0 1
0 0 0 0 0 0 0 4 32 86 129 173 187 183 201 200 201 189 175 167 169 155 136 150 155 156 106 107 110 98 77 89 71 77 58 75 65 50 58 59 58 59 49 42 46 47 45 44 37 30 35 24 34 24 29 25 19 24 27 25 25 28 28 23 10 13 14 8 15 12 12 6 3 10 10 8 12 7 6 5 4 7 4 4 4 6 2 2 3 7 1 3 1 2 3 1 0 3 1 3 0 1 0 0 0 1 2 1 0 1 0 0 1 0 1 1 0 0 0 0 1 0 0 0 0 0 1 1 0 1 0 0 0 0 0 0 0 0 0 1
0 0 0 0 0 0 0 13 31 111 149 159 182 211 221 219 177 211 186 177 165 144 158 134 136 116 124 113 101 97 82 76 90 81 75 67 63 55 66 48 68 47 57 51 40 44 42 39 43 30 39 41 20 29 32 28 21 22 12 10 22 11 14 14 21 14 10 8 10 7 6 4 15 9 6 5 5 1 6 6 1 6 2 3 4 5 5 3 3 1 3 0 0 0 2 2 3 0 0 2 0 0 0 2 0 0 1 0 0 0 1 0 1 0 0 2 0 0 0 0 0 0 0 0 0 0 1 0 1
0 0 0 0 0 0 1 9 41 71 119 160 201 208 240 238 203 200 180 168 164 168 159 133 104 111 111 104 97 101 71 78 83 67 74 54 58 47 48 60 66 47 46 42 39 45 45 39 45 38 29 27 36 28 46 32 31 25 31 23 16 15 21 18 19 8 18 16 15 6 12 9 14 7 9 11 2 6 5 5 6 8 2 5 2 6 2 0 1 1 2 5 3 3 3 0 1 0 3 2 2 2 1 3 0 1 1 2 0 1 1 0 1 0 0 1 2 1 0 0 0 0 1 0 1 0 0 0 0 0 0 0 0 0 0 0 0 0 0 0 0 0 0 0 0 0 0 0 0 0 0 1 0 0 0 0 0 0 0 0 0 0 0 0 0 0 0 0 0 0 0 0 0 1
0 0 0 0 0 0 1 12 39 89 137 182 182 217 213 191 202 186 177 169 185 176 172 136 134 136 123 110 104 89 95 80 75 85 71 68 73 45 58 42 43 47 50 30 39 30 48 39 39 29 32 25 32 31 24 25 18 19 12 16 18 12 16 19 9 10 12 11 9 10 8 7 9 7 9 7 6 6 11 7 3 8 6 9 6 4 6 6 6 3 6 5 3 4 5 3 4 3 2 0 5 1 1 0 3 0 0 1 2 2 0 0 1 2 0 1 0 0 0 0 1 0 0 1 0 0 0 0 0 0 0 0 0 1 0 1 0 0 0 0 0 0 0 0 0 0 0 0 0 0 0 0 0 0 0 0 0 0 0 0 0 0 1
0 0 0 0 0 0 0 1 35 90 121 157 182 216 221 208 228 218 175 192 163 170 164 137 162 138 109 117 125 112 86 80 82 79 61 62 51 67 62 47 66 52 39 49 32 43 44 26 26 33 33 25 27 23 25 19 27 21 17 21 21 22 13 11 13 13 8 9 8 11 10 5 9 6 4 9 8 4 4 3 3 4 3 1 1 1 1 2 1 4 0 2 0 2 2 2 2 0 1 2 0 2 0 1 0 3 0 1 0 0 0 0 0 0 0 0 0 0 1 0 0 0 0 0 0 0 0 0 0 0 0 0 1 0 0 0 1
0 0 0 0 0 0 0 8 44 77 136 191 207 228 237 223 215 173 194 168 177 152 152 129 144 135 117 108 112 93 92 80 74 85 73 81 62 72 60 59 48 46 36 47 39 35 33 34 27 29 33 27 27 25 19 22 22 21 6 15 21 15 12 9 13 11 7 9 12 14 7 12 7 13 5 7 8 7 5 2 4 4 1 1 3 3 5 0 3 2 4 0 1 1 0 1 0 3 0 2 4 1 0 1 0 1 1 1 0 0 0 1 0 0 1 2 0 1 1 1 0 0 0 0 1 0 0 0 0 0 0 1
0 0 0 0 0 0 1 13 34 76 145 172 206 185 225 201 203 198 206 209 183 155 142 162 125 136 96 91 113 101 102 80 80 73 59 60 83 47 54 45 40 51 44 41 45 35 37 34 34 25 27 21 34 37 28 25 22 17 23 12 19 18 23 13 19 21 10 13 15 10 12 11 18 3 8 8 4 8 6 6 2 9 3 5 4 6 0 1 1 3 2 1 2 0 2 2 0 3 0 1 3 2 0 0 0 0 1 0 0 0 0 2 0 1 1 1 0 0 0 0 0 0 0 2 0 0 0 0 1 0 0 0 0 0 0 0 1 0 0 0 0 0 0 0 0 0 0 0 0 0 1
0 0 0 0 0 0 0 9 44 82 122 167 190 196 225 207 214 202 193 198 152 193 167 137 121 157 103 113 118 100 78 83 95 78 90 77 62 64 64 58 53 61 46 33 42 34 49 31 27 35 24 30 22 24 26 18 21 14 11 19 20 17 10 17 12 12 12 8 8 10 9 7 6 7 3 6 7 6 7 5 2 3 3 0 6 0 1 1 0 0 1 0 1 2 4 1 1 0 0 1 0 4 0 0 0 0 0 1 1
0 0 0 0 0 0 0 12 35 80 120 157 201 237 194 214 200 196 168 157 154 144 145 146 126 127 107 92 113 108 95 80 82 65 50 72 60 59 62 48 45 48 57 44 47 60 49 37 34 40 36 30 53 34 32 22 26 21 29 14 19 30 8 19 18 19 14 13 15 18 10 11 12 10 6 7 11 3 2 8 4 4 6 10 2 2 7 2 1 1 1 2 5 3 3 2 3 2 2 0 2 2 2 1 1 0 1 2 2 1 0 2 1 0 0 1 0 0 1 0 0 0 0 1 0 0 0 0 0 0 0 0 0 0 1 0 0 1
0 0 0 0 0 0 0 15 45 87 133 174 214 217 202 230 198 199 182 187 156 151 129 136 106 130 111 126 96 81 91 79 71 81 73 65 60 51 57 57 37 59 42 46 50 50 35 50 32 32 34 35 31 27 36 32 16 27 26 23 25 13 23 25 12 14 16 17 17 8 5 6 8 8 11 6 10 1 5 2 5 2 5 3 5 1 0 2 1 0 3 2 1 1 4 1 1 4 5 2 0 0 0 2 0 1 0 0 2 1 0 0 0 1 1 1 0 0 0 0 1 0 0 0 0 0 0 1
0 0 0 0 0 0 2 7 43 87 113 193 191 198 198 239 211 215 199 185 171 189 166 160 146 150 121 107 106 90 83 91 60 56 78 65 70 59 53 46 49 44 55 43 41 24 34 36 35 45 35 29 35 23 29 24 21 18 11 22 16 19 10 11 10 3 11 9 5 7 5 8 7 7 3 4 6 3 5 1 4 5 6 4 3 3 2 0 2 2 1 0 2 2 2 1 0 1 0 0 1 0 0 0 0 1 0 0 1 2 1 0 2 0 1 0 0 0 1
0 0 0 0 0 0 0 7 46 100 164 195 202 259 214 224 211 209 160 190 153 157 139 136 123 132 116 114 84 89 89 76 70 77 60 51 55 59 52 44 45 49 47 29 31 24 39 44 26 27 36 31 28 21 22 17 27 26 19 17 19 16 14 8 20 10 13 8 13 10 7 8 18 9 9 14 8 13 9 10 9 6 6 4 7 8 7 1 3 4 5 4 1 2 1 3 8 1 1 0 2 2 0 1 1 1 1 2 0 0 0 0 1 1 0 1 1 1 0 0 1 0 1 0 0 1 0 0 1 0 0 1 0 0 0 0 0 0 0 0 0 0 0 0 0 0 0 0 0 1 0 0 0 0 0 0 0 0 0 0 0 0 0 1
0 0 0 0 0 0 0 10 39 104 128 171 193 214 211 205 201 193 190 188 177 163 150 128 104 132 109 112 95 87 82 78 72 65 71 72 66 40 48 54 55 49 31 47 36 40 40 36 22 25 32 25 45 23 19 17 18 13 12 23 33 20 23 28 20 16 21 16 16 18 18 21 20 11 9 10 11 10 12 9 4 6 5 8 6 7 5 5 2 4 3 6 2 4 5 2 1 3 0 1 1 1 1 1 2 0 1 1 0 0 1 0 2 1 0 0 0 1 1 0 0 0 1 0 0 0 1 0 1 0 1 0 0 0 1 0 0 0 0 1
0 0 0 0 0 0 0 7 41 93 148 172 233 228 243 181 189 187 160 156 175 138 170 140 131 137 131 127 99 100 101 111 102 78 70 63 56 49 43 53 40 47 47 39 42 39 35 39 34 44 39 33 37 24 22 18 26 17 35 24 18 21 8 8 8 10 11 9 9 5 6 8 4 12 6 4 2 2 4 2 3 4 3 7 6 1 2 2 0 1 0 4 0 2 1 0 1 2 1 0 1 0 0 0 1 1 0 2 0 0 0 0 2 1 0 0 0 0 0 0 0 0 0 0 0 0 0 0 1 0 1 0 0 0 0 0 1
0 0 0 0 0 0 1 7 41 73 157 163 179 210 232 193 229 206 213 187 170 160 161 167 144 119 114 131 88 97 83 93 64 89 72 60 61 53 45 43 46 38 32 31 31 24 30 23 24 20 31 23 26 18 18 21 24 25 10 13 19 30 19 12 20 9 13 18 13 14 14 16 13 11 13 4 5 6 12 3 9 3 10 10 3 6 6 7 2 6 10 3 4 2 2 1 2 3 3 1 3 1 5 4 0 1 1 3 0 2 3 0 1 0 0 0 0 1 1 1 1 0 0 0 0 0 0 0 1 0 0 0 0 0 0 0 0 0 0 0 1 1
0 0 0 0 0 0 0 10 37 76 116 164 194 207 209 213 213 174 180 155 169 154 177 139 143 123 105 105 109 92 106 94 68 83 70 55 62 61 54 53 55 42 48 49 48 41 40 36 40 33 27 34 37 24 28 25 14 13 19 18 22 23 16 15 22 18 4 13 7 9 19 7 8 10 10 9 7 8 1 12 12 6 7 6 8 7 6 4 6 6 2 3 5 4 3 1 1 0 2 2 1 1 1 1 0 1 0 0 1 3 0 3 0 2 0 0 2 2 0 1 1 0 0 0 0 0 0 3 0 1 0 0 0 1 1 0 0 0 0 0 0 0 0 0 1 0 0 0 0 1 0 1
0 0 0 0 0 0 1 4 35 74 142 159 180 231 220 211 209 199 174 155 160 178 171 163 126 140 108 93 98 99 95 78 83 68 69 44 66 60 48 46 49 42 45 48 35 41 38 35 40 39 35 40 40 24 21 24 28 31 19 21 32 24 24 14 13 12 12 20 13 10 11 5 15 3 6 6 5 11 8 8 8 1 4 5 5 3 3 2 1 2 4 2 7 1 2 1 2 1 2 2 0 0 0 1 1 1 1 1 0 1 0 0 0 0 0 0 1 0 1 0 0 0 1
0 0 0 0 0 0 0 7 38 85 150 165 183 204 213 213 250 226 212 216 204 208 148 146 132 120 136 109 86 90 89 106 83 70 60 55 60 61 58 47 49 38 44 33 40 31 36 42 31 22 31 31 26 20 22 13 14 26 15 17 14 15 8 10 11 12 9 6 8 9 8 5 8 3 7 3 4 2 6 4 4 2 3 3 2 4 5 2 1 1 1 2 1 0 0 2 2 0 1 0 1 1
0 0 0 0 0 0 1 8 36 86 111 145 165 196 205 208 207 200 188 182 180 160 138 160 149 152 124 109 107 94 116 89 66 93 67 75 77 43 66 52 45 48 54 52 50 49 35 46 26 30 31 26 34 27 27 22 25 16 19 24 18 26 15 17 16 9 16 17 8 9 7 6 9 7 7 4 4 4 5 6 2 3 7 1 2 1 3 5 0 2 3 1 1 0 1 1 2 0 1 0 1 0 1 0 1 1 1 2 0 0 0 0 1 0 0 1 0 0 1 2 0 0 0 0 0 1 0 0 0 0 0 0 0 0 0 0 0 1
0 0 0 0 0 0 0 8 37 75 138 184 190 223 198 227 205 188 200 162 168 162 172 138 129 98 101 102 75 81 73 88 77 74 67 80 69 56 47 64 40 52 42 29 35 37 36 31 27 31 25 27 29 31 19 16 14 21 22 22 21 29 24 15 19 5 14 11 12 14 17 15 11 10 9 13 7 8 11 7 3 4 7 7 7 2 3 8 6 5 4 9 5 10 10 9 8 10 4 9 4 5 2 3 4 4 0 3 3 1 1 2 5 1 1 0 2 1 0 0 0 1 0 3 0 0 0 0 2 0 0 0 0 0 0 1 0 1 0 0 0 1 1 0 0 0 1 0 0 0 1 0 1 1 0 0 0 1
0 0 0 0 0 0 0 10 38 83 135 180 225 213 221 200 205 197 195 159 167 173 165 135 130 138 101 93 102 98 96 68 84 40 57 74 59 57 57 39 47 64 47 41 44 41 41 29 45 31 30 37 44 28 32 18 29 22 23 23 17 25 22 21 10 18 16 18 13 10 6 13 6 8 6 7 3 6 6 6 7 2 2 1 1 0 4 7 2 3 2 3 2 3 1 2 1 2 0 2 1 0 0 1 0 0 1 0 0 1 1 0 0 1 0 0 0 0 1
