1691 4977 5459 3563 2277 1542 1042 828 600 454 443 356 231 239 180 141 139 123 128 117 72 48 36 42 41 54 45 35 18 19 13 6 7 5 2 6 4 1 3 6 2 1 1 0 2 0 1 0 1
1626 5072 5382 3628 2287 1518 1024 734 622 463 375 356 236 173 198 206 163 88 66 86 94 82 65 31 14 13 31 77 41 50 59 34 13 13 15 11 9 5 7 6 2 4 3 4 1 3 1 1 2 0 0 1 0 0 1 2 0 0 1 1 1
1598 5008 5430 3602 2247 1483 1075 723 646 451 367 329 232 227 198 154 146 120 115 125 84 68 37 33 70 66 34 49 35 31 18 7 13 16 44 35 16 10 9 9 2 7 11 4 2 1 3 0 0 1 0 3 2 0 0 1 3 0 0 0 1
1554 5064 5397 3587 2208 1570 1030 814 574 436 392 329 230 177 187 174 165 102 76 120 101 71 78 39 22 26 58 61 76 42 49 56 35 21 11 14 12 6 6 7 5 5 1 1 4 1 0 0 1 0 1 0 0 0 0 0 0 3 1 0 0 0 0 0 0 0 0 0 0 1
1630 5018 5470 3543 2226 1539 1074 850 643 446 385 288 261 250 191 130 114 118 128 125 89 73 87 56 35 29 21 15 11 10 16 36 27 14 11 7 4 9 3 2 1 1 3 3 0 0 1 3 3 0 1 0 0 1
1597 5030 5403 3621 2330 1494 1016 745 596 483 340 307 257 180 196 172 146 135 102 105 79 55 68 54 76 38 30 21 38 47 24 14 10 24 48 37 22 9 17 4 6 4 3 4 2 1 2 1 0 0 1 3 1 1 0 1 0 0 0 0 0 0 0 0 0 0 0 0 0 0 1
1565 5051 5431 3539 2191 1477 1042 780 596 439 379 315 280 249 187 148 144 136 129 132 70 32 34 98 46 38 73 74 43 38 18 16 33 51 33 16 16 8 7 7 7 6 6 3 0 6 0 2 2 2 1 0 1 1 1 0 1 0 1
1557 5102 5392 3557 2255 1539 1075 746 622 437 353 275 218 207 185 128 136 129 126 88 72 74 89 58 37 105 60 31 19 15 43 31 30 16 11 55 37 26 11 10 12 7 1 0 1 4 4 1 1 0 3 2 1 0 1 0 1 0 1 1 0 0 0 0 0 2 0 0 0 0 0 0 0 1
1631 5020 5403 3595 2279 1555 1068 816 561 483 378 312 244 263 179 173 122 117 162 102 93 82 84 49 20 24 17 6 16 43 30 12 16 7 7 6 8 1 6 2 3 0 1 2 0 0 1 0 0 0 0 0 1 1
1636 5016 5402 3626 2389 1506 1110 797 586 454 368 264 249 201 234 167 177 107 71 81 81 64 63 69 40 25 41 47 30 23 12 16 7 7 3 6 6 3 2 2 3 2 0 0 2 1 0 3 1 0 0 0 0 0 0 1
1622 5118 5553 3600 2235 1452 1018 788 567 510 382 246 282 269 204 134 138 147 138 102 70 45 50 55 53 69 43 31 21 5 7 9 6 7 5 2 3 0 4 3 4 2 1 0 0 0 0 1
1655 5061 5414 3644 2356 1553 1087 770 657 432 339 304 251 208 209 161 102 85 70 118 143 113 60 40 37 19 25 11 11 9 12 5 7 2 3 6 5 3 1 3 4 2 1 1 0 0 1 0 0 0 0 1
1732 5148 5473 3599 2269 1513 1065 753 545 446 356 243 236 213 185 146 119 93 84 95 95 69 46 56 88 66 51 62 51 25 17 13 6 7 6 4 5 1 0 2 0 2 2 2 2 1 4 0 1 1 0 2 0 1
1639 5061 5364 3580 2193 1496 1037 797 596 446 394 336 268 197 202 171 142 124 105 144 127 111 70 44 30 30 50 36 43 36 30 21 17 15 7 5 6 5 6 6 1 1 2 2 2 3 0 1 0 0 2
1579 4960 5408 3609 2287 1472 997 720 581 458 362 316 265 193 214 200 120 92 82 97 115 118 85 68 64 41 30 37 47 48 49 40 25 36 58 28 26 12 8 8 12 5 3 5 1 1 4 3 1 1 1 1 0 1 0 2 1 0 0 1 1 1 0 0 0 0 0 0 0 0 0 1
1638 5127 5465 3619 2262 1465 1049 752 586 471 377 319 224 223 182 146 152 87 78 61 59 67 75 59 70 45 19 20 59 34 41 45 23 15 17 15 5 9 5 10 5 3 2 2 2 2 0 0 0 1 1 3 1 0 0 0 1 0 0 1 0 0 0 1 1
1603 5004 5375 3532 2317 1496 1014 715 611 446 366 333 196 194 204 156 113 75 144 154 87 79 85 81 70 73 57 49 38 28 14 13 31 46 45 51 26 20 5 8 4 5 8 2 9 2 2 2 2 0 0 4 2 0 0 1 0 2 0 0 0 1 0 0 0 0 1
1594 4962 5405 3570 2240 1518 1059 832 592 510 433 266 284 207 198 152 140 140 133 113 99 91 73 73 80 51 36 30 18 22 17 6 10 5 1 4 5 5 11 6 2 2 0 1 0 1 2 1 0 0 0 0 1
1623 5110 5433 3583 2336 1532 1022 807 518 435 393 283 211 169 171 153 136 122 110 97 106 102 108 107 56 43 39 18 17 8 7 11 32 33 17 8 9 7 2 9 4 2 2 2 0 1 0 1 0 1 1 1 0 1 0 1 0 1
1604 5075 5424 3569 2284 1497 994 702 548 449 392 290 250 187 189 242 165 102 71 87 78 102 88 71 52 44 60 50 60 35 50 50 38 22 13 9 11 7 4 8 5 2 3 2 4 3 1 1 0 2 0 0 0 1 0 1 1 1 0 0 0 0 1
1610 4991 5536 3534 2210 1484 1078 777 622 459 336 254 265 220 181 122 179 182 134 113 90 72 82 42 36 87 48 23 29 16 28 40 25 21 12 7 7 9 6 5 5 4 2 3 3 0 1 2 2 2 0 0 0 1 3 1
1665 5109 5426 3559 2329 1397 1049 785 618 489 392 334 255 246 211 164 131 126 115 105 132 115 80 33 28 23 22 11 12 8 3 6 3 4 3 3 1 2 2 0 1 2 2
1614 4975 5433 3617 2294 1475 1033 832 641 464 470 299 262 260 228 169 140 133 110 128 69 57 52 46 52 30 21 24 12 11 12 3 8 5 2 6 1 2 3 0 2 1 2 0 2 0 1
1624 5047 5355 3607 2409 1541 1070 810 621 483 356 330 251 217 182 155 150 123 120 112 67 69 46 42 26 13 47 40 26 13 9 7 6 6 4 1 1 2 2 3 0 2 2 1 2 1
1628 4984 5464 3611 2241 1567 1085 807 599 488 365 284 267 208 197 158 121 138 117 90 93 77 59 41 30 46 31 22 40 41 17 14 19 9 6 8 4 6 5 3 1 2 0 1 3 2 0 1 1
1682 5014 5534 3535 2295 1524 1085 789 567 435 344 289 251 185 183 154 120 116 152 122 71 56 47 52 65 41 49 71 39 30 24 15 12 8 9 8 6 4 3 2 1 0 0 1 0 1 2 0 0 0 1 2 2 1 1 0 0 1
1592 5091 5375 3637 2253 1484 1061 711 568 474 347 295 243 220 188 189 148 126 100 80 99 95 91 61 63 71 54 34 55 58 32 23 15 15 5 9 9 4 4 4 2 2 2 3 1 1 2 1 4
1681 5086 5431 3601 2282 1458 1011 798 590 451 340 305 237 212 130 166 155 155 124 70 45 86 97 123 58 46 33 27 13 8 14 10 35 33 19 11 13 10 5 5 4 6 4 3 2 0 0 0 0 1 0 2 2 0 0 1 0 0 0 0 0 0 1 0 0 0 0 0 0 0 0 0 0 1
1629 4958 5540 3532 2280 1546 1031 754 572 460 385 255 257 220 162 127 118 138 165 98 78 51 49 70 81 106 105 63 37 24 22 14 11 11 8 6 6 9 4 0 1 0 2 2 2 1 3 1 2 4 0 0 0 1
1650 5179 5373 3682 2252 1483 1035 783 543 454 345 281 226 213 166 191 152 97 90 86 103 112 120 65 49 40 32 12 13 40 40 15 14 14 11 7 8 4 3 3 3 2 3 1 0 1 3 0 0 1 1
1643 5082 5558 3516 2271 1483 989 754 567 449 326 308 302 225 169 181 185 156 145 112 86 92 84 49 34 28 23 46 21 20 21 12 11 9 5 4 4 8 7 1 1 2 0 5 0 2 2 3
1682 5116 5374 3701 2281 1553 1048 725 588 488 384 290 264 238 154 147 164 145 116 125 74 51 59 53 51 37 19 13 12 9 6 6 4 4 3 3 3 2 2 0 5 1 0 0 0 0 0 0 1
1666 5118 5510 3648 2234 1508 1123 799 628 500 373 326 266 182 156 150 126 117 92 71 43 37 59 54 66 36 17 13 20 11 9 5 3 4 5 5 3 4 2 3 1 1 2 1 1 1 1 0 0 0 0 0 1
1617 5015 5483 3539 2227 1478 1043 780 589 462 420 321 236 242 198 136 99 157 152 126 86 64 58 52 51 51 38 31 15 21 17 8 6 37 35 21 25 12 11 10 2 5 5 3 3 0 0 0 3 3 0 1 1 1 0 0 1 2 1 0 0 0 0 0 0 0 0 0 0 0 0 0 1
1634 5125 5503 3569 2282 1471 1046 808 561 461 428 318 253 158 157 155 133 155 109 103 53 55 70 50 80 38 35 58 30 18 16 12 9 8 5 7 3 5 2 6 1 2 4 2 0 1 0 1 0 0 1
1519 4937 5352 3509 2256 1541 1068 770 610 484 434 276 222 207 247 169 119 105 143 111 86 93 56 44 59 74 97 86 39 64 50 47 24 22 14 13 5 11 6 6 3 1 1 5 4 2 0 1 1 2 2 0 0 1 1 2
1566 5105 5449 3515 2298 1500 987 724 586 421 346 303 252 180 148 198 179 136 89 88 76 97 129 85 53 35 50 52 58 50 35 48 39 28 22 13 4 6 4 5 7 5 2 3 5 1 4 2 4 0 1 2 1 0 1 0 0 3 1
1607 5130 5530 3551 2247 1501 1028 749 574 416 319 295 257 236 192 196 136 180 106 123 102 95 47 54 55 36 19 44 43 32 21 20 7 9 8 11 3 1 3 2 7 2 1 1 2 0 1 0 0 0 1 0 0 1
1656 5000 5551 3554 2238 1477 1111 719 615 482 337 316 318 206 175 182 127 137 129 87 66 80 76 70 35 68 52 32 24 8 15 16 6 5 4 5 5 5 3 1 1 1 0 1 3 1 0 0 0 0 0 0 0 0 0 0 1
1587 5045 5475 3615 2292 1504 1058 772 565 496 371 270 307 208 155 140 129 117 102 68 83 72 81 62 48 32 20 13 17 27 41 33 51 36 25 13 11 11 4 4 5 10 5 2 3 1 2 2 1 0 1 1 2 0 1 0 0 0 0 0 1 2 2
1587 4940 5454 3595 2294 1479 1062 833 563 417 376 288 265 216 152 129 191 168 122 90 70 77 88 89 82 82 43 30 20 16 46 48 19 18 8 2 10 3 4 6 3 4 3 0 1 3 0 0 1 0 1 0 1 0 0 0 0 0 0 1 1
1649 5047 5472 3620 2340 1444 1020 760 599 481 358 299 272 188 179 184 170 132 81 76 96 83 90 75 30 40 21 20 22 28 35 20 10 13 5 10 2 2 2 3 7 3 0 2 3 2 0 1 1 0 1 1 0 1 0 0 1
1637 5057 5408 3671 2275 1463 1019 752 581 420 408 340 225 262 220 165 105 147 107 106 74 48 33 44 87 69 75 43 33 23 19 9 9 11 9 9 5 2 6 4 3 2 2 2 2 1 0 4 1 2 0 1 0 0 0 0 0 0 1
1567 4969 5378 3605 2229 1468 1009 721 582 508 352 314 268 217 191 174 201 138 126 122 64 83 106 114 79 75 45 27 20 14 11 8 10 9 12 57 46 20 15 17 9 5 3 1 3 2 0 0 0 2 2 0 1 0 0 0 0 0 1 1
1637 5160 5393 3580 2271 1480 1109 750 614 488 369 327 259 225 202 155 124 89 92 50 54 54 43 77 60 54 28 34 20 23 7 7 8 35 35 26 19 2 6 4 4 3 2 2 4 1 2 4 0 0 2 1 0 1 0 1 1 1 1 0 1
1629 4974 5357 3665 2277 1471 1071 733 570 481 284 319 293 212 179 179 120 86 108 78 79 107 82 60 71 77 57 33 22 32 47 27 22 11 19 51 36 15 19 7 8 3 6 3 0 3 1 0 2 0 0 1 2 2 2 1 3 2 1 0 0 0 0 0 0 0 0 0 0 0 0 0 0 0 0 0 0 0 0 0 0 0 1
1572 4931 5418 3587 2291 1547 1030 740 571 445 312 265 237 229 193 146 114 118 106 98 104 94 82 111 88 65 77 45 37 59 35 27 20 36 52 21 14 9 14 13 2 5 7 3 7 5 1 4 2 1 1 1 1 1 0 3 0 1 0 0 0 1 0 0 0 0 0 0 0 0 1 1
1611 5218 5503 3474 2217 1494 1026 754 624 469 393 300 244 170 180 201 172 127 97 79 87 86 73 43 34 25 18 14 39 43 46 36 25 19 11 9 7 3 5 3 5 2 2 0 1 1 1 1 0 1 1 0 1 0 1 0 2 0 1 0 1 0 1
1626 5071 5376 3511 2287 1509 1062 855 620 517 349 281 233 198 216 194 168 102 138 97 76 91 65 36 17 42 76 55 26 24 11 15 15 5 7 4 6 2 3 1 3 3 2 0 2 0 0 1 0 1 1 0 0 0 0 0 0 0 0 1
1580 5149 5422 3621 2227 1528 1034 695 572 473 265 253 243 200 159 165 132 96 128 97 69 91 102 104 90 86 81 39 40 19 11 12 14 6 18 51 26 20 20 6 8 15 4 6 4 1 4 1 2 2 0 0 1 1 1 1 0 2 1 1 1 0 0 0 0 0 0 0 0 1
1662 4940 5509 3645 2223 1491 1027 757 579 465 338 248 316 214 152 144 172 164 133 76 74 63 95 83 84 55 39 26 18 57 50 12 17 14 11 6 8 3 3 6 3 3 0 3 2 2 0 0 4 0 0 1 2 0 0 1 1
1732 5177 5562 3594 2319 1500 1069 731 592 415 407 235 214 208 213 154 109 107 100 111 105 76 55 36 38 37 24 13 8 12 7 6 8 5 2 2 6 2 1 1 5 1 0 0 0 0 0 0 1 1
1760 5258 5576 3590 2259 1512 970 762 612 448 319 274 197 206 141 105 105 135 149 85 70 57 29 26 90 79 59 34 24 11 9 7 13 4 3 4 1 3 4 3 2 2 1 0 0 0 0 2 0 1
1652 5018 5627 3585 2276 1533 1017 749 585 474 383 281 224 168 193 137 161 125 87 93 95 73 61 54 59 55 41 44 31 24 26 14 11 5 11 4 3 4 2 1 3 2 0 3 1 1 0 2 0 1 1 1
1562 5105 5387 3598 2327 1500 1032 717 590 458 385 284 232 179 149 171 176 170 109 122 81 74 92 101 96 77 71 39 19 20 14 13 6 5 11 3 3 4 6 2 2 2 3 1 2 0 0 0 1
1685 5118 5573 3487 2207 1432 1083 816 570 504 416 344 284 213 184 165 139 112 108 97 75 72 50 36 46 41 34 23 11 10 11 10 11 5 3 1 6 4 3 4 1 2 1 2 0 0 1 0 0 1
1640 5003 5461 3569 2249 1507 1102 759 641 448 399 305 268 227 189 134 133 109 109 101 80 77 83 51 37 28 15 37 36 20 36 47 16 29 15 3 6 5 4 4 4 1 1 2 1 3 0 1 0 0 0 3 1 0 0 0 0 0 1 0 1
1634 4994 5428 3745 2229 1473 1020 828 599 416 388 250 216 196 150 107 96 121 135 86 44 35 73 51 98 119 99 58 35 18 15 14 12 8 49 50 21 16 18 10 4 3 9 4 5 3 2 4 1 1 2 0 0 1 1 2 0 2 2 0 0 1
1634 5188 5318 3628 2323 1499 1093 731 575 415 403 289 222 275 159 126 106 134 145 136 89 68 71 62 68 75 36 26 23 17 7 14 7 10 4 3 2 3 1 2 3 6 1 1 1 0 1 0 0 0 0 0 0 1
1566 4983 5285 3595 2226 1505 1110 775 656 505 382 318 267 218 190 180 126 92 101 122 119 102 69 67 62 45 52 48 38 52 37 27 10 13 9 7 11 6 3 2 2 1 2 2 1 2 2 0 2 0 1 1 0 3 0 0 0 0 1
1595 5050 5428 3686 2261 1551 1090 807 550 448 372 269 285 233 179 129 132 155 94 92 59 58 68 99 102 57 34 23 21 18 10 3 5 5 6 4 5 0 1 3 0 1 2 2 4 1 0 1 0 0 0 1 0 1 1
1729 5162 5483 3631 2289 1529 1087 766 544 416 374 297 257 237 226 141 139 132 117 107 115 54 30 28 16 20 5 7 21 8 7 8 7 2 5 1 1 0 1 1 0 0 0 0 0 0 1
1613 5126 5529 3618 2209 1449 1051 721 592 432 360 349 269 188 244 182 148 130 135 101 96 73 46 51 50 27 36 47 27 19 15 9 11 4 5 7 6 6 1 3 2 4 2 4 0 1 0 0 0 1 2
1577 4982 5369 3602 2227 1547 1118 770 625 493 379 333 281 202 188 146 186 121 97 101 72 75 75 48 31 39 45 33 26 6 22 50 37 18 21 15 11 5 8 4 0 2 0 1 0 3 1 2 1 2 1 1 0 0 0 0 1 0 0 0 0 0 0 1
1657 5213 5466 3598 2268 1539 988 777 588 445 413 294 274 227 175 171 145 157 79 83 51 59 66 59 59 37 19 24 8 17 10 8 10 5 0 4 3 1 3 0 0 1
1759 5084 5565 3727 2330 1501 1024 828 592 426 363 243 235 206 196 135 158 166 137 90 66 35 23 22 23 8 9 6 5 8 7 5 6 4 4 1 0 1 1 1 0 1
1598 5181 5419 3562 2220 1555 1003 757 599 498 376 340 320 232 189 142 113 105 83 53 84 99 115 51 39 23 18 18 17 14 28 41 28 22 10 9 6 6 2 5 7 4 2 0 0 0 1 1 2 1 0 1 0 0 0 1 1
1631 5023 5355 3672 2298 1484 1018 764 579 491 341 269 247 215 153 155 117 103 108 77 96 66 71 75 49 49 45 46 76 48 40 55 42 27 28 11 10 9 5 7 4 5 6 1 5 2 1 0 1 3 2 1 1 2 3 1 3 1 0 2 0 0 0 0 0 2
1654 5129 5401 3550 2249 1457 1040 643 613 442 330 300 270 223 220 171 132 122 138 169 140 101 51 50 31 55 44 32 16 7 10 8 8 10 7 34 44 37 28 7 6 2 4 1 1 1 1 0 0 0 2 2 2 2 2 2
1686 5137 5501 3560 2270 1513 1000 753 567 464 372 315 253 185 179 160 158 138 129 88 105 80 37 24 27 14 15 6 55 59 48 36 19 5 9 6 4 2 6 2 3 1 3 1 3 1 0 1 0 0 0 0 0 0 0 1
1651 5031 5531 3565 2229 1431 1076 755 567 463 418 338 299 242 198 186 146 121 109 82 60 80 56 38 16 14 19 8 10 39 73 36 30 21 6 9 6 3 5 3 4 6 2 8 3 2 4 0 0 0 0 0 0 0 0 1 0 1
1631 4984 5612 3550 2253 1522 1021 733 606 523 359 338 272 225 175 161 131 106 89 100 86 87 93 67 40 18 15 55 35 24 19 13 5 13 9 5 4 5 3 5 2 1 1 0 2 1 0 0 0 0 1 1
1575 5109 5459 3543 2192 1432 1022 779 582 461 378 317 261 244 183 154 124 94 70 118 120 90 94 64 45 47 24 54 57 55 58 43 22 26 20 15 14 9 8 14 3 3 4 0 3 4 1 3 1 0 0 2 0 0 1
1548 5007 5564 3536 2263 1509 1050 784 565 466 450 340 228 225 188 174 111 89 123 85 77 100 62 70 47 26 51 34 25 15 5 9 16 34 42 17 19 7 3 8 7 3 3 1 2 1 3 0 1 1 0 1 2 2 0 0 0 0 0 0 0 0 1 0 0 0 1
1707 5125 5516 3574 2232 1469 1098 802 551 454 366 274 236 242 179 147 87 103 125 122 108 52 40 33 80 45 42 29 43 34 22 13 11 6 4 6 4 0 3 2 4 2 0 1 0 3 1 0 1 1 2
1665 5117 5426 3639 2262 1417 1031 760 622 460 390 301 224 199 171 162 113 103 60 81 98 97 82 60 41 21 13 14 28 38 54 31 63 41 20 26 9 5 5 9 5 8 6 1 2 4 7 1 1 0 1 0 1 1 0 0 0 1 2 1 1
1613 5008 5444 3559 2298 1574 1061 789 626 464 389 301 251 223 192 131 156 128 111 86 41 56 72 89 72 70 49 35 20 16 12 13 16 3 4 3 3 1 3 1 0 2 4 5 2 4 0 0 0 0 1
1683 5129 5588 3598 2248 1465 1008 740 567 466 359 313 270 245 160 164 149 118 95 98 81 82 83 70 61 41 34 12 10 15 7 4 4 2 8 4 2 4 1 1 3 1 2 1 1 0 1 1 0 0 1 0 0 0 0 0 0 0 0 1
1521 5027 5457 3562 2166 1575 1014 826 576 454 438 330 276 227 233 212 121 115 117 139 94 74 63 33 36 48 27 22 10 16 9 12 2 1 6 26 45 31 15 10 9 4 4 0 2 2 1 1 0 3 0 2 2 2 1 0 1 0 0 0 0 0 0 1
1581 5050 5407 3597 2242 1513 985 795 585 457 388 316 291 258 131 119 183 174 146 75 49 67 48 40 62 72 75 51 27 30 45 37 23 19 10 10 7 1 7 2 8 1 4 2 3 3 1 0 0 0 0 1 1 1 0 0 0 0 0 0 0 0 0 1
1623 4974 5404 3644 2277 1449 984 781 636 459 404 324 265 267 228 202 143 105 114 86 89 60 43 24 24 66 65 35 50 50 32 24 11 10 5 9 2 8 8 1 2 3 3 1 1 0 0 0 2 1 0 0 1 1 0 0 0 0 0 1
1603 5226 5495 3409 2217 1418 1105 777 613 421 375 298 205 194 179 178 181 147 123 91 97 84 66 75 64 93 89 34 32 19 19 10 12 6 9 2 5 6 4 1 7 2 2 1 1 0 3 0 0 1 0 0 1 0 1
1674 4980 5462 3566 2285 1569 1023 750 568 461 316 255 309 243 139 142 134 131 116 83 49 104 89 53 62 83 55 39 32 46 44 32 15 23 11 14 7 4 6 2 4 3 0 1 3 0 1 2 1 4 2 0 1 1 0 1 0 0 0 0 1
1636 5128 5434 3648 2178 1399 1063 770 610 456 328 287 277 220 203 154 160 108 97 75 91 96 102 77 48 43 51 40 30 16 18 46 35 11 14 15 5 6 5 1 0 1 2 2 2 4 1 0 1 1 0 0 1 0 1 3 0 1
1562 5045 5499 3609 2210 1556 1020 765 546 456 318 352 237 178 193 159 179 112 82 69 61 64 84 74 51 35 52 32 23 18 47 49 32 20 15 8 9 3 0 4 2 3 1 34 39 32 16 8 7 3 3 1 4 2 1 2 2 3 0 1 0 0 1 2 2 0 0 0 0 1 0 1 1 0 0 0 0 0 0 0 0 0 0 0 0 0 0 0 1
1607 4998 5489 3556 2276 1504 1019 716 619 460 353 338 269 174 200 234 122 104 67 103 146 151 71 44 29 18 22 17 64 71 36 24 19 16 8 4 7 5 11 1 5 4 2 1 1 2 7 1 1 0 1 0 1 0 1 1 0 0 1
1584 4966 5508 3586 2354 1441 1026 743 542 439 349 263 260 184 155 171 121 164 129 78 106 73 63 89 107 58 46 24 15 16 8 34 26 22 12 9 7 6 7 3 3 2 2 1 14 56 32 24 26 10 6 6 4 2 3 1 2 1 0 0 1 1 0 3 2 1 1 0 0 0 0 1 0 0 0 0 0 0 0 1 0 0 0 0 1
1642 5091 5372 3643 2283 1432 1126 766 571 493 321 311 249 185 152 152 155 135 117 92 77 80 99 62 68 66 52 40 35 31 17 16 10 8 12 9 7 3 2 2 1 2 1 0 1 5 4 1 0 0 0 1 0 0 1
1628 4967 5532 3607 2291 1467 1033 814 604 479 365 297 254 195 178 190 154 114 102 87 102 74 59 55 32 24 16 24 57 57 30 27 10 9 15 6 16 3 4 3 3 5 3 1 3 2 0 0 0 0 0 2 0 0 0 0 0 1
1636 5016 5450 3532 2311 1597 1028 770 606 448 365 287 256 214 161 142 110 134 111 82 96 102 107 75 57 37 30 31 14 14 10 50 34 21 15 6 12 4 6 2 3 2 1 0 1 0 2 4 0 2 1 1 1 2 0 0 2
1572 4972 5386 3454 2346 1484 1050 786 603 409 331 288 228 223 208 102 108 127 189 137 80 76 71 42 56 78 127 95 63 44 51 49 49 25 14 13 10 12 7 7 3 3 3 1 2 2 0 1 0 4 2 2 1 1 0 1 1 0 1 0 0 0 0 0 0 0 1
1573 4967 5396 3455 2334 1474 1098 790 552 477 353 307 288 229 210 196 192 136 95 114 75 83 93 123 69 55 51 47 43 19 16 10 11 9 8 5 4 4 5 6 1 2 4 2 5 3 4 2 3 2 0 0 0 0 0 0 0 1
1580 5223 5465 3631 2261 1424 1018 755 603 436 320 294 231 250 145 108 128 89 96 122 113 44 59 77 47 40 43 53 51 45 34 21 50 35 26 17 15 10 7 5 8 3 5 2 1 1 1 1 1 0 1 2 0 0 2 0 0 0 0 0 1 0 0 0 0 0 0 0 0 0 0 1
1639 5119 5525 3546 2218 1467 1113 737 596 472 356 291 254 195 194 164 154 141 98 84 88 129 97 71 56 50 35 26 12 20 9 5 6 5 7 3 1 3 4 1 1 3 1 2 1 0 0 1 1
1636 5041 5577 3527 2331 1575 1045 753 571 483 391 266 224 261 239 150 126 79 134 101 82 55 52 45 44 49 53 24 14 15 10 10 7 3 4 1 3 5 4 3 4 2 0 1 1
1638 4983 5494 3673 2272 1598 1059 735 577 425 398 287 195 188 239 157 138 98 109 118 71 67 53 29 31 65 81 60 43 22 13 17 10 7 9 1 6 8 4 4 1 0 1 2 2 1 2 2 3 1 2 0 0 1 0 0 0 0 0 0 0 1
1606 5079 5402 3543 2169 1464 1079 792 608 489 413 318 320 276 166 172 154 154 141 85 62 63 56 54 57 58 54 37 20 26 13 10 11 13 8 2 8 2 4 1 1 3 0 1 2 1 0 1 1 1 0 0 1
1609 5007 5363 3588 2352 1522 1038 779 628 458 367 329 292 190 204 201 160 148 84 67 65 101 66 84 69 63 37 30 19 13 8 10 9 7 11 4 3 3 6 1 1 0 1 3 0 1
1606 5057 5490 3531 2333 1454 1081 771 564 478 348 279 254 183 124 172 189 151 98 82 70 86 84 96 50 23 25 45 43 59 46 27 18 17 15 6 11 7 1 3 5 2 1 3 2 1 1 1 0 3 1 0 0 0 1 1 0 1 0 0 0 0 0 0 0 0 0 0 0 0 0 0 0 0 0 0 0 0 0 1
1638 5065 5522 3641 2246 1462 1049 884 539 442 369 324 272 217 161 155 169 112 85 66 80 79 125 74 60 34 24 14 15 11 9 6 9 7 4 6 5 1 4 3 2 5 1 2 1 1 0 0 0 0 1
1709 5054 5521 3693 2341 1527 1049 750 591 432 337 297 218 196 170 151 122 92 86 90 106 112 73 58 56 42 32 22 13 12 8 9 5 6 9 2 2 1 0 3 1 1 1 1
1579 5054 5506 3553 2263 1521 1047 759 573 447 366 291 305 215 177 129 97 95 113 85 81 71 61 29 42 94 87 88 38 35 56 36 15 22 15 15 4 8 8 2 6 3 1 1 1 0 0 0 1 1 0 1 1 1 2
1593 5030 5279 3627 2357 1502 1003 796 603 482 391 351 254 202 191 182 135 116 97 93 94 97 51 31 44 66 35 61 52 51 36 17 14 12 10 8 3 6 3 4 7 5 3 1 0 1 2 2 0 0 0 0 1
1582 5140 5401 3457 2322 1464 1002 782 595 466 394 324 249 262 187 143 103 113 115 117 113 78 62 47 48 48 37 37 89 53 31 37 31 15 10 8 5 8 3 1 5 1 3 2 1 2 0 1 1 0 2 1 0 0 1 1 0 0 1
1634 5114 5515 3590 2202 1463 1020 817 602 530 389 288 321 256 211 159 111 110 102 122 96 65 46 48 51 30 16 19 13 13 4 7 4 7 3 2 6 1 4 2 0 1 2 2 2 0 0 0 0 0 0 0 1
1622 5024 5333 3591 2191 1463 1068 809 602 455 355 314 268 222 161 152 157 115 120 104 75 113 118 76 63 52 50 52 30 16 58 43 39 18 16 3 9 8 6 3 6 2 1 2 4 2 1 0 2 2 2 0 1 1 1
1613 5010 5418 3575 2311 1594 1090 768 617 479 386 338 283 212 205 191 149 108 79 68 76 73 75 77 48 31 27 14 17 7 11 9 10 4 4 5 1 2 0 2 2 2 3 2 0 1 0 2 0 0 0 1 0 0 0 0 0 0 0 0 0 0 0 1
1687 5025 5567 3680 2213 1495 997 798 590 431 333 317 262 209 178 157 124 116 85 73 113 84 115 62 44 28 31 14 30 38 23 23 16 8 4 4 5 2 5 5 2 2 1 2 0 1 0 0 1 0 0 0 0 0 0 1
1611 5199 5540 3556 2149 1449 1024 776 573 474 364 277 251 238 164 152 120 107 145 114 109 81 73 58 33 36 50 53 59 43 19 23 20 10 10 5 5 8 6 2 2 3 4 1 0 1 3 0 0 0 0 0 1
1641 5053 5604 3671 2256 1512 996 771 566 422 322 266 255 182 162 182 154 123 88 58 97 89 72 54 74 57 36 29 31 46 37 15 12 12 12 12 6 3 6 2 1 2 0 0 2 2 3 1 1 2 1
1648 5209 5446 3621 2262 1492 1048 749 597 500 354 291 244 204 185 158 121 109 96 103 97 104 76 43 28 23 13 45 39 14 17 8 10 4 6 5 6 2 3 8 3 1 0 3 4 0 0 2
1669 4795 5529 3626 2370 1487 1044 769 589 447 389 301 311 205 173 147 211 191 119 79 59 54 61 49 97 56 41 25 21 12 13 10 6 10 7 5 4 4 3 4 3 1 1 1 0 2 0 0 0 0 0 0 0 0 1
1553 5090 5399 3612 2215 1492 1050 797 590 464 373 344 253 214 196 164 142 134 111 133 118 89 67 54 35 22 60 66 46 30 16 19 8 10 7 4 4 4 1 3 2 1 1 1 0 1 1 1 2 1 0 1
1610 5083 5428 3518 2330 1490 1067 792 575 428 352 329 267 197 209 177 148 97 69 68 111 85 86 72 63 33 49 39 23 53 37 26 20 7 11 10 8 4 4 2 6 4 2 0 2 1 1 2 2 0 0 2 1 1
1628 4946 5477 3573 2320 1490 1014 760 564 492 448 278 233 249 261 152 134 110 142 109 73 47 30 37 91 67 39 14 16 12 13 13 5 7 15 39 29 11 7 10 11 5 5 2 4 2 3 4 5 0 0 1 0 0 0 0 2 1 0 0 1
1704 4929 5474 3713 2356 1459 1078 835 564 436 313 251 226 256 143 136 144 121 106 52 32 77 84 86 61 37 18 20 8 10 34 41 38 40 31 21 13 15 5 6 3 3 4 2 4 4 1 0 0 1 1 1 1 2 0 0 0 0 0 0 0 1
1649 4979 5326 3541 2221 1607 1110 843 565 422 387 297 205 201 210 160 106 126 166 110 100 67 54 35 37 85 88 47 72 45 31 20 15 16 13 6 7 7 2 4 3 3 2 3 2 1 0 1 0 0 1 1 0 0 0 0 2
1624 5096 5560 3471 2315 1506 995 775 596 452 378 287 248 235 227 161 142 142 110 100 87 82 59 36 47 39 30 21 15 20 44 17 21 13 10 6 3 6 7 2 3 4 2 1 0 0 1 1 1 0 1 1 0 0 0 0 0 1
1555 5060 5373 3565 2309 1487 1061 708 581 445 328 312 301 252 233 137 154 142 90 108 124 90 54 82 66 35 32 80 70 32 27 24 22 11 11 7 5 8 3 4 3 1 2 0 2 0 0 0 1 2 0 0 1 0 1
1669 5103 5311 3671 2294 1506 1073 768 602 453 368 305 232 178 156 163 167 128 108 79 73 52 59 63 70 69 65 55 46 28 15 16 8 6 9 3 2 2 2 4 1 1 1 1 0 4 3 1 2 3 0 0 0 0 0 0 1 0 1 0 1
1603 4973 5439 3599 2257 1546 1069 829 650 430 364 326 246 189 195 161 142 161 141 84 46 40 50 39 37 75 50 41 22 13 17 18 39 25 16 13 12 7 6 4 6 2 2 1 1 4 0 1 2 1 2 1 0 0 0 2 0 0 0 1 1
1663 5119 5421 3491 2232 1489 965 739 617 489 381 276 205 221 150 132 185 177 133 83 49 44 51 114 125 90 65 37 30 19 22 11 20 39 37 14 14 8 7 6 5 6 2 4 2 2 1 1 0 1 1 0 0 0 1 5
1643 5179 5415 3536 2290 1527 993 761 601 515 357 282 290 251 196 152 139 123 110 111 81 45 46 75 55 33 12 17 56 21 26 15 1 9 5 6 2 3 4 7 2 0 0 1 5 1 0 0 0 0 1 0 0 0 0 0 0 0 0 0 0 0 0 0 0 0 1
1685 5093 5400 3668 2178 1571 1084 798 545 501 300 307 258 191 152 170 119 107 86 69 107 135 62 43 29 27 11 47 69 55 27 20 17 13 11 7 4 4 3 6 4 0 2 2 1 3 3 4 0 0 0 0 1 0 0 0 1 0 0 0 0 0 0 0 0 0 0 0 0 0 1
1662 5035 5561 3594 2245 1515 1016 823 527 458 336 252 241 237 183 157 137 124 104 115 39 67 92 110 74 51 32 62 30 29 15 10 12 13 9 3 2 5 5 3 0 2 2 4 1 0 0 1 1 0 3 1 0 0 0 0 0 0 0 0 1
1628 5010 5349 3678 2232 1526 1080 737 594 515 413 324 282 223 198 154 141 129 83 126 94 77 61 76 52 51 44 37 23 12 2 10 10 4 3 1 5 2 1 2 0 2 2 2 1 0 2 0 0 1 0 0 1 1
1659 5120 5372 3601 2347 1406 1018 720 610 402 340 297 222 202 197 142 108 100 136 148 88 54 36 22 47 99 110 111 86 41 39 25 14 15 13 12 9 6 3 3 2 2 2 1 2 0 0 0 4 0 0 1 0 3 2 0 0 0 1 1
1604 5047 5382 3543 2252 1534 1051 747 596 491 354 303 322 212 140 172 207 192 108 95 71 62 66 94 53 53 52 57 35 20 16 12 12 7 15 5 4 4 3 2 1 1 1 0 1 0 2
1653 5120 5501 3464 2302 1531 1076 759 657 444 378 353 249 196 170 144 104 85 114 111 96 63 51 54 34 27 49 50 48 28 12 11 12 10 8 11 4 4 6 4 0 1 0 0 1 0 2 0 0 0 0 0 1 1 0 1 0 1
1703 5116 5436 3580 2285 1558 1004 720 527 412 329 292 234 216 139 124 135 120 103 80 54 64 57 49 90 71 74 57 35 23 43 25 30 17 47 48 21 19 17 7 6 6 4 5 5 1 1 1 0 2 2 0 0 1 0 1 1 0 1 0 1 1 0 0 0 1
1592 5103 5341 3538 2313 1501 1016 776 611 470 344 323 283 217 166 206 173 135 108 75 125 95 82 48 30 27 20 13 49 59 39 35 23 18 12 1 2 6 7 4 0 3 1 2 1 3 0 1 2 0 1 0 0 0 0 0 1
1574 5116 5356 3608 2262 1542 1013 801 595 472 374 260 269 259 150 132 139 149 136 156 101 70 89 63 45 30 21 19 13 4 8 44 31 26 12 12 11 10 5 5 3 4 0 0 0 1 1 2 3 2 2 0 1
1589 5042 5546 3577 2247 1413 1015 731 584 464 348 309 270 168 193 177 150 113 150 137 92 61 51 47 33 50 92 80 81 56 30 18 9 12 13 13 4 6 4 2 6 1 8 2 1 0 1 0 1 0 0 2 1 0 0 0 0 0 0 0 0 0 0 0 0 0 0 0 0 0 0 0 0 0 0 1
1577 5012 5472 3607 2211 1513 1022 789 583 464 415 308 234 196 205 211 151 131 121 88 99 109 73 48 46 54 39 19 20 20 40 30 16 18 8 8 8 5 6 5 2 3 0 3 2 3 0 0 1 0 3 1 0 0 0 1 0 0 0 1
1681 5231 5454 3548 2327 1469 1016 753 556 440 365 303 276 239 218 182 121 120 101 59 80 65 36 36 40 48 36 20 46 44 22 14 4 5 11 1 5 5 2 7 4 3 2 1 1 1 0 0 0 0 0 1 1 1
1600 5093 5456 3588 2214 1508 1064 781 606 473 369 316 273 200 217 153 126 91 54 66 108 99 89 96 54 32 24 21 20 15 13 14 43 30 22 18 7 10 7 1 7 5 5 3 4 1 0 0 0 2 3
1604 5056 5432 3590 2297 1500 989 787 582 454 394 347 276 233 171 191 150 147 106 62 72 96 70 50 53 43 36 25 24 49 32 17 8 10 6 6 5 3 4 6 1 1 1 2 3 2 1 2 2 0 0 1 0 1 0 0 0 0 0 1
1589 4928 5433 3596 2263 1494 1063 830 528 455 348 281 274 192 174 152 189 194 94 104 114 136 88 55 53 30 14 15 8 39 65 73 35 29 17 14 7 1 3 0 2 0 1 1 5 3 2 0 0 3 0 1 0 1 0 0 0 0 1 0 2 0 1 1
1686 5054 5581 3654 2361 1451 1039 727 529 472 331 304 270 247 227 162 127 91 79 101 98 82 61 41 31 23 30 46 25 20 7 8 7 6 6 3 3 1 1 2 0 1 0 1 0 3 0 0 1 0 0 1
1618 5006 5454 3526 2379 1531 1051 812 595 487 348 333 265 275 214 139 164 127 116 104 82 72 66 55 39 25 22 21 17 9 11 3 7 4 6 8 3 1 2 2 1 1
1640 5109 5456 3626 2239 1430 1035 731 576 447 357 315 284 198 171 140 110 107 111 128 90 100 74 73 36 58 77 39 29 37 36 28 29 18 6 13 4 6 5 8 1 4 0 4 5 0 2 0 2 2 1 2 0 1 0 1
1714 5239 5438 3677 2289 1556 1048 768 580 416 345 309 209 189 170 156 99 74 99 81 118 59 34 30 24 25 52 25 37 43 19 19 10 6 4 7 7 5 1 7 2 0 2 1 0 2 3 1 1 0 0 0 0 1
1602 4966 5472 3584 2314 1488 1044 818 571 460 388 304 228 191 217 199 118 63 109 74 130 136 73 49 36 50 69 30 27 50 40 20 19 13 8 3 2 5 2 7 1 3 1 1 2 5 1 3 0 0 0 0 0 1 0 0 1 1 0 0 0 0 0 0 0 0 1 0 0 0 0 0 0 0 0 1
1582 5021 5520 3619 2282 1490 1057 755 563 443 369 299 282 206 208 147 150 117 98 107 105 58 42 31 23 14 58 69 42 31 15 15 4 5 2 3 4 18 45 32 23 15 6 5 3 3 5 2 0 1 0 2 3 2
1652 5196 5431 3543 2219 1499 1023 802 585 417 365 275 241 203 176 208 120 96 62 90 54 104 85 44 32 51 55 34 18 23 47 21 20 11 16 6 30 40 25 13 16 11 11 6 2 0 1 4 3 2 1 2 2 0 0 2 2 0 1 0 0 1 0 0 0 1 1
1625 4999 5443 3488 2419 1447 1044 731 551 472 389 305 297 180 138 138 154 157 133 94 69 27 83 101 112 89 48 28 25 16 18 13 3 3 2 44 23 26 18 7 11 3 2 2 1 3 6 2 0 2 2 0 0 0 0 0 1 4 1 0 0 0 0 0 1 0 0 0 0 1
1660 4991 5432 3666 2251 1490 1100 759 600 490 363 330 232 218 233 196 167 95 88 104 71 77 48 24 23 12 27 36 28 24 47 32 24 7 11 9 9 2 6 1 5 1 1 3 1 3 1 1 0 0 0 0 0 1 0 0 0 1
1633 5211 5508 3582 2291 1449 1023 766 532 480 390 245 199 207 220 177 108 73 113 127 130 71 59 51 45 26 26 39 63 43 18 25 7 9 11 13 7 4 3 6 2 1 1 2 0 1 1 0 0 1 1 0 0 0 0 0 0 0 0 0 0 0 0 0 0 0 0 0 0 0 0 0 0 1
1627 5106 5327 3629 2305 1469 1036 779 621 464 378 326 255 251 180 141 169 163 105 81 69 69 64 62 92 69 38 32 14 12 9 12 4 4 5 4 8 5 2 2 2 4 2 0 0 0 3 1 0 1
1663 5054 5453 3597 2316 1470 1035 829 605 497 393 269 237 249 160 102 123 125 130 94 82 38 44 64 53 63 85 34 24 26 17 15 8 5 2 5 1 4 5 6 3 1 0 3 1 2 3 0 3 0 1 0 1 1
1729 5235 5588 3680 2219 1466 1040 751 590 397 315 293 226 216 158 156 140 116 115 104 93 76 63 40 32 40 31 26 13 7 12 5 4 3 2 2 3 2 7 0 0 0 2 2 0 2
1640 5184 5472 3609 2188 1453 1021 811 553 414 432 325 197 191 184 202 106 116 106 60 90 104 76 74 71 95 69 34 22 13 10 15 14 9 3 3 5 3 6 2 3 1 5 0 2 1 2 0 2 0 1 0 0 0 0 1 1
1589 5139 5424 3555 2266 1466 1065 715 602 447 383 310 219 201 190 154 155 160 106 133 138 79 83 73 64 81 55 35 20 19 14 7 7 7 4 7 3 5 5 3 2 2 2 3 0 0 0 2 0 0 1 1
1498 4989 5383 3617 2201 1446 971 738 579 487 380 321 282 276 213 131 179 170 167 140 88 77 74 105 67 60 93 65 44 43 23 22 11 12 1 2 3 6 5 4 2 3 6 3 4 1 2 1 2 0 0 0 0 1 0 1 1 0 0 0 0 1
1633 5009 5537 3582 2283 1486 1036 735 597 486 373 316 285 190 134 160 185 181 103 69 79 112 94 72 79 44 38 19 17 15 10 11 6 5 0 2 1 2 3 4 2 1 1 2 0 0 0 0 0 0 0 0 0 0 0 0 1 1
1631 5012 5443 3626 2332 1555 1097 792 570 477 339 277 207 217 212 150 107 91 94 101 120 91 80 50 50 44 45 60 38 21 12 10 8 8 4 7 5 5 3 3 1 0 1 0 1 2 0 0 0 0 2
1665 5055 5481 3631 2259 1464 1062 696 617 446 315 287 226 196 143 182 151 153 124 89 105 91 69 64 56 73 60 42 55 34 29 18 8 9 5 11 3 4 5 3 2 3 2 0 0 0 0 2 3 1 2
1627 5153 5435 3655 2388 1486 1010 751 533 457 369 304 232 178 207 206 132 97 73 74 108 154 97 69 52 30 28 24 17 11 8 2 4 3 4 4 2 3 0 4 3 3 1 0 0 1 0 0 0 1 1
1640 5106 5553 3511 2384 1439 994 779 572 448 375 322 248 163 184 186 150 105 92 72 84 69 50 42 27 47 22 29 68 81 29 32 24 11 8 9 10 9 7 4 4 2 0 1 4 1 1 0 0 1 0 0 0 0 0 1 0 0 0 1
1532 5144 5384 3538 2226 1536 1083 696 603 479 377 327 300 196 213 164 157 134 123 126 123 91 76 75 45 34 38 29 40 21 15 9 11 10 9 4 6 2 6 7 1 2 3 1 1 1 1 1 1
1608 5139 5442 3524 2204 1427 1030 753 612 467 352 250 227 185 188 152 134 97 112 151 118 97 98 86 65 35 68 78 54 69 42 26 20 16 13 11 2 5 8 2 4 2 3 1 3 3 2 4 4 0 1 2 0 2 2 0 1
1712 5036 5588 3708 2303 1446 1024 772 541 398 330 256 256 173 143 164 128 117 90 77 50 88 133 72 79 51 40 13 17 17 33 40 28 16 13 11 4 3 6 4 6 6 0 1 1 1 1 0 1 0 0 0 0 1 2 0 0 0 0 0 0 0 0 0 0 0 1
1645 5018 5555 3550 2259 1508 1044 747 534 490 333 320 286 167 179 184 161 150 68 102 108 85 40 31 29 18 7 45 97 62 48 37 23 12 10 8 6 3 3 2 5 7 2 3 1 4 0 0 0 0 0 0 0 1 0 1 2 0 0 1
1614 5047 5467 3672 2342 1488 1067 770 559 459 365 278 258 175 127 182 156 130 105 96 88 96 83 73 38 32 27 23 44 23 35 14 10 7 9 10 6 2 7 1 3 2 1 0 4 0 0 3 1 1 0 0 0 0 0 1
1529 5019 5448 3616 2240 1406 970 772 640 445 366 263 291 241 187 148 201 140 101 85 109 81 107 69 82 58 30 22 21 38 40 55 50 34 19 12 20 8 7 5 3 3 1 0 0 3 1 2 2 0 2 2 2 2 2 0 0 0 0 0 0 0 0 0 0 1
1659 5197 5367 3677 2223 1481 973 774 508 420 349 272 243 254 192 143 144 130 96 115 107 63 72 70 50 49 38 41 40 25 18 24 52 40 23 17 15 7 2 3 6 4 4 4 3 0 0 2 2 1 2
1601 4918 5442 3611 2236 1493 1085 748 589 487 361 274 292 250 149 132 106 156 108 91 68 64 43 90 128 67 39 28 24 57 35 23 21 49 44 27 7 9 8 4 6 4 8 5 3 3 1 1 0 0 1 1 0 0 2 0 0 1 0 0 0 0 0 0 0 0 0 0 0 0 0 0 1
