> n=1000 m=5 05/06/2021 16:03:51
117 169 204 237 269 292 308 327 344 361 379 393 406 433 454 473 480 490 523
> n=1000 m=5 05/06/2021 16:03:55
139 168 202 241 273 294 309 327 334 352 375 396 412 431 459 482 499 511 523
121 156 187 219 240 281 314 338 360 382 403 423 436 450 474 503 529 545 559
104 136 161 202 232 260 282 309 336 363 374 384 416 438 463 484 500 514 522
119 149 178 197 222 237 262 283 299 315 329 349 369 379 394 402 414 422 429
88 121 139 162 199 233 246 271 303 318 341 352 374 384 391 412 421 441 456
92 135 163 201 214 247 270 292 309 320 340 362 373 384 397 417 439 454 475
77 103 122 136 152 164 177 198 216 233 253 268 288 314 327 339 352 360 371
88 108 123 139 154 158 176 189 199 210 225 247 255 261 273 280 287 305 311
113 156 181 202 221 252 280 307 332 347 360 373 396 411 426 456 466 486 517
91 110 122 150 173 195 213 234 248 260 275 286 295 300 331 350 361 376 390
> n=1000 m=5 05/06/2021 16:04:11
120 158 179 214 249 280 302 331 360 401 430 451 472 495 525 541 564 590 615
> n=1000 m=5 05/06/2021 16:17:47
85 117 139 162 177 203 220 232 249 265 290 307 325 333 344 358 375 387 396
94 136 162 181 209 236 253 274 289 318 333 348 368 382 393 409 426 442 458
83 110 131 147 166 180 191 209 220 242 257 265 285 319 332 360 372 393 404
81 121 151 177 215 233 257 278 302 337 359 382 400 424 449 473 490 518 534
88 112 137 160 187 200 231 251 263 291 311 325 341 366 379 388 401 414 426
82 104 128 161 179 197 224 239 248 269 290 300 318 339 344 352 367 371 381
107 139 171 205 229 241 268 304 335 364 386 394 406 419 431 454 467 490 508
109 147 178 195 238 259 277 295 323 332 348 367 386 400 413 425 440 452 462
97 134 165 180 202 212 235 246 259 267 285 303 320 330 344 359 380 397 414
91 137 162 181 202 222 244 267 279 292 307 318 328 343 355 366 377 393 404
> n=1000 m=5 05/06/2021 19:58:29
99 153 184 221 256 296 321 347 375 407 429 454 484 509 529 543 559 576 609
113 133 153 171 192 207 222 241 257 273 292 316 332 346 359 368 374 387 396
101 147 170 206 230 264 282 320 337 365 383 392 409 419 435 453 467 480 495
132 166 200 227 246 275 295 316 334 361 394 409 438 456 468 491 510 526 532
106 138 162 178 194 211 221 243 266 274 287 313 326 340 352 361 382 397 410
77 109 131 150 167 189 211 232 244 262 292 332 353 365 380 389 403 414 437
78 111 131 155 170 185 203 218 243 259 271 286 302 308 317 331 343 359 372
72 101 123 144 157 166 175 187 205 219 235 251 259 267 275 282 294 304 313
77 103 123 154 178 197 219 244 266 287 295 321 329 342 360 371 383 401 415
68 103 131 149 167 186 195 208 222 232 250 269 287 307 319 345 361 377 391
> n=1000 m=5 05/06/2021 20:00:05
89 123 148 168 196 211 227 247 270 295 310 321 330 337 350 370 391 402 415
110 153 182 199 230 249 261 280 295 312 334 357 370 387 402 426 435 454 479
123 154 191 231 257 299 326 340 360 382 405 431 447 466 482 497 524 537 550
88 112 146 183 217 250 270 293 318 341 366 380 392 408 422 446 465 483 500
99 134 166 192 219 243 256 277 293 313 341 361 379 390 399 416 431 445 456
109 153 173 189 207 225 241 257 280 305 326 340 350 359 365 375 390 401 413
84 103 133 147 174 189 204 234 252 267 288 297 306 322 349 371 385 401 418
87 122 149 172 201 231 247 267 289 315 331 348 361 395 411 435 447 463 475
77 106 131 163 187 217 231 243 251 266 288 308 324 341 360 366 382 392 409
74 89 111 130 142 157 179 188 200 217 232 246 258 260 267 277 291 304 323
> n=1000 m=5 05/06/2021 20:01:05
109 125 148 181 211 233 269 286 310 338 359 380 406 415 428 454 460 471 481
93 119 145 161 179 205 219 237 263 286 319 328 346 356 373 401 423 432 452
115 159 190 233 265 292 321 342 382 408 430 446 454 469 490 508 531 548 570
84 106 125 150 172 189 210 230 244 257 272 282 299 307 323 335 347 362 372
109 136 170 208 237 265 282 308 329 351 365 378 398 409 425 446 467 484 506
70 84 96 114 127 146 157 177 197 205 216 233 250 268 279 293 310 318 320
141 190 234 288 323 359 384 410 430 465 507 538 572 593 612 632 670 705 725
77 92 108 118 127 147 165 194 203 211 220 232 241 248 256 270 282 290 300
115 151 189 207 231 248 268 295 310 325 351 373 398 417 435 450 476 490 507
109 141 160 176 190 215 228 244 265 283 297 306 316 331 341 347 353 367 374
> n=1000 m=5 05/06/2021 20:03:23
76 106 131 143 167 181 193 214 245 262 273 279 287 303 317 330 351 366 380
81 114 140 160 177 207 217 230 242 254 270 285 302 315 324 332 354 374 381
66 79 99 115 141 159 169 181 196 202 211 229 237 243 251 258 272 279 290
89 119 146 162 177 211 221 244 257 266 285 299 312 329 336 360 372 391 410
114 153 182 209 228 245 266 284 319 346 363 381 392 411 423 434 448 468 485
> n=1000 m=5 05/06/2021 20:04:57
144 201 251 291 330 360 382 413 435 456 474 508 524 557 573 595 615 637 654
132 162 201 228 266 282 316 348 376 387 410 428 455 476 497 512 523 537 551
96 126 164 195 213 239 255 282 309 325 338 366 381 399 406 415 424 436 446
73 94 112 132 152 165 181 191 210 217 234 244 256 282 300 304 312 322 339
151 191 229 258 288 318 337 365 392 408 431 456 466 489 508 529 558 586 604
> n=1000 m=5 05/06/2021 20:06:47
79 105 138 181 212 241 266 289 308 317 342 355 376 390 404 423 443 464 477
76 108 124 159 181 196 239 267 279 300 321 339 348 364 372 385 395 410 423
109 143 179 208 226 238 271 291 310 322 337 349 360 370 384 401 408 426 434
113 150 179 207 222 246 258 267 286 310 329 342 349 359 371 382 391 402 416
50 77 90 106 116 126 138 146 157 161 163 176 180 191 202 210 220 226 234
> n=1000 m=5 05/06/2021 20:08:18
70 92 109 122 131 141 146 161 178 192 200 207 216 223 227 237 245 250 261
104 143 161 186 208 225 241 254 269 279 297 305 321 332 341 354 367 377 388
64 79 82 95 104 115 126 138 145 163 176 182 195 201 205 214 226 230 238
122 152 183 217 235 250 265 302 315 336 362 375 403 425 440 460 480 496 515
92 137 165 186 215 239 258 271 292 308 324 340 360 371 392 404 423 439 446
> n=1000 m=5 05/06/2021 20:19:51
87 108 139 153 173 194 221 237 259 271 281 295 320 331 343 352 369 379 391
90 116 158 197 239 267 285 306 337 365 389 403 422 441 453 473 485 507 521
95 124 150 176 194 209 223 231 245 252 259 270 291 300 311 315 325 337 347
62 74 95 114 122 129 139 157 167 178 188 193 209 218 230 239 254 266 277
140 180 214 247 272 314 336 360 386 402 439 462 482 502 518 539 564 586 600
> n=1000 m=5 05/06/2021 20:22:08
117 140 161 182 209 227 254 281 296 323 340 354 371 389 416 428 440 457 481
72 97 111 126 154 160 171 177 185 196 202 207 213 223 226 233 241 252 257
144 178 210 241 268 285 311 344 368 393 421 437 462 482 498 514 536 558 566
57 82 98 110 120 133 157 179 192 207 219 248 257 269 280 291 301 326 350
85 117 147 160 183 206 224 241 254 266 291 309 330 338 344 354 365 373 384
> n=1000 m=5 05/06/2021 20:26:08
93 125 159 188 211 225 259 274 290 300 314 327 343 366 371 390 424 434 452
101 134 160 182 203 226 246 269 285 306 320 343 360 378 398 418 440 455 467
104 127 161 198 217 231 271 287 302 313 335 349 365 380 395 412 421 436 465
96 123 146 180 202 211 219 236 251 262 289 304 316 347 361 378 406 419 436
100 126 148 172 189 202 223 232 245 259 266 278 284 297 314 327 337 348 359
> n=1000 m=5 05/06/2021 20:37:22
142 185 224 245 276 307 342 367 398 428 451 472 504 519 540 557 572 584 597
> n=1000 m=5 05/06/2021 20:37:40
91 108 134 162 190 206 220 250 261 269 292 312 326 332 363 383 396 408 422
70 80 106 122 143 150 165 174 187 200 212 227 234 251 261 273 280 286 292
92 130 156 178 194 216 252 261 279 295 312 328 362 376 388 407 431 449 468
105 127 152 176 206 230 248 265 291 310 324 343 355 373 389 411 431 449 461
146 191 218 264 297 316 334 348 390 411 427 449 464 481 496 529 548 560 574
93 130 153 165 187 202 225 237 255 265 277 292 303 305 315 326 336 355 361
130 195 234 270 314 340 360 385 408 450 483 504 526 555 583 612 627 650 677
86 122 143 165 189 201 207 220 237 265 284 292 314 339 348 365 373 387 400
113 140 168 193 225 245 258 267 275 301 314 335 348 366 381 387 405 418 429
84 113 140 162 181 197 208 228 243 269 286 301 313 330 341 350 358 373 389
99 134 157 198 213 252 283 302 343 366 390 402 427 451 473 489 509 527 571
109 148 176 204 235 255 283 302 318 340 353 376 402 416 428 448 463 480 495
90 116 138 162 181 205 218 229 243 268 284 298 314 323 330 342 354 364 369
117 157 180 214 238 271 298 327 365 382 402 429 448 470 499 512 529 549 569
68 79 103 116 135 151 165 179 184 197 213 217 226 235 243 251 265 274 282
104 148 170 200 222 247 261 292 318 334 350 367 379 399 411 424 437 451 465
85 115 140 164 176 200 209 224 244 263 271 287 297 304 320 335 347 362 369
93 118 151 171 204 235 261 279 291 305 325 352 369 386 410 414 434 449 463
148 192 234 268 299 340 367 406 433 458 482 501 521 550 576 592 615 642 655
86 112 138 152 171 190 210 217 235 250 263 276 282 295 315 332 343 353 363
54 90 121 138 149 156 183 206 213 235 252 263 285 294 307 323 339 344 353
128 166 194 216 246 277 292 314 333 352 377 398 417 432 449 474 496 513 528
102 132 166 198 216 243 262 293 320 351 376 399 427 443 456 485 506 521 548
64 85 100 111 124 138 154 158 173 184 199 224 229 239 250 254 256 263 271
77 112 149 173 189 206 220 238 247 265 284 293 310 327 334 346 357 368 379
