804 2108 2156 1403 930 607 441 331 244 184 168 125 108 73 86 65 48 26 31 14 11 14 10 4 3 3 2 2
838 2134 2223 1397 915 635 474 318 230 154 138 106 85 84 64 55 41 29 26 22 5 10 3 3 2 0 2 2 1 2 0 0 1 1 0 1
818 2202 2161 1426 977 616 440 316 198 159 146 133 80 66 59 61 41 30 18 9 9 11 5 5 1 6 4 0 1 0 0 1 1 0 0 0 0 0 1
809 2207 2174 1452 924 598 388 305 227 163 145 150 89 59 54 61 65 35 18 13 13 18 11 9 3 3 1 1 1 1 1 1 1 0 1
813 2202 2128 1429 899 627 426 320 239 178 143 119 87 91 72 39 40 26 34 23 15 14 11 5 4 6 3 3 2 1 0 0 2
760 2171 2052 1330 927 697 454 341 274 200 152 144 95 80 54 62 39 36 22 28 20 17 10 10 10 4 3 2 4 1 0 1 0 0 0 1
805 2273 2131 1461 883 557 401 310 235 185 124 110 84 107 70 59 57 44 28 13 13 9 5 7 6 4 7 4 2 4 1 0 1 1
831 2192 2106 1467 942 636 445 315 245 189 150 79 78 85 47 36 33 22 21 21 19 7 9 5 2 2 1 6 4 1 2 2 0 1
779 2136 2192 1452 920 644 425 335 251 199 130 121 91 82 59 44 43 34 16 11 6 4 5 7 2 2 3 2 2 0 0 0 0 0 0 1 1 0 0 0 0 0 1 0 0 0 0 1
833 2236 2168 1360 892 636 475 327 249 191 134 110 97 71 69 50 31 15 15 12 10 6 3 3 3 4 0 0 0 0 0 0 0 1
800 2197 2150 1393 911 607 458 353 273 199 117 106 116 82 57 33 28 19 20 26 19 12 6 2 6 3 2 3 2 1
810 2182 2065 1484 879 597 401 313 218 171 156 128 104 81 76 64 64 51 43 27 20 11 13 11 7 4 4 3 4 4 2 1 1 0 2
757 2165 2081 1381 881 646 479 323 268 206 139 144 124 83 73 63 53 34 24 16 10 6 13 6 5 7 3 2 0 2 1 0 0 0 2 2 0 0 0 0 0 1 0 0 0 0 0 0 1
772 2223 2129 1399 897 566 391 347 279 211 173 126 99 84 70 61 55 34 23 19 7 6 13 3 2 3 3 1 1 1 0 1 1 0 0 0 0 0 0 1
812 2216 2226 1461 888 633 442 335 225 163 133 97 90 73 62 42 30 25 12 6 5 4 8 5 1 1 1 2 1 0 0 1 0 0 1
803 2138 2185 1428 926 604 432 346 261 185 153 123 94 75 61 57 36 20 15 11 11 9 12 4 3 2 3 1 0 0 1 1 0 1
774 2105 2114 1454 980 636 432 311 266 176 146 124 75 79 57 36 37 35 26 28 33 22 13 9 5 5 2 4 3 3 3 0 1 1 2 2 1 0 0 0 1
776 2133 2192 1391 864 622 419 306 230 205 135 138 99 97 89 67 48 28 24 41 29 25 10 6 4 4 4 3 3 4 2 1 2
796 2191 2227 1395 901 569 427 265 196 165 133 116 89 85 62 45 32 41 47 52 59 25 17 11 13 4 6 3 11 1 3 4 0 2 4 2 0 0 0 0 0 1 0 0 0 0 1
831 2211 2187 1547 905 603 450 298 254 176 142 107 61 65 60 37 22 19 7 4 2 2 6 1 0 1 2 0 0 0 0 0 0 0 1
808 2152 2098 1398 915 656 406 319 235 179 175 124 111 61 50 61 41 51 39 31 23 15 13 9 4 8 6 5 3 3 1 1
750 2162 2140 1393 915 664 449 349 236 207 163 132 90 59 49 35 53 52 35 18 12 9 11 2 6 2 2 1 0 0 2 0 1 0 1 0 0 0 0 0 1
813 2229 2164 1421 927 630 438 295 242 189 147 105 71 73 66 45 20 23 35 18 15 13 2 4 2 3 1 3 0 2 2 1 1 0 0 0 0 0 0 0 1
809 2152 2095 1489 859 593 459 327 231 182 162 112 81 70 74 58 49 29 32 34 27 24 12 9 7 1 5 2 8 3 2 0 1 0 3
822 2129 2139 1429 958 646 472 334 230 161 156 114 67 99 58 54 37 30 21 9 7 6 8 6 4 3 1 1
794 2184 2219 1406 886 614 444 327 238 177 131 120 113 55 51 54 35 23 10 9 14 27 26 10 15 3 1 5 6 0 0 1 1 1 0 0 0 0 0 0 0 1
820 2227 2190 1433 891 624 466 328 219 200 165 105 90 62 38 29 31 31 22 12 6 4 1 1 5 0 0 1
839 2221 2106 1378 946 650 465 348 251 173 152 107 93 74 58 43 30 17 16 13 6 5 1 1 2 1 3 0 2
827 2163 2158 1438 969 596 448 304 232 185 148 127 105 80 53 38 41 26 13 12 14 5 3 6 2 2 1 1 0 1 2 0 0 0 0 0 0 1
797 2238 2203 1438 894 641 435 310 258 177 164 114 87 82 45 42 27 7 12 5 9 3 6 4 0 2 0 0 0 0 1
742 2236 2115 1414 884 566 440 333 245 211 161 98 87 96 77 73 46 25 35 29 19 15 11 6 5 6 9 5 3 2 2 2 2 1
756 2141 2072 1428 937 609 456 344 248 174 145 136 118 82 80 80 54 35 27 22 15 10 5 6 3 3 2 2 4 3 2 1 1
799 2116 2117 1429 950 670 450 315 252 215 141 126 98 103 64 43 31 22 11 13 8 11 8 0 4 1 1 0 1 1 1
775 2151 2207 1411 869 571 425 297 219 174 152 135 101 73 60 52 50 46 71 50 17 22 17 16 12 6 3 3 2 1 2 5 1 2 1 0 2
772 2156 2154 1383 884 640 432 379 251 188 147 129 94 49 33 49 60 38 18 16 18 29 15 18 7 14 4 6 3 3 2 1 2 0 4 1 0 0 1 0 1
836 2144 2179 1435 926 628 435 297 228 171 114 127 113 92 75 40 42 32 17 17 12 9 7 5 8 2 2 2 2 2 2
752 2145 2136 1421 923 643 452 325 248 197 151 108 107 96 62 57 50 34 21 20 15 7 8 7 9 3 0 1 0 2 0 0 0 0 0 1
867 2211 2168 1420 844 643 429 309 224 174 143 119 77 75 55 54 37 21 10 9 11 20 19 19 21 5 4 3 2 0 2 1 1 2 0 1 0 0 1
837 2136 2145 1510 931 669 432 318 268 205 140 105 78 75 44 34 27 17 12 6 2 6 1 1 0 1 1
812 2128 2126 1454 922 613 412 309 228 173 146 132 76 80 54 60 61 49 32 40 27 18 11 7 8 2 4 0 2 4 2 0 1 3 0 3 0 0 0 0 0 0 0 1 0 0 0 0 0 0 1
856 2139 2156 1437 917 643 428 320 254 200 132 97 91 76 37 17 30 53 33 23 23 13 4 1 6 5 5 1 1 0 1 0 0 0 0 2
818 2120 2168 1406 976 617 428 288 212 205 162 141 120 94 68 37 25 29 26 19 10 7 6 6 2 3 1 2 2 0 1 0 1 0 1
781 2154 2130 1455 898 653 440 306 234 185 112 122 80 66 51 61 49 32 29 26 21 38 24 10 10 8 13 2 3 1 1 2 1 0 1 1 0 0 0 0 0 1
819 2222 2156 1348 911 577 448 303 233 163 139 160 91 51 50 91 67 47 37 27 12 13 6 8 6 3 0 5 3 2 1 1 0 0 0 1
810 2099 2184 1445 925 605 459 303 245 152 168 132 73 72 75 45 41 25 29 30 23 12 12 11 6 2 4 3 2 3 1 3 0 0 0 1 0 0 0 1
768 2111 2203 1411 919 663 468 328 245 213 147 122 89 57 47 42 47 36 23 8 12 11 6 9 5 3 1 2 2 0 1 1 0 0 0 0 0 1
855 2154 2161 1460 935 602 432 327 261 173 114 134 107 72 45 36 41 31 17 15 13 3 4 1 0 4 1 1 1 1
830 2176 2199 1454 904 623 412 350 285 162 138 106 118 66 48 36 22 22 18 7 11 5 4 4 1
800 2171 2124 1435 878 605 444 313 247 190 187 152 74 69 79 52 55 31 27 14 12 7 9 9 3 3 3 2 0 0 1 0 2 1 0 0 0 0 0 2
812 2209 2160 1421 886 575 460 355 245 223 162 103 68 80 75 47 43 22 15 13 8 9 4 0 2 2 0 2
