> n=1000 m=5 05/06/2021 20:26:08
2.7222 2.037 1.7521 1.1733 1.1641 0.9778 0.8934 0.8072 0.7812 0.8264 0.875 0.9132 0.896 0.8052 0.7883 0.7178 0.6951 0.6777 0.7012 0.6795
1.3281 1.124 0.8133 0.8672 0.787 0.6735 0.6257 0.6337 0.6384 0.5816 0.5651 0.5577 0.5433 0.5328 0.5234 0.487 0.5087 0.5311 0.5192 0.5093
1.6406 0.75 0.6981 0.5841 0.584 0.5408 0.5446 0.5422 0.5137 0.542 0.55 0.4726 0.4093 0.4065 0.4195 0.4342 0.4478 0.4225 0.4178 0.3947
1.9796 1.57 1.5702 1.4024 1.2044 0.966 0.8005 0.7872 0.7694 0.8299 0.6953 0.6378 0.5811 0.5115 0.5372 0.5294 0.551 0.5675 0.5822 0.5657
1.1605 0.7511 0.7751 0.5909 0.5625 0.4322 0.417 0.4261 0.3873 0.3367 0.3177 0.317 0.3016 0.3011 0.3024 0.3049 0.2962 0.2761 0.2684 0.2677
> n=1000 m=5 05/06/2021 20:37:40
0.6864 0.7422 0.6375 0.4852 0.5021 0.46 0.4672 0.4435 0.4237 0.429 0.431 0.4135 0.4313 0.4123 0.3916 0.4067 0.3867 0.3837 0.3798 0.392
2.7222 2.4531 2.5185 2.36 2.2066 1.551 1.1869 1.1728 1.02 0.9091 0.8941 0.808 0.7885 0.7764 0.6689 0.6152 0.607 0.618 0.641 0.6612
3.16 1.9531 1.1065 1.1786 1.3061 0.9105 0.9058 0.8231 0.8017 0.6832 0.7136 0.6122 0.5969 0.5254 0.4678 0.4606 0.428 0.4241 0.3974 0.4087
1.7755 1.7654 1.91 1.7083 1.4643 1.6378 1.5378 1.6267 1.4048 1.4983 1.4105 1.205 1.1361 1.0847 1.0473 1.0851 1.0399 1.0677 1.099 1.0416
3.72 2.5469 2.09 1.7083 1.6568 1.3689 1.1696 1.1235 0.9048 0.9728 0.8733 0.9112 0.9452 0.9811 0.8768 0.8462 0.7781 0.7479 0.6764 0.5865
1.2963 0.7822 0.7253 0.6219 0.7025 0.7183 0.6736 0.6775 0.7234 0.6696 0.6189 0.6108 0.6296 0.6113 0.6279 0.583 0.5502 0.5664 0.5049 0.4723
1.8125 1.79 1.2347 1.0519 0.9695 0.7561 0.7535 0.8073 0.7382 0.7229 0.6322 0.6243 0.6123 0.6061 0.5934 0.5289 0.499 0.4925 0.4878 0.5039
1.6094 1.2014 1.2722 1.0508 1.0588 0.8675 0.8079 0.7622 0.7115 0.7037 0.7449 0.6801 0.6212 0.5748 0.5718 0.5926 0.5796 0.5427 0.5346 0.5471
0.89 0.75 0.5845 0.4231 0.4209 0.3691 0.3104 0.2931 0.2897 0.2851 0.2536 0.2291 0.2182 0.2075 0.1903 0.1931 0.1943 0.1931 0.1839 0.1834
1.1094 0.7347 0.8724 1.0 0.9023 0.8086 0.8827 0.785 0.7596 0.7314 0.7032 0.7372 0.6608 0.6494 0.6672 0.6122 0.6314 0.6136 0.6326 0.6445
1.2222 0.9337 0.9258 0.7275 0.7025 0.651 0.5816 0.541 0.5411 0.5711 0.5933 0.5848 0.6087 0.6254 0.5493 0.5692 0.5324 0.4813 0.4957 0.4439
1.898 1.0237 0.9778 0.917 0.9136 0.7107 0.6112 0.537 0.5078 0.4171 0.4182 0.3787 0.3978 0.395 0.392 0.3737 0.3698 0.3516 0.3615 0.3468
1.3704 0.9643 1.1837 0.9723 0.8947 0.9695 0.98 0.9615 0.9421 0.8576 0.7781 0.7531 0.7901 0.7589 0.7396 0.72 0.6631 0.6474 0.6315 0.6445
1.9184 1.8642 1.88 2.12 2.0083 1.8819 1.8047 1.4622 0.955 0.9365 0.8431 0.7728 0.7968 0.8256 0.8003 0.8388 0.8728 0.7396 0.7222 0.6709
1.14 1.25 1.0 0.8 0.8825 0.8889 0.9637 0.8771 0.8096 0.8448 0.896 0.8728 0.9127 0.9467 0.9852 1.0118 0.9184 0.9477 0.9656 0.9298
1.4844 1.0833 0.9949 0.7654 0.7922 0.8781 0.8073 0.8058 0.8034 0.7264 0.7648 0.7872 0.7147 0.7449 0.7668 0.7347 0.7027 0.6452 0.6597 0.6436
2.0612 1.58 1.0867 0.7479 0.7007 0.5888 0.6464 0.6036 0.6557 0.6505 0.6492 0.6378 0.5879 0.5702 0.5675 0.5069 0.4734 0.4681 0.441 0.4174
4.1875 1.5185 1.7901 1.77 1.686 1.3905 1.3214 1.4133 1.449 1.5204 1.4 1.4667 1.2318 1.1574 1.1944 1.1247 1.065 1.085 1.11 1.0454
1.0741 1.0347 1.3264 1.199 1.0781 1.0761 1.0525 0.94 1.0075 0.8242 0.8696 0.7249 0.7051 0.6421 0.6289 0.6411 0.6212 0.6358 0.6556 0.6753
1.6122 1.7969 1.9012 1.5868 1.3373 1.1511 1.1328 0.9877 0.964 0.915 0.8798 0.9229 0.876 0.8393 0.8828 0.9074 0.9319 0.9565 0.9219 0.8896
0.8611 0.9111 0.6349 0.5568 0.5473 0.4561 0.4229 0.3906 0.4107 0.3975 0.4194 0.4008 0.4024 0.3442 0.3432 0.3299 0.3052 0.2911 0.2982 0.3071
2.3611 1.7037 1.1479 0.8685 0.7375 0.6839 0.7335 0.7335 0.6346 0.5624 0.5922 0.5127 0.5087 0.4735 0.447 0.4384 0.4333 0.394 0.3615 0.3359
1.898 1.2153 0.8304 0.6405 0.5776 0.5281 0.486 0.4738 0.4522 0.4545 0.4769 0.4366 0.4356 0.4155 0.4325 0.4153 0.4323 0.4458 0.4561 0.4165
1.2344 0.9236 0.8622 0.7405 0.63 0.5087 0.4209 0.4518 0.4062 0.3755 0.3781 0.3776 0.359 0.3606 0.3342 0.3418 0.3279 0.3378 0.336 0.3199
0.7101 0.4367 0.3656 0.3282 0.3289 0.3269 0.3385 0.338 0.3228 0.2976 0.3007 0.3055 0.297 0.3069 0.3162 0.3258 0.3151 0.3047 0.3034 0.3014
