> n=5000 m=5 07/06/2021 11:11:59
137 147 160 188 205 223 237 253 268 279 294 309 321 330 340 362 365 375 382 385 396 407 414 429 434 445 452 462 470 476 480 486 491 500 515 519 525 538 549 558 564 569 585 590 591 593 596 598 604 610 616 622 624 635 637 641 646 658 660 663 667 672 683 686 688 699 701 709 709 717 722 724 734 740 745 751 762 768 773 780 785 797 802 809 816 819 824 830 834 840 844 847 857 861 865 869 873 883
128 153 181 194 210 224 238 254 273 283 308 323 331 359 363 373 378 391 405 411 422 429 444 450 455 463 487 504 515 524 538 545 557 558 568 573 579 585 593 606 613 618 626 630 635 642 650 655 656 661 666 673 683 694 702 707 710 719 721 738 743 748 757 759 762 768 784 788 802 805 811 818 821 837 843 846 849 858 860 864 868 874 877 880 884 889 897 908 918 930 941 944 955 962 965 968 972 974
77 88 95 113 131 158 167 180 209 232 245 255 259 264 284 298 308 316 334 338 341 347 366 367 374 387 400 404 408 409 421 429 430 437 440 446 446 460 467 470 480 489 498 501 505 509 514 518 529 532 534 542 548 554 558 570 573 575 584 585 592 606 611 617 619 621 624 625 629 631 637 641 642 647 649 670 675 685 688 690 695 698 700 700 704 706 709 717 719 723 733 736 738 739 740 742 744 747
158 188 214 234 258 286 309 324 348 358 371 383 414 431 455 462 477 484 494 506 519 526 534 550 554 566 578 585 593 607 625 635 642 659 667 673 686 697 707 715 719 728 740 750 753 762 777 801 812 815 823 831 839 846 854 862 869 877 883 888 898 904 910 914 923 927 933 941 947 958 967 974 987 991 998 1003 1009 1015 1021 1029 1039 1045 1050 1053 1064 1073 1076 1083 1084 1093 1101 1119 1128 1137 1144 1148 1158 1163
86 98 111 129 136 141 149 156 167 171 178 192 201 205 213 218 223 235 239 242 249 259 264 278 281 291 305 307 321 323 323 327 329 336 340 346 349 353 356 366 367 375 379 383 388 394 399 405 410 412 414 418 430 436 439 444 446 451 453 458 462 470 478 481 484 488 489 492 497 499 500 501 504 507 511 514 518 521 529 533 536 544 548 552 560 562 565 565 567 571 572 580 581 584 593 595 598 599
65 83 95 106 113 121 125 137 142 155 157 165 178 180 183 188 189 202 205 209 213 214 226 229 234 236 239 252 257 265 270 281 287 290 291 296 300 306 311 318 327 333 336 340 347 353 357 362 367 371 375 378 382 384 393 397 399 418 421 431 434 438 442 445 453 456 457 463 467 470 472 473 480 483 483 492 500 500 501 502 511 516 522 522 527 530 533 535 535 539 541 546 548 552 554 557 561 562
100 117 130 139 150 161 170 181 192 206 217 227 237 245 256 269 276 286 293 306 320 331 337 342 349 353 360 364 370 375 382 388 392 397 401 403 405 414 415 420 428 432 444 452 458 468 472 479 488 497 506 509 515 518 525 529 535 548 556 572 579 587 590 595 601 614 619 632 637 641 653 654 661 679 681 685 686 690 692 698 701 706 711 715 728 740 742 745 751 761 766 771 773 774 778 780 783 790
86 95 100 114 121 127 134 144 151 177 196 209 216 221 229 234 251 259 265 278 280 292 301 310 314 319 324 327 331 345 350 354 354 362 381 386 395 401 417 430 435 440 447 448 454 461 464 471 478 482 485 500 502 506 513 525 529 531 535 541 547 551 556 559 563 566 568 573 577 578 584 595 601 607 611 615 622 627 635 645 655 658 661 661 669 674 675 683 688 698 702 705 710 712 719 723 730 731
128 146 168 191 219 233 260 271 276 285 321 349 361 365 378 398 410 419 429 437 458 476 487 498 506 513 522 528 541 556 565 577 582 591 597 605 612 626 636 642 651 661 668 672 678 682 690 695 697 702 712 717 726 737 738 741 743 751 760 769 773 777 779 784 789 797 803 803 806 813 817 830 839 844 849 857 860 864 868 873 876 878 883 894 909 910 913 924 936 947 956 972 980 986 990 991 995 999
70 82 99 104 110 124 144 151 157 168 179 179 181 185 195 198 201 210 214 215 231 237 240 243 244 246 252 255 269 273 280 284 287 290 297 299 304 307 313 319 321 324 327 328 331 335 338 342 346 348 351 358 358 371 376 385 396 405 407 409 410 412 413 419 423 427 432 435 438 455 465 469 472 477 481 483 485 486 488 492 497 503 504 505 508 510 510 522 524 527 531 533 535 538 541 541 543 547
107 131 143 156 166 186 203 208 227 246 254 268 279 289 295 305 316 330 334 348 356 369 380 385 389 392 396 397 400 404 409 417 425 435 442 451 454 458 461 464 471 474 479 485 494 496 505 509 513 517 519 525 528 534 540 544 550 554 563 569 572 583 589 590 595 599 603 605 607 611 613 617 623 631 638 639 646 647 652 657 660 664 672 676 680 685 689 694 695 703 709 715 719 722 726 731 735 739
135 168 186 199 223 239 255 270 281 285 296 322 334 345 362 372 393 402 413 434 449 459 466 477 505 517 524 546 554 557 565 573 582 585 601 611 621 633 641 649 656 666 670 674 681 686 697 705 715 724 730 735 745 758 763 774 780 788 790 805 813 820 826 831 837 842 854 862 869 875 882 896 898 909 913 922 926 941 946 950 952 966 973 977 979 984 998 1005 1007 1013 1020 1024 1034 1037 1044 1057 1065 1069
81 89 108 117 129 147 168 190 204 217 224 238 249 257 267 275 281 285 291 298 303 311 319 339 344 349 355 365 371 383 386 404 409 421 440 446 448 451 458 461 471 476 480 485 488 491 497 502 507 511 515 517 517 529 532 551 556 568 571 583 587 591 594 598 606 614 627 627 629 632 636 639 642 649 651 666 670 676 689 692 696 704 711 715 720 723 724 728 729 730 740 740 744 748 751 755 764 780
130 147 162 185 209 219 244 266 287 295 299 311 325 338 351 365 378 392 400 405 414 428 436 451 466 477 481 493 506 514 539 552 577 590 597 602 612 619 632 641 653 661 668 680 687 695 710 718 724 730 737 749 753 758 769 786 794 795 798 810 814 819 831 833 845 855 858 863 878 885 894 899 902 912 922 925 931 937 948 951 963 977 990 995 997 1002 1015 1032 1035 1041 1047 1052 1060 1068 1079 1082 1089 1098
92 104 110 129 142 147 167 178 185 188 201 211 220 235 245 250 256 265 275 285 292 311 324 331 337 342 346 355 359 363 366 375 383 396 399 404 407 414 424 429 434 439 448 451 463 464 477 479 482 483 492 501 507 512 515 525 528 532 536 542 546 546 555 561 567 574 578 581 587 591 597 604 609 612 618 619 626 630 632 634 639 642 651 654 658 660 662 666 671 676 684 685 688 690 695 700 703 705
104 117 128 143 154 162 178 196 205 212 236 244 248 254 267 273 283 289 300 304 312 313 324 330 334 341 351 359 373 382 390 396 399 414 421 425 432 443 444 447 453 458 471 475 480 487 492 501 506 507 514 520 524 535 540 540 550 552 558 563 565 568 570 570 580 589 592 596 600 601 604 609 616 626 629 629 631 635 644 649 653 664 666 669 673 679 686 689 692 700 713 717 719 728 737 741 743 744
89 124 140 154 168 173 177 191 200 208 223 240 249 256 265 270 278 286 302 307 317 320 331 343 348 359 368 378 385 408 412 423 436 439 443 452 461 469 475 483 490 494 495 508 512 517 522 532 535 540 550 553 555 561 567 574 580 591 595 597 603 605 607 610 616 617 627 635 638 646 650 654 661 665 668 676 681 690 693 698 702 708 712 717 721 723 726 736 738 741 745 749 756 761 769 774 775 777
118 151 171 199 217 237 264 279 288 300 332 355 371 392 407 420 439 451 480 492 505 514 531 557 567 586 599 609 638 653 661 669 676 686 703 720 725 736 750 762 783 790 796 820 829 839 850 858 866 870 886 892 899 909 917 921 922 935 951 968 977 981 989 1002 1010 1015 1019 1025 1028 1039 1052 1058 1064 1071 1078 1083 1089 1099 1120 1131 1137 1145 1151 1157 1165 1170 1175 1181 1188 1195 1210 1227 1241 1246 1249 1255 1262 1272
133 159 177 199 210 219 230 245 258 268 272 283 303 309 326 336 344 354 364 371 388 394 406 418 443 448 459 467 477 484 492 497 505 510 525 534 543 550 564 571 581 586 591 601 608 619 633 641 647 652 659 666 674 680 688 692 699 717 724 732 744 751 769 773 779 796 801 808 816 818 824 826 829 838 847 855 863 868 878 885 891 897 904 908 909 916 926 933 939 957 963 968 985 991 993 1005 1009 1021
123 152 178 192 206 225 241 268 274 282 289 311 323 330 336 349 356 366 376 380 384 402 422 442 448 459 468 478 487 498 505 525 530 536 543 550 558 565 569 582 591 599 617 625 632 637 639 645 660 670 680 687 694 706 713 721 728 736 744 747 753 758 762 777 781 789 797 800 804 809 811 815 826 831 842 846 853 855 861 864 870 876 880 883 886 896 902 909 921 922 929 932 954 961 964 971 975 979
> n=5000 m=5 07/06/2021 11:19:40
69 78 90 94 106 114 121 126 131 132 134 146 154 163 182 189 195 220 238 247 258 264 267 274 277 281 283 287 289 291 294 298 305 310 313 326 341 345 346 350 355 360 366 369 376 384 386 394 402 405 415 422 425 429 433 442 445 447 448 448 449 455 457 463 469 473 477 485 489 491 491 493 498 501 504 510 513 518 524 526 527 531 533 536 537 539 549 569 572 574 577 578 579 580 583 586 589 591
85 102 122 132 144 155 165 172 184 202 210 214 220 227 233 241 249 252 259 264 275 285 293 297 301 305 310 315 327 330 334 339 344 354 358 362 366 369 375 379 386 393 404 410 416 432 435 439 442 445 450 463 472 481 487 498 502 505 508 520 525 528 536 542 543 549 550 554 555 559 567 573 575 581 584 592 593 594 597 597 599 604 609 611 612 613 619 620 626 628 638 643 645 649 651 653 654 661
94 117 131 139 158 167 177 181 190 200 212 217 235 239 253 256 263 266 277 284 302 315 332 334 342 354 359 362 366 371 377 386 390 395 403 423 430 433 439 445 451 470 479 479 484 487 492 498 502 506 527 528 535 539 545 553 557 562 564 570 575 578 589 592 598 607 610 614 619 622 633 637 642 645 648 650 653 663 666 678 685 696 698 703 705 709 712 713 715 718 729 733 735 740 744 746 748 750
141 163 187 202 219 244 254 272 288 295 303 317 334 350 367 377 390 398 409 416 427 434 441 452 462 467 472 481 486 508 519 528 538 548 557 563 569 582 592 608 623 630 637 641 649 654 659 666 671 682 688 692 698 703 712 718 721 724 736 743 747 756 763 770 782 792 805 810 816 822 826 828 832 836 851 857 865 874 879 885 889 894 899 905 911 917 921 927 931 938 949 959 966 968 976 981 986 990
124 141 160 184 198 210 234 249 261 276 282 287 298 308 323 333 351 371 378 407 414 424 430 433 443 450 456 466 472 479 482 491 500 510 515 527 530 539 542 548 554 569 576 586 597 599 604 606 611 615 628 632 637 641 646 647 655 655 660 666 668 674 678 683 688 690 692 699 703 704 705 708 714 717 723 726 731 737 741 752 759 762 765 768 774 775 779 783 787 791 794 794 802 812 817 821 823 828
67 73 85 91 102 109 114 126 132 166 179 191 199 207 215 217 227 233 234 237 243 250 255 262 266 273 275 281 285 286 291 293 297 301 301 304 311 312 315 317 321 325 328 331 336 345 348 352 354 355 360 361 365 369 372 382 383 383 386 391 396 398 405 407 410 410 412 416 417 418 419 420 422 425 428 428 429 436 437 441 445 446 448 456 458 466 470 472 475 476 486 488 492 495 495 496 498 507
108 134 151 182 196 226 232 246 263 276 292 306 310 326 334 340 347 351 370 383 389 395 403 414 424 431 436 442 446 453 461 469 476 483 486 499 506 513 522 528 533 538 541 550 557 560 573 576 580 591 594 597 612 619 624 627 634 638 650 660 670 674 678 690 693 695 699 704 709 713 717 725 732 737 752 754 755 758 763 768 790 798 803 812 822 829 838 843 849 853 856 858 863 866 871 876 886 890
132 176 202 231 258 281 295 316 336 352 370 386 405 418 440 449 465 478 486 518 522 531 553 569 576 586 596 598 607 618 643 662 668 682 695 703 712 724 737 748 760 769 776 782 787 792 805 812 814 819 820 829 842 853 874 888 901 909 921 937 941 952 967 971 978 983 989 996 1008 1013 1024 1029 1034 1040 1053 1059 1064 1073 1077 1092 1097 1101 1107 1114 1125 1142 1149 1162 1177 1186 1191 1194 1200 1205 1217 1228 1234 1236
92 116 133 142 157 179 190 207 224 231 242 247 252 267 276 283 289 301 308 318 326 338 356 365 380 400 402 408 414 422 428 445 449 458 466 473 481 493 503 507 523 531 539 542 553 569 579 584 594 598 602 604 622 628 638 642 650 654 662 675 678 691 695 705 705 711 716 723 725 730 736 741 745 760 765 774 776 782 787 792 794 807 810 811 815 826 830 833 838 841 844 847 851 863 866 868 869 876
122 145 162 172 196 205 221 238 252 267 287 299 312 326 335 343 349 358 366 379 383 400 402 407 411 417 422 430 437 444 454 457 461 477 484 496 503 509 521 534 543 561 572 578 581 584 593 595 604 608 617 633 637 644 653 661 672 674 686 693 696 707 721 729 736 740 745 752 760 764 769 774 780 785 790 795 799 812 814 817 821 824 827 834 843 849 856 875 881 882 885 891 895 896 903 908 912 914
127 144 159 171 180 192 213 226 236 250 266 273 280 289 299 303 312 318 325 333 338 342 348 360 366 372 392 395 401 408 418 423 427 432 440 447 448 452 459 463 479 481 487 494 497 505 508 510 518 519 522 527 534 536 545 546 551 559 563 564 570 575 580 588 593 598 603 606 607 614 617 621 627 641 647 655 668 670 673 676 680 682 687 697 703 708 711 714 720 721 725 732 739 741 743 750 756 759
149 182 203 228 245 253 264 277 284 300 306 318 331 340 349 356 366 375 380 388 392 405 411 418 429 434 440 448 454 464 474 478 483 492 496 500 505 509 517 522 532 541 547 551 556 562 565 571 577 583 589 597 602 605 610 612 614 618 622 630 637 640 647 664 670 675 678 684 692 693 696 704 709 714 720 725 733 734 735 742 744 747 752 755 760 763 770 774 775 777 780 783 788 792 797 802 815 819
132 158 174 195 206 230 254 269 287 313 321 328 344 372 382 405 415 421 424 439 453 467 475 482 490 503 512 519 533 541 555 562 571 575 580 585 598 603 605 617 620 633 639 647 655 668 673 679 681 692 705 709 728 737 745 754 758 763 773 783 790 798 804 807 818 832 838 842 855 864 867 873 877 883 885 888 891 895 902 910 912 917 922 930 951 960 964 973 979 984 995 1004 1004 1015 1025 1040 1046 1058
107 129 151 175 189 220 253 269 279 295 305 318 334 344 352 362 368 374 380 389 394 406 428 436 456 461 466 476 488 503 506 513 518 533 540 553 557 562 570 577 588 594 615 630 640 657 664 676 679 703 713 718 723 731 734 740 744 747 751 753 758 761 765 772 785 795 799 803 817 823 827 842 847 850 855 859 863 871 872 873 874 878 885 892 896 902 906 907 911 914 918 921 928 941 946 948 952 955
173 207 240 270 291 312 329 340 363 386 398 415 423 455 465 475 502 516 526 540 552 567 576 584 595 612 622 635 650 661 674 681 694 708 723 729 742 752 760 774 784 808 817 828 833 837 846 855 867 872 880 884 887 893 899 904 909 917 935 940 950 955 964 970 979 985 994 1001 1018 1025 1030 1038 1042 1052 1059 1070 1077 1083 1092 1106 1115 1124 1136 1143 1149 1156 1171 1177 1182 1193 1203 1206 1209 1213 1219 1225 1226 1239
101 129 154 175 184 199 227 243 252 261 289 296 303 312 320 326 348 355 362 373 384 390 401 412 417 435 454 458 470 472 477 482 489 493 503 505 512 534 543 551 556 561 565 569 573 578 581 594 611 616 622 628 636 641 644 651 654 660 662 665 672 690 693 697 700 704 708 712 721 724 733 745 751 757 770 776 782 787 795 800 808 814 818 822 827 832 836 839 843 851 857 868 871 882 886 889 890 898
122 140 161 175 194 212 228 250 264 283 295 298 307 316 324 337 346 359 363 379 384 387 399 403 409 415 426 435 439 445 449 453 461 477 486 488 493 505 526 532 536 544 546 552 553 565 568 574 585 597 614 621 624 637 645 654 663 667 677 684 686 692 699 704 709 716 719 723 732 736 743 749 751 761 766 768 773 782 783 789 792 797 801 810 814 815 819 826 831 844 846 858 861 865 868 877 881 894
123 141 168 192 207 223 232 249 261 276 289 300 315 327 336 344 356 374 381 391 398 411 427 437 444 448 454 459 467 473 481 487 497 511 516 525 532 541 551 559 571 576 583 587 594 604 610 618 627 644 649 652 656 660 664 672 679 684 692 707 712 720 726 731 745 748 763 767 780 785 789 794 799 803 807 810 813 816 820 826 829 831 834 837 840 842 855 859 864 868 871 873 882 888 891 896 899 903
114 127 136 150 177 186 211 228 239 247 268 274 289 292 299 307 313 326 332 339 342 360 369 374 380 392 405 409 414 417 423 430 436 443 448 455 461 472 477 483 486 491 497 500 506 515 518 519 526 529 535 542 545 550 558 561 564 565 568 579 582 594 599 602 603 608 623 625 633 641 645 652 653 658 661 665 670 676 682 690 694 699 704 712 717 720 725 727 731 742 746 752 754 758 762 766 769 774
114 148 165 178 189 194 206 216 224 231 244 261 272 289 296 301 308 313 322 330 338 348 372 383 389 395 402 411 416 429 434 445 460 466 471 474 477 483 487 497 505 508 518 522 530 534 541 549 554 560 563 570 576 583 591 594 596 603 613 616 625 634 641 645 650 656 669 673 675 679 694 695 700 701 704 709 714 717 721 725 729 733 745 749 752 753 755 761 764 769 773 775 775 778 790 797 804 809
> n=5000 m=5 07/06/2021 11:25:51
90 130 145 167 193 208 229 245 253 262 277 288 298 311 321 329 333 341 346 357 365 368 372 376 389 395 397 405 411 426 432 437 442 451 456 464 466 474 487 492 504 505 509 514 523 531 535 539 542 545 553 561 569 575 582 583 586 591 608 612 624 632 639 643 645 652 658 663 674 682 683 688 694 703 705 707 715 719 722 724 725 736 740 742 744 747 749 752 758 766 772 774 777 785 787 788 796 800
90 101 122 142 157 168 184 209 220 229 247 266 271 287 301 307 317 325 336 360 368 375 383 387 398 405 412 421 431 439 448 451 458 466 490 497 506 512 530 532 533 539 541 547 558 582 591 602 605 606 607 621 637 644 650 652 653 657 661 669 672 680 683 694 699 711 713 719 722 730 730 742 752 758 761 764 770 779 784 788 799 804 812 818 820 827 838 846 847 851 856 858 862 867 870 875 882 887
111 135 144 160 176 196 205 212 234 252 269 279 291 304 307 317 321 332 343 368 375 384 403 415 420 431 438 441 457 461 468 473 478 483 502 508 510 523 526 532 541 546 551 555 556 558 566 575 588 596 600 604 613 617 619 625 638 644 650 653 656 675 687 694 703 710 716 720 730 737 746 751 763 772 787 793 799 802 807 813 821 830 837 842 843 847 855 860 867 876 877 886 887 891 891 900 904 911
89 117 126 139 150 162 174 182 194 206 214 218 224 232 240 246 254 254 264 273 278 283 292 298 304 311 314 322 327 333 333 340 346 353 360 365 371 372 382 393 396 401 407 411 416 420 423 425 428 439 444 447 451 454 458 462 468 472 478 482 483 488 498 502 506 510 515 521 522 525 526 534 538 541 543 546 548 549 551 560 563 568 574 575 578 581 584 586 591 596 596 599 601 605 607 610 612 616
105 136 153 172 191 193 205 213 224 242 258 268 288 291 305 316 333 340 349 363 373 389 404 421 426 429 434 444 449 453 455 461 470 476 485 490 502 504 510 517 528 533 539 541 542 551 554 569 572 579 587 589 594 602 607 614 622 629 635 639 646 654 659 661 664 668 676 681 688 696 702 707 709 731 741 743 744 747 760 763 771 772 775 786 798 799 802 807 818 823 824 832 834 838 840 849 852 862
150 175 202 236 272 286 314 344 356 395 424 433 470 491 503 521 540 558 576 583 589 599 617 632 641 648 671 682 697 703 725 743 765 773 787 801 827 841 851 859 871 886 896 911 920 931 946 953 969 982 988 1001 1013 1027 1034 1043 1049 1063 1068 1077 1087 1092 1099 1112 1124 1138 1148 1164 1177 1190 1193 1201 1205 1213 1220 1224 1234 1242 1251 1260 1271 1280 1286 1292 1298 1306 1310 1322 1330 1340 1347 1362 1371 1374 1377 1386 1399 1409
111 133 161 185 205 227 244 251 264 285 303 319 327 342 350 370 380 391 395 409 418 429 446 470 486 491 503 524 536 541 554 570 583 592 610 621 629 640 654 661 667 685 692 696 709 716 724 733 740 748 752 757 763 765 772 789 802 813 826 829 838 846 862 874 885 891 901 911 928 939 945 960 972 975 979 981 992 999 1002 1011 1017 1045 1058 1075 1081 1086 1099 1104 1109 1112 1114 1131 1138 1151 1162 1168 1175 1181
125 143 167 180 198 209 222 247 265 280 290 303 311 324 335 341 346 353 358 366 375 402 412 420 428 437 458 463 469 477 483 491 499 507 518 529 535 543 561 568 575 578 593 598 606 613 616 626 632 636 643 649 653 662 669 675 686 693 697 712 712 723 730 739 744 749 753 764 770 776 783 790 797 807 810 814 824 836 839 843 845 848 851 855 866 874 879 882 894 898 903 910 915 924 929 930 932 933
114 133 149 176 194 208 214 226 238 247 265 273 288 291 294 323 328 333 343 353 365 373 381 387 393 401 406 413 425 432 438 449 459 466 474 481 488 505 512 533 541 543 546 553 560 569 572 582 588 591 596 606 610 615 629 633 640 647 654 661 664 669 674 684 689 691 697 699 703 714 717 721 739 742 750 753 758 758 759 762 775 777 782 783 788 794 798 801 805 810 813 819 821 824 826 830 832 837
166 200 242 265 281 294 328 346 360 379 393 410 420 435 448 458 469 483 494 500 520 526 539 557 575 586 606 616 626 632 650 663 670 679 696 710 720 723 730 746 751 765 776 788 794 803 812 822 827 838 849 854 867 876 889 895 900 906 917 928 935 941 951 955 960 968 970 977 980 984 992 997 1001 1009 1014 1020 1025 1030 1033 1038 1045 1058 1065 1070 1081 1091 1098 1106 1113 1123 1127 1132 1141 1146 1154 1154 1164 1169
103 128 138 147 157 168 178 207 221 235 255 265 270 273 276 286 291 306 314 321 328 336 342 347 355 358 369 379 384 388 393 401 405 410 416 421 424 436 442 449 451 456 457 466 472 480 486 489 500 503 509 512 527 532 538 551 556 563 566 570 571 575 585 590 595 610 613 619 624 628 635 639 647 650 660 663 663 667 667 668 672 675 678 684 686 691 696 697 704 707 713 716 722 727 731 738 740 742
190 222 251 292 324 349 382 391 408 427 448 468 490 499 508 525 549 571 582 611 624 634 653 662 675 689 717 735 745 760 782 791 815 827 839 847 869 883 902 914 925 929 942 953 983 999 1007 1014 1024 1030 1038 1051 1058 1073 1082 1092 1102 1113 1120 1122 1132 1143 1148 1163 1175 1179 1190 1208 1225 1230 1238 1244 1259 1280 1291 1306 1317 1327 1332 1343 1352 1361 1366 1374 1385 1395 1402 1406 1413 1422 1432 1448 1451 1467 1476 1482 1490 1497
136 158 178 192 206 217 238 244 260 272 289 301 310 319 334 345 356 364 370 379 399 407 415 423 435 443 450 457 472 485 495 504 512 518 526 533 538 544 548 559 564 572 578 586 604 608 619 624 626 629 634 639 647 652 663 666 671 676 678 682 688 699 704 707 714 729 734 740 744 747 751 754 759 764 769 777 783 788 794 796 798 807 810 814 820 826 829 835 840 847 852 859 864 869 872 875 880 886
70 79 90 101 112 115 120 126 146 148 152 155 165 168 172 173 180 183 195 195 200 208 220 220 222 226 229 230 234 236 249 262 265 272 275 277 278 283 284 286 287 299 307 312 318 320 321 329 332 336 336 344 347 348 356 363 367 370 373 379 388 388 391 391 394 398 399 402 404 404 405 412 416 417 423 432 434 438 443 446 448 456 457 466 477 478 479 486 487 490 493 495 499 502 506 515 518 518
108 129 148 162 184 200 217 232 248 267 276 295 313 324 341 360 383 390 397 404 409 420 432 441 450 468 472 477 480 486 493 496 507 514 518 528 534 538 545 548 554 558 561 566 575 583 593 596 598 601 611 618 632 640 647 661 672 686 689 694 703 711 711 718 723 728 735 738 742 746 750 756 764 772 780 787 791 795 800 807 809 812 817 819 828 831 833 839 843 853 856 858 864 868 874 879 887 891
49 49 75 87 97 111 124 134 146 157 161 166 167 186 190 198 199 210 212 224 227 229 232 238 247 259 269 275 282 295 295 306 309 316 318 332 343 344 359 366 366 368 370 375 383 390 391 396 399 405 412 426 430 437 439 440 441 454 459 469 471 475 479 484 489 500 505 523 525 527 527 534 542 545 552 567 571 584 584 586 587 589 598 607 618 623 633 639 643 643 653 658 660 670 674 677 678 682
54 85 100 116 141 150 164 194 204 214 226 244 268 293 303 311 318 319 329 333 341 364 395 400 416 425 430 430 446 458 471 478 491 499 510 523 528 535 537 540 542 548 553 568 581 595 600 604 606 612 617 628 647 658 664 674 687 696 711 725 730 736 744 747 761 767 771 777 779 788 790 795 807 815 818 823 836 839 853 855 860 864 868 888 906 916 927 933 937 940 946 956 958 965 966 971 980 985
99 122 136 142 148 163 179 185 197 203 216 227 235 242 248 260 272 282 285 292 303 313 324 337 343 363 371 374 380 389 400 422 427 441 446 451 459 465 472 486 497 502 510 522 539 546 553 568 573 581 589 600 606 616 619 632 636 643 648 649 660 667 670 679 682 685 686 690 691 698 707 712 717 725 738 743 750 756 767 785 790 795 799 804 807 810 815 820 823 829 831 833 847 850 853 854 854 858
137 167 222 238 272 299 350 365 385 403 427 445 469 483 509 523 551 562 589 610 633 648 664 696 718 738 744 755 791 798 824 846 857 876 910 919 932 943 955 969 982 996 1012 1024 1036 1059 1077 1097 1114 1130 1140 1152 1172 1188 1197 1217 1222 1229 1245 1258 1263 1275 1292 1305 1316 1339 1351 1355 1384 1416 1421 1428 1437 1456 1462 1469 1473 1476 1496 1503 1519 1525 1533 1542 1553 1558 1584 1594 1603 1612 1620 1631 1635 1664 1676 1688 1692 1702
138 172 193 210 239 267 298 322 331 353 377 381 398 410 444 458 478 491 507 539 554 570 584 592 606 623 640 652 662 682 695 706 717 739 749 762 783 795 814 824 833 848 857 862 868 895 908 925 937 953 963 980 992 1001 1012 1022 1030 1047 1058 1061 1068 1075 1083 1092 1096 1110 1126 1137 1152 1169 1188 1197 1201 1217 1233 1250 1257 1277 1288 1292 1309 1320 1327 1331 1340 1351 1358 1367 1383 1389 1401 1409 1410 1415 1423 1427 1437 1451
> n=5000 m=5 07/06/2021 11:36:43
83 102 108 127 146 169 180 199 214 218 230 243 245 249 251 257 274 283 297 303 307 315 326 335 351 358 363 379 391 398 403 406 412 418 424 433 438 447 450 457 462 463 468 477 482 493 495 502 509 520 524 529 530 537 539 549 559 564 570 574 574 577 581 582 589 595 596 599 602 606 612 617 627 633 635 636 643 652 654 656 659 663 667 671 672 673 676 681 693 694 699 705 716 717 718 728 728 737
> n=5000 m=5 07/06/2021 11:38:34
77 105 130 157 175 196 209 225 236 249 262 279 297 309 313 329 342 349 367 378 386 398 408 419 433 451 461 466 471 482 498 502 508 516 527 531 541 546 551 558 562 574 577 584 589 595 600 607 609 617 622 623 625 636 641 644 656 658 662 671 677 682 694 699 712 714 716 722 738 748 768 772 774 779 785 789 806 811 817 820 822 827 834 837 842 854 859 861 866 872 877 881 888 891 894 897 898 903
> n=5000 m=5 07/06/2021 11:43:37
80 89 101 117 123 134 161 176 188 198 212 226 250 260 272 291 297 317 322 337 344 350 353 358 363 380 386 391 398 409 414 434 455 460 477 481 485 495 498 516 519 523 524 527 542 550 556 561 572 589 593 600 608 609 623 631 637 640 646 647 659 663 668 669 684 702 709 711 714 722 727 733 736 740 744 748 752 759 763 770 774 782 786 791 793 797 800 810 817 824 837 840 843 848 850 859 861 868
> n=5000 m=5 07/06/2021 11:53:59
123 162 209 238 260 270 301 320 348 367 386 406 442 453 462 490 507 518 536 549 569 581 617 636 641 655 667 678 697 713 723 731 738 747 755 768 786 810 816 821 835 860 869 887 892 897 915 921 928 942 951 957 960 973 982 997 1015 1024 1043 1051 1066 1083 1100 1121 1132 1144 1161 1177 1190 1204 1221 1236 1251 1261 1271 1281 1287 1299 1305 1324 1340 1366 1373 1381 1383 1394 1398 1407 1416 1432 1436 1451 1464 1470 1472 1476 1498 1501
62 82 97 103 125 135 152 167 189 205 220 228 230 244 280 283 297 300 309 315 322 332 341 348 354 372 385 389 407 409 416 430 445 449 464 477 480 488 490 491 507 513 514 521 532 541 554 558 566 579 584 603 607 620 621 628 631 634 637 639 645 651 663 667 685 691 693 700 711 720 725 735 741 746 751 756 763 763 765 779 794 811 817 831 839 853 859 861 868 877 878 886 891 895 897 904 908 915
127 148 163 192 209 220 239 257 268 292 311 317 334 346 354 373 384 395 407 415 438 444 450 459 468 477 482 509 518 531 538 546 554 564 569 572 580 586 591 595 604 606 618 633 637 640 647 657 668 678 685 693 695 700 701 722 726 739 751 756 763 775 783 788 792 811 821 826 843 864 871 877 881 890 897 901 910 926 933 936 944 952 963 967 976 979 991 995 998 1000 1010 1024 1026 1031 1039 1047 1052 1054
77 90 98 107 126 142 161 166 187 195 204 208 215 218 228 236 241 258 279 284 287 299 304 306 309 317 325 337 341 343 352 356 360 363 385 390 396 400 406 409 430 439 443 445 449 450 460 461 472 476 484 489 496 500 503 505 510 516 530 533 538 554 556 560 565 568 573 576 578 589 600 612 617 620 627 636 640 646 652 658 663 666 671 680 684 686 691 702 704 729 731 731 735 739 741 743 746 749
> n=5000 m=5 07/06/2021 11:54:40
104 120 138 173 231 248 259 288 306 332 343 356 369 371 388 408 418 445 465 493 510 521 532 552 561 574 597 608 634 645 658 681 700 712 737 748 757 767 784 798 804 826 834 841 847 848 862 869 881 886 892 909 916 930 935 946 963 968 982 986 996 1002 1017 1026 1041 1052 1053 1056 1064 1068 1086 1097 1109 1120 1124 1133 1136 1140 1143 1148 1155 1160 1170 1177 1182 1191 1199 1206 1213 1215 1219 1221 1226 1232 1236 1241 1246 1253
78 91 105 119 125 133 142 146 151 158 165 174 184 193 198 208 225 230 240 244 248 253 258 264 273 282 293 299 314 319 326 335 340 345 350 355 360 376 393 400 404 409 410 416 420 422 425 430 448 451 461 468 472 474 480 484 493 498 508 512 513 515 519 519 530 534 537 546 546 550 552 555 558 563 571 578 585 596 599 604 606 609 621 640 645 649 649 652 656 660 666 671 673 674 680 685 687 692
94 104 110 117 128 136 144 150 156 161 165 169 174 177 181 187 198 204 207 213 218 222 224 230 235 243 247 250 253 253 253 263 264 271 273 280 283 289 298 300 302 304 308 311 313 317 321 323 326 332 335 337 343 345 353 361 361 365 365 370 371 372 374 377 378 383 384 384 386 388 389 392 401 402 407 408 411 416 420 424 429 434 438 440 443 444 447 447 450 455 458 460 465 467 470 473 474 479
89 110 125 139 158 167 173 185 196 204 224 229 240 252 255 260 270 287 295 301 307 312 326 336 340 345 353 361 370 373 380 396 402 406 408 411 425 437 442 446 458 472 487 490 496 501 505 510 525 531 536 541 551 554 565 566 569 575 578 587 592 594 598 604 632 637 641 643 649 653 657 659 663 676 678 688 690 698 713 716 720 723 727 731 733 739 743 754 765 777 783 786 790 792 799 805 809 812
70 81 100 103 111 133 148 160 167 178 191 197 208 215 224 227 231 240 255 266 273 275 284 290 291 294 298 301 304 307 319 326 334 337 340 344 348 352 357 361 366 367 374 381 385 390 391 394 398 401 404 414 419 422 428 430 438 447 450 457 466 471 471 472 478 486 490 493 498 508 512 513 517 518 521 526 529 533 536 537 538 543 543 554 556 560 569 574 577 584 587 592 597 599 603 606 608 612
80 92 103 111 118 136 143 155 171 181 187 192 195 199 208 215 223 227 236 240 251 253 257 261 267 272 276 286 288 294 297 304 305 306 313 324 329 333 336 339 343 348 352 363 365 368 370 372 377 380 393 394 397 399 404 407 413 416 427 437 440 451 454 457 459 460 465 471 477 479 484 489 490 496 498 499 508 509 510 510 517 521 525 529 530 531 533 536 536 538 540 543 549 551 552 553 556 558
146 201 230 243 267 291 327 340 365 382 411 420 434 453 469 478 489 497 524 541 556 572 596 605 617 629 644 651 664 678 683 690 703 711 729 740 748 764 771 781 796 808 815 821 829 836 845 854 858 870 879 910 923 932 942 952 956 959 972 977 989 999 1005 1024 1038 1045 1056 1065 1072 1076 1080 1088 1093 1100 1106 1109 1119 1128 1134 1140 1146 1157 1168 1174 1182 1188 1192 1201 1210 1219 1227 1232 1241 1250 1254 1264 1273 1277
74 96 122 131 147 155 162 166 172 184 194 205 216 220 234 252 258 267 273 280 290 297 305 311 313 319 323 330 342 352 356 362 377 385 394 398 404 414 420 422 438 455 463 467 474 483 487 492 506 511 514 522 527 531 533 536 539 553 557 557 567 568 575 578 580 587 590 590 593 595 600 606 614 619 629 639 641 649 653 656 666 673 678 679 686 697 700 703 705 708 710 714 719 721 722 726 738 739
96 126 150 164 188 206 217 226 243 256 268 284 306 316 335 343 353 375 383 393 396 417 444 456 465 480 482 491 498 502 508 512 529 536 545 549 556 559 571 583 588 596 599 605 618 625 636 640 642 646 655 658 661 666 677 698 711 717 721 729 730 732 736 744 750 752 754 763 779 787 798 806 813 819 823 830 833 843 848 849 854 860 861 864 870 872 876 886 893 900 904 907 913 922 927 942 947 951
122 144 163 186 207 228 261 282 303 327 338 374 386 410 421 430 436 441 454 475 500 518 524 532 549 568 577 586 596 604 626 636 645 657 676 682 689 705 714 726 735 744 762 768 773 782 793 796 807 814 821 828 835 842 870 884 895 898 905 915 922 930 938 953 959 979 986 1005 1018 1020 1026 1039 1047 1051 1056 1058 1076 1080 1084 1090 1096 1106 1111 1115 1120 1123 1128 1139 1142 1146 1149 1152 1154 1161 1170 1177 1182 1188
94 134 150 175 191 216 228 240 255 276 296 315 332 347 357 367 380 387 404 415 421 430 442 447 450 474 499 507 520 536 539 547 554 560 571 581 595 616 621 635 643 653 662 670 676 679 690 700 708 717 728 733 736 743 751 763 773 778 791 797 805 811 823 832 836 838 846 853 870 880 885 900 901 905 913 922 930 935 939 941 948 962 968 972 975 981 987 993 999 1007 1015 1019 1032 1038 1043 1046 1054 1057
59 71 88 93 120 129 132 152 166 174 197 212 220 225 244 259 278 285 292 302 318 320 324 327 336 341 357 372 381 393 411 419 431 435 436 443 447 452 464 476 495 500 503 512 517 532 540 543 547 552 562 563 574 584 588 590 598 623 628 632 648 665 670 673 685 694 698 707 710 718 725 730 739 747 755 768 774 777 783 793 795 801 818 832 835 837 850 863 869 881 893 896 906 906 921 925 930 934
80 107 117 130 137 161 171 180 185 191 203 222 232 246 258 272 279 291 306 316 329 338 343 361 368 369 380 385 393 397 402 406 414 418 429 433 439 451 455 457 467 469 472 478 482 492 497 503 505 523 529 535 550 557 565 574 579 585 588 602 605 609 618 625 627 638 642 646 655 659 671 677 681 686 690 693 699 700 706 718 724 731 732 742 749 755 756 766 770 774 775 781 784 788 795 802 805 807
109 140 179 205 222 241 264 289 302 322 354 369 383 399 421 432 445 473 488 502 523 540 556 570 592 608 616 630 640 649 654 662 677 694 722 726 730 738 749 758 767 784 802 810 826 836 840 862 867 881 890 894 906 909 916 921 930 936 943 950 953 970 979 1001 1011 1028 1038 1056 1064 1071 1074 1084 1097 1101 1107 1113 1115 1127 1146 1154 1164 1167 1180 1191 1198 1207 1215 1225 1233 1247 1253 1262 1284 1289 1297 1302 1307 1310
122 147 184 203 216 235 263 274 294 313 325 354 368 388 398 402 410 419 422 435 448 460 484 510 528 540 544 565 572 578 593 602 620 640 655 661 667 671 683 699 710 717 722 728 737 749 755 766 774 783 789 792 799 804 817 825 836 849 855 859 871 872 878 896 906 915 921 929 938 943 951 958 965 971 977 983 992 1000 1011 1015 1019 1025 1030 1038 1042 1052 1060 1064 1071 1083 1099 1105 1110 1113 1132 1139 1143 1147
112 141 156 177 186 213 242 258 267 280 295 311 333 355 375 392 405 411 416 438 453 470 478 504 512 522 535 541 545 549 557 574 584 599 616 626 654 667 676 682 696 708 716 732 738 746 752 763 771 782 787 791 810 816 821 828 834 842 848 856 861 873 885 887 890 895 904 912 919 923 934 950 957 965 974 976 980 984 987 994 1005 1013 1019 1026 1037 1053 1059 1068 1074 1078 1089 1102 1109 1122 1125 1136 1153 1158
90 123 148 154 166 192 217 234 257 271 287 293 304 320 328 342 353 359 363 368 379 392 400 412 418 434 435 455 463 469 479 485 493 506 515 536 550 555 563 569 575 582 588 591 596 596 611 616 621 626 631 633 643 648 654 657 664 680 686 690 698 703 718 725 727 741 745 747 754 757 761 773 781 784 788 791 805 810 815 822 826 831 832 835 839 846 852 860 865 875 879 885 887 896 899 903 903 906
134 165 189 207 228 250 276 299 322 340 355 361 370 410 429 443 453 465 483 503 507 521 539 548 560 574 587 593 614 627 635 640 646 652 660 674 679 696 703 720 731 739 752 771 779 786 800 805 811 819 824 829 840 846 868 878 888 894 908 913 921 939 944 952 960 975 986 998 1003 1008 1018 1035 1053 1061 1071 1076 1087 1095 1100 1108 1115 1121 1126 1128 1133 1136 1143 1150 1155 1159 1162 1176 1192 1205 1208 1224 1233 1237
88 107 129 137 152 166 180 181 195 209 225 232 239 247 249 259 264 278 283 289 293 298 309 314 320 327 335 340 344 347 357 365 371 378 383 391 394 402 416 428 451 456 460 469 472 477 491 494 508 521 537 547 560 563 564 569 571 578 579 588 597 599 607 614 626 626 630 634 636 637 641 656 659 659 671 677 682 686 692 695 705 711 714 716 722 726 729 738 741 745 748 750 756 761 769 777 785 794
107 124 135 156 189 192 209 226 246 279 303 325 330 341 357 378 391 410 418 428 436 445 454 464 470 478 481 501 511 523 536 543 550 572 580 586 599 606 616 638 651 660 668 672 683 688 694 701 710 715 721 724 730 734 738 745 748 751 757 761 765 769 780 785 789 792 797 804 810 814 824 834 839 843 861 877 883 887 893 897 901 905 909 915 917 923 928 935 941 946 951 958 967 971 985 995 1016 1026
