> n=5000 m=5 07/06/2021 11:11:59
98 116 137 155 170 189 214 228 245 255 271 277 282 294 304 317 325 334 356 367 377 392 403 409 421 429 440 463 469 478 492 501 505 511 520 527 534 550 554 560 575 594 601 606 610 617 629 637 643 655 662 664 671 678 685 688 693 708 713 716 721 732 737 744 754 757 759 765 772 778 782 803 807 809 820 823 829 833 838 842 851 856 863 879 883 890 899 899 905 911 913 930 938 943 955 958 962 964 970
137 189 215 249 267 343 382 420 444 461 491 512 534 557 568 594 611 634 647 668 688 703 715 724 744 771 787 801 820 845 870 880 900 909 925 947 977 1014 1025 1032 1056 1072 1088 1113 1135 1152 1171 1178 1189 1204 1217 1236 1249 1255 1268 1281 1295 1304 1310 1327 1340 1351 1361 1372 1388 1395 1401 1410 1422 1433 1444 1452 1466 1469 1486 1506 1520 1534 1551 1563 1568 1571 1591 1607 1619 1645 1660 1689 1699 1727 1743 1751 1762 1773 1783 1797 1809 1814 1830
61 69 86 111 119 140 148 152 163 171 181 196 206 215 220 235 240 243 248 259 273 281 297 301 305 311 317 321 326 333 336 343 351 356 358 358 368 375 378 382 385 389 399 403 410 416 419 421 430 441 446 451 455 458 460 463 468 472 476 481 482 482 486 493 498 503 505 506 510 511 512 514 515 525 528 532 535 536 538 538 550 554 564 566 568 572 579 580 582 584 590 599 602 605 607 616 620 622 625
118 150 185 211 228 242 262 277 289 304 317 329 347 367 388 403 413 425 433 443 452 465 474 489 501 510 531 547 560 569 578 590 607 612 626 640 645 651 657 663 671 680 688 707 720 724 730 742 758 773 776 782 791 799 805 813 814 826 832 837 843 849 853 857 866 877 881 883 893 898 905 915 920 923 928 936 939 943 943 944 962 967 973 976 984 987 994 999 1006 1010 1016 1034 1040 1048 1052 1057 1065 1070 1079
135 193 244 292 332 364 385 434 455 489 542 586 613 642 688 706 728 760 785 805 825 853 896 910 927 939 950 962 983 1002 1012 1036 1049 1069 1087 1099 1115 1131 1155 1185 1198 1203 1229 1243 1263 1275 1295 1318 1336 1349 1360 1376 1388 1403 1413 1436 1450 1468 1479 1503 1516 1530 1535 1548 1556 1571 1585 1595 1598 1621 1628 1642 1651 1655 1668 1681 1700 1711 1731 1739 1746 1756 1772 1777 1795 1810 1819 1824 1830 1836 1844 1854 1867 1880 1890 1903 1917 1929 1947
116 167 227 276 327 382 413 463 507 534 554 581 609 634 650 676 718 731 749 785 799 823 844 862 885 911 925 953 972 993 1009 1033 1049 1084 1096 1115 1139 1163 1190 1205 1217 1225 1254 1277 1298 1308 1330 1344 1356 1369 1377 1396 1417 1436 1454 1464 1473 1483 1498 1532 1542 1551 1561 1581 1605 1636 1653 1662 1683 1699 1719 1729 1738 1755 1763 1770 1798 1815 1832 1845 1855 1871 1889 1908 1935 1957 1966 1974 1999 2016 2039 2051 2060 2067 2074 2083 2089 2099 2122
175 223 273 325 351 386 429 467 488 522 554 580 624 646 674 700 728 742 762 771 783 813 835 866 879 909 926 954 972 985 994 1013 1028 1037 1049 1066 1084 1100 1113 1127 1147 1169 1189 1216 1227 1256 1264 1287 1309 1319 1327 1339 1346 1372 1394 1403 1421 1442 1454 1479 1493 1513 1525 1540 1559 1567 1584 1599 1607 1626 1635 1644 1668 1675 1686 1690 1701 1709 1731 1737 1750 1755 1763 1770 1776 1793 1799 1807 1818 1832 1848 1855 1863 1874 1878 1894 1909 1916 1924
89 108 129 146 158 176 189 221 238 257 269 283 291 302 314 336 345 354 367 377 391 398 408 412 414 420 426 435 441 445 453 457 461 479 493 501 504 509 524 528 537 544 551 556 563 569 575 576 583 585 590 602 602 605 609 615 620 634 648 650 656 660 661 662 671 680 684 691 697 704 713 716 718 722 741 744 747 751 754 757 760 764 769 771 773 778 782 786 793 795 802 804 809 820 825 834 834 838 840
88 121 145 174 194 208 227 248 259 276 299 313 333 348 358 372 386 404 417 427 436 450 455 464 472 482 492 501 515 526 538 552 562 579 584 589 594 603 609 633 652 660 666 680 684 696 707 715 722 730 737 748 750 760 763 781 788 794 807 814 822 825 830 836 844 850 863 871 879 885 889 893 894 901 906 912 916 923 927 934 939 944 947 952 959 964 977 986 992 996 1011 1015 1020 1031 1049 1057 1060 1065 1071
98 131 154 184 207 226 255 271 286 297 310 329 349 356 367 377 387 408 415 437 443 459 465 473 493 534 550 564 586 602 620 637 651 662 672 682 699 716 731 738 751 757 768 772 780 797 804 809 820 828 838 851 864 867 874 884 894 900 907 921 939 942 945 951 965 975 992 997 1003 1013 1018 1034 1049 1072 1081 1096 1099 1117 1126 1135 1143 1161 1168 1177 1188 1192 1211 1222 1230 1235 1258 1261 1265 1268 1270 1279 1287 1293 1307
163 200 232 282 308 351 396 428 451 482 491 533 552 565 581 600 631 649 672 691 713 730 750 776 788 795 814 838 848 871 881 892 905 927 940 948 959 974 986 1000 1011 1021 1040 1049 1065 1081 1083 1108 1125 1134 1145 1157 1179 1190 1199 1211 1234 1245 1254 1277 1286 1300 1310 1320 1332 1339 1358 1372 1382 1400 1409 1415 1428 1443 1450 1463 1472 1480 1486 1498 1521 1539 1545 1553 1567 1583 1589 1600 1607 1613 1622 1633 1648 1658 1662 1671 1679 1684 1688
82 104 129 143 165 177 192 211 220 232 254 272 287 298 311 317 327 337 348 357 359 361 369 375 385 392 398 414 418 435 454 473 489 504 512 516 521 533 539 546 567 571 588 592 595 608 620 629 637 643 646 652 667 671 674 688 706 718 726 731 737 742 748 760 762 778 782 783 796 800 807 815 834 837 852 859 871 876 878 883 889 905 911 921 929 936 946 948 954 958 964 970 975 979 983 986 991 997 1002
107 136 172 193 212 231 244 258 277 293 319 346 369 396 410 432 457 468 477 490 503 507 525 539 555 567 582 614 631 648 657 673 685 713 718 730 734 746 756 765 782 803 817 834 845 848 856 871 886 901 906 911 917 929 936 943 960 966 974 980 987 991 994 998 1009 1013 1020 1034 1040 1046 1049 1060 1081 1086 1099 1114 1123 1133 1148 1164 1165 1175 1185 1191 1196 1208 1218 1222 1232 1245 1251 1254 1271 1275 1283 1290 1294 1295 1302
112 144 182 199 224 250 280 300 319 340 357 373 404 431 448 468 482 496 523 547 562 585 594 613 627 647 659 676 688 692 705 711 732 751 770 783 792 805 817 835 849 862 872 890 905 914 929 954 970 986 993 1007 1014 1025 1034 1044 1056 1064 1070 1080 1096 1115 1120 1128 1149 1159 1167 1172 1179 1191 1200 1210 1223 1233 1243 1256 1279 1285 1293 1304 1315 1324 1335 1359 1362 1375 1381 1387 1398 1400 1409 1416 1431 1438 1448 1450 1453 1464 1470
151 173 192 225 257 281 317 345 375 402 417 432 452 476 492 521 534 545 564 585 605 625 647 671 689 709 727 750 771 781 811 831 845 868 877 888 916 925 955 965 989 1001 1025 1043 1058 1078 1099 1108 1123 1138 1150 1159 1166 1179 1205 1224 1239 1252 1256 1265 1276 1287 1293 1301 1321 1337 1348 1358 1367 1387 1401 1411 1427 1440 1453 1471 1478 1488 1489 1501 1509 1513 1524 1540 1557 1567 1582 1590 1608 1618 1626 1632 1641 1657 1672 1682 1693 1697 1702
65 73 91 113 130 141 146 161 172 182 188 195 199 205 218 226 233 244 252 275 281 283 301 305 309 315 330 333 342 348 353 362 366 371 376 387 394 402 404 411 416 427 430 437 444 446 455 459 464 470 477 484 490 492 497 501 507 516 521 525 531 533 542 545 553 557 562 565 576 581 582 587 597 602 604 607 611 614 614 620 622 627 634 647 649 653 656 659 666 673 679 680 680 689 695 699 700 705 707
120 162 210 236 254 272 297 307 344 376 392 429 453 462 473 491 504 525 545 561 581 594 608 617 623 635 644 660 670 689 702 713 727 737 745 752 765 780 799 808 817 823 835 840 854 861 871 886 893 898 905 915 926 936 942 950 955 972 981 986 1016 1033 1044 1050 1051 1063 1078 1096 1099 1110 1119 1130 1142 1149 1162 1167 1172 1179 1195 1200 1211 1218 1241 1247 1255 1263 1268 1274 1281 1294 1296 1308 1322 1328 1339 1342 1350 1354 1360
121 147 187 208 237 261 282 305 317 331 345 370 386 400 423 439 453 468 479 495 506 516 526 535 549 559 574 594 606 619 633 640 648 655 659 668 678 687 696 713 720 730 735 740 754 764 785 790 795 800 802 810 820 827 832 839 846 861 870 876 889 895 907 914 918 928 947 952 958 960 966 972 977 986 992 1001 1006 1008 1013 1021 1026 1034 1036 1037 1049 1061 1068 1074 1081 1084 1092 1097 1108 1116 1120 1126 1130 1132 1138
117 151 177 206 234 255 273 290 304 319 332 343 357 386 405 424 437 446 454 464 472 488 514 522 546 557 562 568 581 586 597 612 617 626 635 645 657 666 677 684 693 696 702 711 718 724 735 753 757 762 767 772 780 783 788 798 800 806 812 822 826 839 847 855 859 862 868 878 888 893 903 911 915 921 926 929 936 940 951 957 963 971 978 987 990 994 1003 1009 1014 1018 1025 1030 1034 1041 1052 1055 1057 1064 1071
119 141 165 196 222 244 273 295 316 341 360 382 395 410 422 436 447 457 473 483 486 494 498 506 515 530 544 559 572 591 608 616 619 624 631 639 647 664 685 701 714 719 724 739 755 763 767 781 791 800 813 821 828 840 851 862 867 874 887 896 903 919 922 926 939 943 949 956 974 989 995 1010 1026 1028 1036 1046 1053 1062 1076 1086 1091 1097 1100 1111 1122 1129 1140 1149 1157 1161 1165 1179 1184 1192 1217 1225 1233 1244 1257
> n=5000 m=5 07/06/2021 11:19:40
103 123 134 155 167 186 203 209 226 237 246 254 266 270 290 296 310 323 328 333 341 363 375 385 395 403 413 424 435 449 460 474 492 497 513 518 528 539 547 549 551 559 564 571 580 581 587 594 596 602 607 612 616 621 623 626 631 633 644 648 654 657 659 661 664 668 671 676 692 698 704 714 718 725 733 739 743 747 750 764 767 770 774 790 792 797 802 807 809 811 811 814 814 819 824 831 834 840 858
111 137 153 178 201 211 224 236 248 257 273 297 316 336 346 369 391 403 414 434 440 448 458 472 482 490 509 518 526 543 558 574 585 601 609 614 629 647 653 667 677 685 692 699 716 722 734 742 752 760 770 780 790 796 798 802 808 815 821 826 833 838 844 847 860 864 870 888 892 897 901 906 909 916 921 925 931 938 952 957 959 961 966 973 980 983 987 998 1004 1009 1018 1025 1029 1031 1039 1046 1049 1054 1060
113 163 192 214 244 272 290 313 332 353 362 380 394 425 433 461 469 493 506 516 525 552 573 599 601 617 631 640 649 672 683 689 702 712 721 731 745 758 767 773 783 791 801 816 824 831 839 849 863 870 879 892 899 906 918 920 928 933 948 953 966 985 993 1019 1020 1032 1040 1046 1066 1082 1087 1095 1114 1120 1125 1144 1151 1155 1164 1176 1183 1199 1215 1220 1234 1243 1250 1261 1264 1272 1279 1288 1295 1300 1310 1319 1324 1328 1339
82 113 133 150 164 188 204 214 226 241 262 277 293 314 328 337 348 360 375 383 392 405 415 426 433 444 457 467 477 489 506 511 523 528 543 549 553 557 562 576 583 588 597 603 616 622 632 637 646 655 663 672 677 683 684 690 699 708 715 723 736 748 756 782 794 804 812 819 827 834 840 846 851 854 859 865 874 877 889 893 900 906 912 917 919 929 934 939 948 953 961 968 969 978 985 989 993 999 1005
114 139 163 189 213 250 280 299 318 331 352 365 383 405 433 454 474 501 522 544 549 565 579 592 605 616 637 651 657 662 667 685 696 708 717 730 736 747 772 795 805 820 839 845 851 862 868 885 891 893 900 907 921 927 936 952 960 963 972 987 1006 1016 1032 1035 1052 1070 1080 1085 1104 1111 1116 1127 1138 1146 1149 1167 1183 1188 1191 1200 1204 1210 1219 1226 1233 1240 1244 1250 1259 1280 1291 1294 1305 1320 1330 1338 1343 1351 1358
141 169 209 220 247 273 292 306 331 346 368 392 404 422 437 452 456 468 491 504 520 538 547 561 573 585 597 608 622 642 649 662 675 696 707 721 745 750 768 785 790 799 811 816 831 842 851 857 864 868 881 888 896 907 912 921 926 941 948 955 959 965 972 981 993 999 1015 1024 1032 1035 1049 1058 1067 1077 1083 1093 1099 1111 1117 1122 1125 1134 1142 1154 1156 1165 1173 1176 1179 1195 1208 1213 1224 1238 1244 1252 1258 1266 1272
91 125 140 165 182 191 222 241 261 280 295 321 338 349 380 399 416 427 451 461 474 504 512 522 539 543 557 566 577 591 600 614 634 653 675 687 694 702 705 709 719 727 733 736 746 755 761 771 783 792 801 807 821 832 840 849 850 859 861 864 871 890 894 909 912 920 933 946 954 964 969 972 979 983 989 994 1000 1010 1025 1027 1031 1043 1051 1055 1061 1073 1080 1083 1094 1099 1109 1112 1116 1128 1137 1141 1148 1156 1163
76 104 123 154 186 204 237 244 281 300 315 330 343 363 386 403 442 462 466 479 495 510 526 537 556 571 584 593 602 622 635 655 663 672 683 688 708 731 745 762 771 778 786 798 811 821 838 846 852 865 871 881 893 901 911 921 927 939 955 959 968 979 987 1002 1014 1021 1029 1036 1058 1071 1082 1101 1104 1110 1120 1135 1142 1155 1158 1168 1184 1186 1207 1214 1231 1235 1256 1262 1265 1273 1278 1286 1291 1299 1310 1329 1337 1341 1351
58 79 100 125 132 141 157 172 182 191 198 207 213 222 227 237 247 252 263 268 274 277 286 289 301 305 310 313 314 321 326 330 342 343 347 347 352 357 363 371 376 379 386 387 390 395 399 400 403 409 414 416 418 422 425 429 433 439 442 446 451 456 460 463 463 474 476 476 480 481 482 488 492 492 499 501 505 508 516 523 526 529 533 536 540 552 561 564 565 569 570 573 582 585 589 593 598 600 601
119 145 186 213 244 260 277 289 317 331 347 364 380 383 391 408 426 442 450 457 472 478 488 506 510 520 533 544 556 564 575 579 591 603 609 622 631 639 645 647 654 659 666 670 676 695 710 714 720 722 728 733 744 753 759 766 780 788 794 801 808 825 833 841 856 862 866 870 882 884 892 896 901 903 911 920 921 928 937 941 943 946 952 957 960 960 962 967 971 973 980 986 991 995 1003 1014 1021 1029 1036
112 147 169 202 230 267 290 311 331 347 370 393 429 442 457 478 493 522 538 555 570 581 604 618 634 647 657 665 680 695 716 727 737 753 765 776 796 806 812 819 837 841 847 865 873 885 897 906 919 929 942 955 965 982 993 1003 1010 1035 1036 1048 1060 1067 1069 1077 1095 1102 1106 1116 1130 1133 1136 1143 1147 1150 1160 1167 1172 1178 1188 1195 1201 1219 1228 1234 1246 1252 1266 1280 1288 1298 1303 1316 1329 1337 1344 1348 1362 1371 1380
116 144 183 197 226 240 260 271 284 298 319 334 348 362 377 392 406 419 432 440 445 451 461 468 474 482 488 498 505 510 525 534 537 547 558 562 568 582 592 599 607 620 628 633 637 645 650 656 661 667 676 683 692 699 704 712 726 738 743 749 756 764 766 778 787 793 802 807 824 840 843 852 859 870 878 882 890 896 903 904 910 913 919 926 928 932 936 943 947 949 955 958 962 968 969 974 980 989 993
119 150 184 211 235 257 298 308 321 330 348 356 369 394 418 435 450 469 487 497 518 528 540 563 574 586 602 619 632 640 668 687 700 714 731 743 755 768 779 797 809 816 833 846 855 861 871 887 903 912 923 930 950 958 973 985 992 1000 1006 1021 1024 1027 1036 1048 1069 1078 1085 1089 1095 1111 1118 1128 1138 1151 1157 1163 1168 1178 1187 1199 1210 1220 1226 1230 1232 1244 1258 1265 1281 1286 1288 1301 1309 1318 1322 1325 1342 1353 1355
94 133 176 212 238 275 313 347 366 381 402 425 442 483 499 532 548 564 592 611 654 666 674 695 708 733 760 777 798 814 832 848 873 903 924 941 964 983 990 1004 1018 1036 1047 1057 1069 1077 1086 1104 1111 1128 1138 1142 1156 1167 1182 1191 1198 1211 1223 1230 1233 1244 1253 1266 1282 1302 1334 1348 1359 1371 1380 1393 1410 1421 1430 1444 1465 1472 1491 1498 1508 1524 1539 1566 1574 1576 1588 1595 1598 1606 1614 1624 1639 1651 1656 1680 1689 1701 1711
104 156 207 242 272 281 297 328 344 359 380 404 423 459 487 498 514 533 548 569 583 610 617 630 643 654 675 689 696 708 730 739 750 771 801 808 819 830 838 856 863 868 881 893 918 934 949 969 988 1004 1033 1053 1067 1084 1095 1103 1111 1123 1142 1153 1173 1182 1195 1215 1220 1239 1258 1268 1287 1293 1304 1321 1331 1348 1363 1375 1381 1388 1399 1408 1415 1420 1426 1442 1447 1457 1468 1472 1480 1484 1506 1521 1525 1538 1550 1559 1569 1584 1600
73 108 114 151 176 187 202 235 246 266 279 289 312 322 340 364 376 397 405 420 444 465 471 486 498 504 521 538 543 549 560 580 603 622 628 639 649 654 669 694 710 719 738 752 770 784 811 832 841 847 854 867 884 893 902 921 939 942 958 972 973 978 983 989 999 1002 1006 1015 1026 1041 1052 1060 1067 1070 1078 1092 1100 1110 1119 1128 1140 1172 1184 1199 1209 1214 1233 1240 1244 1256 1261 1266 1274 1286 1301 1311 1313 1320 1329
100 138 152 174 201 224 239 248 264 276 293 305 326 337 351 356 363 372 387 398 402 415 421 430 437 444 453 458 464 473 490 495 503 512 520 531 546 555 558 564 571 578 581 590 600 603 617 630 632 635 651 656 666 669 681 687 691 701 709 715 726 737 740 743 752 757 764 772 780 785 789 792 796 805 807 810 815 816 820 823 833 837 840 850 852 858 861 863 866 871 876 880 890 898 913 914 917 920 925
84 112 126 162 196 216 245 276 293 316 337 341 358 374 379 396 418 430 440 451 458 466 485 495 512 527 543 556 574 585 600 607 620 638 644 650 658 669 679 692 704 713 719 735 745 758 778 791 797 811 813 819 828 834 839 847 853 858 868 882 889 897 903 909 917 928 937 939 949 960 966 984 997 1009 1010 1016 1023 1031 1038 1041 1046 1047 1060 1065 1073 1081 1087 1092 1096 1100 1105 1107 1109 1114 1117 1123 1129 1139 1142
155 227 283 311 355 383 414 445 468 506 537 560 592 622 645 663 687 714 735 758 786 804 818 840 854 861 880 897 918 935 951 964 981 988 998 1017 1035 1047 1062 1071 1086 1107 1121 1134 1145 1162 1170 1182 1206 1223 1237 1249 1261 1278 1295 1307 1319 1328 1343 1355 1366 1383 1397 1412 1433 1440 1444 1464 1479 1488 1496 1505 1516 1525 1538 1544 1558 1574 1585 1595 1600 1612 1620 1626 1657 1671 1692 1697 1707 1722 1732 1741 1762 1774 1792 1800 1809 1817 1833
86 101 118 151 179 193 203 216 236 240 249 267 271 288 293 309 313 323 352 369 393 416 438 451 465 473 488 500 509 533 548 562 573 587 608 625 644 649 652 661 679 700 702 709 720 725 732 742 747 754 759 764 771 774 784 805 810 818 834 838 856 863 868 875 887 898 904 907 926 936 939 949 957 971 987 998 999 1013 1025 1027 1037 1047 1056 1067 1074 1077 1086 1099 1107 1114 1128 1140 1146 1149 1157 1173 1190 1202 1208
> n=5000 m=5 07/06/2021 11:25:51
114 163 188 226 266 298 325 360 373 391 421 432 446 457 473 494 517 541 552 566 579 593 605 628 646 659 676 684 692 699 715 732 739 747 759 769 777 792 798 813 825 832 856 863 885 893 905 912 919 926 927 939 946 953 964 969 977 988 1006 1008 1019 1033 1038 1043 1051 1065 1071 1086 1090 1097 1103 1129 1136 1150 1153 1171 1180 1195 1209 1228 1244 1261 1272 1288 1292 1295 1305 1329 1340 1346 1358 1368 1377 1387 1395 1404 1405 1434 1446
67 91 109 118 135 153 171 178 188 194 203 209 214 217 231 240 246 255 259 266 274 284 290 292 296 303 321 326 334 348 355 359 375 381 385 400 406 411 416 425 429 430 434 439 443 448 456 460 466 469 472 478 483 488 489 493 494 497 501 508 509 511 515 517 521 524 527 535 544 547 549 551 554 556 558 561 569 573 577 578 580 581 589 594 597 600 604 610 610 610 612 617 621 643 646 651 655 661 664
81 96 110 119 130 145 164 180 190 195 201 221 229 234 243 247 260 264 272 274 285 291 298 311 326 337 345 347 350 360 365 374 381 387 391 394 403 408 413 415 423 428 434 435 445 451 456 460 465 472 479 483 488 489 493 495 499 504 507 511 515 520 538 543 549 551 558 560 563 566 569 570 575 578 583 585 590 593 598 600 606 610 614 619 625 634 639 644 650 652 653 658 669 672 672 682 691 702 704
107 136 160 179 199 215 224 236 254 269 278 293 299 309 323 327 332 341 348 355 365 376 384 397 401 408 419 424 435 442 450 455 464 477 485 491 496 504 513 519 527 533 541 545 549 556 561 576 581 588 593 601 605 614 624 629 635 641 650 656 660 662 673 680 689 695 703 711 718 721 725 728 737 749 753 757 760 769 772 777 781 786 799 807 810 817 823 829 833 839 845 850 854 860 865 867 870 875 883
107 129 156 189 213 224 267 306 322 339 360 390 406 418 436 456 482 503 513 541 550 558 571 589 601 633 648 663 676 701 719 738 753 764 786 799 820 836 843 855 866 889 894 904 917 928 936 941 954 969 983 987 998 1022 1037 1047 1053 1062 1089 1103 1120 1133 1143 1153 1183 1197 1201 1207 1216 1222 1237 1243 1252 1259 1279 1287 1297 1304 1312 1328 1340 1348 1361 1372 1388 1405 1415 1433 1440 1448 1477 1481 1491 1503 1515 1520 1525 1539 1546
130 159 199 242 272 316 331 365 390 410 425 445 472 492 502 518 546 573 586 617 630 634 646 668 688 710 720 731 736 748 756 769 791 807 828 838 848 859 874 886 893 909 916 930 940 949 964 970 977 992 1000 1007 1017 1026 1037 1046 1057 1066 1079 1087 1092 1107 1111 1121 1128 1135 1143 1147 1157 1174 1179 1188 1194 1201 1207 1217 1228 1236 1249 1256 1262 1272 1281 1292 1298 1313 1328 1343 1357 1367 1374 1383 1388 1397 1400 1403 1411 1423 1426
92 133 150 186 189 211 226 262 279 296 304 317 324 336 342 351 371 376 382 399 405 412 431 442 450 460 468 477 486 504 518 524 534 549 563 567 579 589 592 594 611 620 630 636 643 649 659 664 668 672 682 685 692 699 707 712 718 730 733 746 749 752 765 771 777 785 788 790 799 815 817 829 842 847 853 858 862 869 873 880 882 887 888 893 907 911 921 937 942 952 953 958 961 965 968 972 978 979 985
155 215 310 345 392 438 477 499 526 557 588 616 660 689 716 739 772 789 823 840 874 897 912 936 955 968 982 998 1022 1053 1091 1107 1130 1152 1167 1186 1211 1229 1258 1275 1305 1335 1351 1368 1391 1402 1430 1442 1460 1479 1502 1522 1545 1563 1579 1589 1602 1613 1629 1639 1658 1679 1690 1705 1723 1733 1743 1761 1779 1812 1826 1834 1843 1854 1870 1897 1907 1915 1934 1955 1976 1992 2012 2028 2040 2057 2074 2087 2099 2116 2129 2142 2149 2158 2172 2182 2189 2202 2219
121 178 215 264 296 317 337 361 396 430 445 495 526 571 593 625 655 687 719 741 749 761 768 793 811 831 851 861 879 896 914 931 956 974 985 1000 1018 1028 1045 1062 1084 1098 1107 1126 1136 1154 1174 1193 1210 1231 1244 1264 1284 1298 1318 1332 1346 1363 1376 1382 1405 1419 1435 1446 1462 1478 1491 1504 1520 1533 1548 1572 1583 1588 1600 1604 1614 1625 1631 1647 1655 1669 1679 1692 1701 1705 1710 1725 1745 1752 1757 1770 1772 1781 1795 1802 1819 1826 1830
85 121 153 170 191 202 236 245 269 281 294 310 326 340 344 360 370 385 395 405 416 422 453 461 471 482 496 509 520 531 540 548 558 568 583 589 594 605 619 622 627 641 656 664 670 676 681 687 693 698 709 712 721 734 750 761 766 769 780 798 802 806 815 821 828 831 837 842 859 864 868 883 886 898 904 914 923 930 948 955 959 963 966 973 986 992 995 997 1005 1010 1015 1031 1044 1049 1055 1057 1065 1069 1075
95 128 139 152 172 182 187 197 200 213 231 240 248 266 275 282 291 296 303 309 314 315 325 335 339 342 369 376 386 393 405 411 420 429 438 451 454 464 468 472 478 488 492 496 500 516 522 529 533 537 546 551 559 561 563 564 568 572 577 584 592 595 603 613 619 623 632 640 645 650 659 663 667 674 677 687 691 696 702 706 709 711 714 719 722 727 729 736 742 747 750 753 757 758 763 767 774 777 782
104 121 142 160 183 209 223 239 256 264 282 290 306 319 334 346 353 358 369 376 385 391 397 406 412 424 432 443 445 451 460 466 470 477 480 489 495 499 505 519 526 530 539 546 551 564 568 575 582 594 603 609 624 631 639 644 651 656 663 673 679 684 691 695 702 706 711 716 722 727 732 740 746 748 755 768 773 776 784 795 799 806 808 809 819 822 830 835 845 850 856 867 872 878 884 888 897 901 902
131 180 228 255 289 330 357 371 384 407 423 448 486 501 508 529 542 570 595 619 630 653 663 677 691 717 732 747 766 778 792 806 816 821 839 853 859 883 901 926 938 951 958 962 979 992 1016 1032 1046 1058 1073 1094 1103 1114 1121 1137 1153 1164 1174 1191 1199 1210 1218 1225 1233 1237 1246 1259 1275 1282 1298 1313 1319 1334 1341 1353 1358 1363 1370 1378 1385 1389 1399 1421 1436 1450 1455 1462 1473 1485 1491 1495 1509 1511 1524 1539 1554 1569 1587
89 121 167 199 223 234 247 271 284 293 310 328 335 349 365 377 394 399 410 418 430 444 451 465 475 480 500 507 519 529 539 561 567 584 595 609 617 631 640 648 654 668 677 682 689 695 704 711 721 733 734 741 756 766 767 772 783 786 798 807 815 822 826 837 843 849 864 878 887 901 904 909 916 922 928 929 939 949 957 975 990 993 995 1010 1022 1024 1026 1030 1041 1049 1056 1059 1065 1071 1073 1076 1080 1084 1087
106 142 173 192 211 247 253 269 289 313 348 356 372 386 400 412 431 448 460 477 483 497 507 520 538 543 560 569 581 594 610 621 634 643 653 666 678 686 702 721 729 745 755 763 775 784 806 817 822 830 837 846 853 863 876 886 892 908 916 929 936 951 957 964 978 982 992 1007 1017 1028 1031 1036 1041 1043 1050 1060 1069 1076 1081 1098 1112 1117 1123 1129 1135 1142 1146 1155 1165 1171 1179 1183 1191 1209 1229 1234 1235 1240 1245
102 125 155 185 207 219 233 260 273 293 315 332 344 364 380 388 399 417 428 448 461 472 481 491 497 508 517 525 531 537 542 553 563 569 580 588 593 601 614 624 635 642 650 659 672 677 683 692 701 709 716 722 722 728 735 742 747 754 758 764 769 779 788 792 805 809 815 826 832 840 848 856 858 863 866 871 878 884 890 895 901 907 910 910 915 919 922 928 932 934 935 946 950 958 969 974 988 995 997
120 154 195 213 231 244 265 277 290 306 321 342 362 376 390 406 417 431 452 461 472 481 503 512 519 529 546 556 564 578 586 592 600 609 619 629 637 643 649 657 672 684 692 702 707 714 722 725 734 737 748 755 761 771 777 787 794 806 828 836 854 863 868 871 880 883 888 902 911 918 925 941 949 954 961 964 969 973 980 986 993 999 1005 1010 1012 1014 1018 1021 1029 1043 1048 1050 1068 1071 1075 1078 1083 1090 1092
98 135 167 190 201 221 245 252 265 277 294 310 322 329 338 340 352 363 375 387 419 425 428 442 446 454 461 467 479 486 489 504 507 515 527 544 555 566 571 588 600 610 615 621 628 641 650 669 681 685 692 705 712 720 724 730 737 738 752 758 764 781 803 807 811 823 835 846 850 855 859 863 867 874 881 885 899 906 929 931 939 948 956 969 970 972 975 984 997 1004 1006 1011 1015 1019 1022 1025 1027 1027 1031
135 184 215 263 293 316 350 389 419 448 458 475 494 527 545 561 573 589 597 626 635 658 669 693 699 718 733 753 770 785 804 819 833 843 851 874 887 904 920 947 952 961 990 1001 1016 1025 1036 1044 1056 1077 1091 1101 1119 1129 1134 1155 1161 1167 1185 1202 1212 1227 1228 1234 1241 1248 1255 1264 1270 1280 1288 1297 1309 1318 1324 1330 1349 1362 1376 1383 1398 1404 1407 1419 1423 1438 1444 1464 1474 1483 1495 1505 1515 1530 1537 1556 1567 1574 1586
160 204 237 264 285 315 353 371 396 412 436 466 474 488 512 540 572 579 602 614 647 664 679 703 715 737 755 770 794 808 819 830 842 856 869 883 894 908 921 936 953 971 985 990 995 1002 1019 1031 1039 1048 1060 1082 1100 1119 1130 1147 1167 1186 1216 1227 1233 1243 1251 1263 1278 1281 1286 1295 1304 1314 1327 1340 1349 1364 1373 1384 1389 1394 1410 1435 1450 1465 1471 1486 1495 1503 1509 1526 1535 1542 1553 1563 1575 1583 1590 1595 1614 1630 1634
> n=5000 m=5 07/06/2021 11:36:43
116 153 173 205 233 259 278 295 322 367 374 385 400 412 440 453 474 486 494 502 515 534 542 551 563 580 592 604 628 653 659 677 696 713 723 731 755 765 774 784 789 802 818 828 835 841 847 853 861 866 872 889 898 903 914 923 938 943 952 959 980 981 987 997 1006 1021 1031 1038 1045 1052 1058 1062 1070 1074 1084 1088 1096 1100 1101 1106 1122 1136 1139 1146 1155 1158 1166 1173 1177 1186 1189 1195 1212 1226 1230 1240 1249 1253 1262
> n=5000 m=5 07/06/2021 11:38:34
75 98 118 133 155 174 185 196 203 213 224 234 247 254 266 281 290 299 304 308 317 323 327 332 339 348 350 358 364 367 372 386 390 397 401 411 423 427 430 435 441 449 453 462 477 483 492 494 499 505 509 515 522 526 529 530 539 542 551 553 566 570 573 577 580 586 600 603 607 610 612 627 630 632 634 638 643 650 654 663 671 674 680 685 701 706 710 715 719 722 723 730 734 743 747 751 765 770 774
> n=5000 m=5 07/06/2021 11:43:37
100 170 210 241 275 296 335 381 420 441 486 500 521 549 569 623 657 675 702 733 762 779 796 815 827 839 857 875 891 918 929 942 962 982 997 1014 1026 1054 1072 1083 1093 1102 1110 1122 1129 1144 1161 1180 1192 1205 1232 1254 1280 1318 1329 1349 1358 1365 1380 1393 1404 1420 1428 1439 1445 1456 1480 1498 1511 1525 1542 1557 1583 1597 1605 1612 1619 1636 1647 1666 1687 1693 1726 1737 1750 1757 1767 1772 1791 1807 1816 1833 1847 1858 1872 1887 1908 1916 1927
> n=5000 m=5 07/06/2021 11:53:59
82 112 143 177 207 227 246 285 306 321 363 375 384 398 420 429 460 483 496 514 532 558 583 596 608 629 642 654 663 675 688 704 711 716 725 737 746 759 764 777 790 814 819 826 840 848 866 871 886 893 904 910 931 944 962 978 996 1007 1017 1028 1040 1043 1051 1056 1062 1075 1079 1091 1100 1112 1126 1134 1147 1151 1162 1176 1183 1186 1194 1205 1211 1220 1229 1241 1246 1258 1267 1276 1295 1303 1312 1332 1345 1351 1368 1375 1379 1387 1393
114 152 185 206 234 250 271 302 328 344 360 371 390 420 438 453 471 486 496 511 522 536 549 581 592 610 619 630 637 653 663 671 689 704 717 730 747 755 764 778 798 807 816 820 832 850 856 864 870 884 894 900 908 913 924 930 937 944 947 965 977 980 991 1004 1010 1020 1023 1029 1031 1038 1042 1054 1067 1074 1079 1098 1104 1108 1115 1121 1133 1143 1148 1153 1161 1168 1183 1190 1203 1213 1220 1227 1231 1235 1244 1255 1263 1270 1282
95 124 153 179 210 229 261 278 303 330 354 381 413 437 450 475 489 500 512 532 554 560 586 615 630 641 658 681 698 702 716 721 732 743 749 755 777 782 794 802 809 819 838 853 866 877 887 891 897 911 918 930 946 955 960 967 985 992 1006 1021 1029 1049 1055 1065 1073 1084 1090 1109 1116 1124 1144 1158 1165 1178 1185 1193 1198 1205 1218 1222 1229 1234 1235 1244 1251 1268 1275 1282 1296 1307 1313 1319 1325 1331 1341 1357 1366 1372 1378
129 155 193 209 239 257 289 318 340 360 384 413 429 455 479 499 519 535 554 572 583 617 643 670 688 713 719 744 757 774 798 815 831 840 850 860 873 890 899 909 921 926 940 954 958 966 974 989 1005 1009 1016 1027 1037 1051 1069 1095 1104 1114 1125 1143 1159 1169 1184 1195 1197 1199 1206 1213 1219 1231 1238 1248 1249 1252 1260 1269 1276 1281 1289 1308 1315 1319 1324 1335 1348 1358 1368 1373 1380 1388 1397 1404 1412 1421 1434 1445 1450 1456 1464
> n=5000 m=5 07/06/2021 11:54:40
103 130 154 175 201 218 234 252 268 280 288 304 319 327 334 349 360 368 381 391 397 407 410 419 430 435 443 459 463 473 482 490 496 502 508 514 534 540 548 556 564 571 579 587 592 602 611 626 640 645 653 659 666 673 681 689 693 702 706 713 718 724 727 732 746 753 759 767 775 782 787 791 795 799 804 810 815 818 827 834 837 842 844 849 857 862 867 870 876 881 887 895 898 906 910 915 918 921 924
106 133 148 165 187 209 237 252 259 264 278 290 293 319 334 343 357 366 373 381 391 397 404 421 423 431 441 460 466 473 481 497 504 517 524 530 537 541 548 552 559 563 576 583 585 591 607 615 617 625 631 636 651 658 662 667 674 679 684 694 700 704 710 714 730 744 749 762 770 773 778 778 779 788 793 797 803 830 832 836 844 854 863 870 879 890 895 907 912 914 917 925 929 930 934 946 950 956 960
96 119 163 196 218 250 274 298 317 333 357 374 400 416 435 446 453 478 492 504 524 541 550 567 573 581 592 602 619 639 657 665 678 699 709 718 730 754 763 770 781 793 808 813 819 829 842 845 851 855 864 879 888 904 915 925 931 944 951 963 972 981 985 991 1000 1010 1012 1026 1035 1041 1043 1047 1053 1058 1070 1083 1094 1097 1104 1113 1126 1135 1139 1152 1159 1173 1182 1192 1199 1205 1210 1213 1217 1221 1236 1239 1245 1252 1260
150 221 263 316 346 383 421 454 500 529 564 587 609 626 650 673 712 736 746 760 771 806 842 863 882 901 926 939 982 1003 1017 1035 1050 1070 1102 1124 1134 1151 1170 1182 1202 1221 1239 1256 1272 1283 1293 1313 1322 1337 1359 1372 1390 1397 1410 1418 1434 1447 1456 1467 1493 1510 1530 1545 1569 1580 1593 1608 1615 1632 1642 1653 1665 1670 1686 1699 1703 1711 1724 1732 1750 1761 1766 1786 1795 1803 1825 1836 1849 1861 1876 1885 1896 1910 1926 1940 1950 1971 1982
82 102 127 145 166 189 200 216 234 244 264 270 282 293 301 314 321 338 345 352 362 380 394 402 410 414 421 429 440 446 454 462 468 472 485 495 508 515 524 529 532 546 551 556 563 569 579 584 588 590 592 600 605 609 615 619 622 625 631 638 648 655 663 669 673 686 692 698 703 705 719 725 729 737 740 748 751 760 765 768 771 776 781 783 787 796 798 805 811 812 816 826 833 840 845 850 862 869 879
99 120 139 156 169 178 191 212 221 233 245 255 264 277 291 295 305 313 322 333 346 350 359 378 386 398 407 418 428 439 445 449 460 475 488 494 503 506 511 525 529 530 541 545 552 557 562 569 578 585 595 600 607 612 616 629 634 637 641 642 645 647 649 653 657 662 664 668 675 680 683 686 691 699 708 713 722 728 734 736 739 744 757 757 762 770 774 779 785 791 791 794 797 806 811 816 823 837 843
107 132 169 198 215 236 262 286 300 318 329 340 349 363 383 402 409 429 445 480 501 508 518 546 555 567 588 604 615 626 643 650 667 679 688 696 704 721 738 749 755 779 794 802 808 816 828 841 847 851 860 869 884 899 913 918 922 937 949 955 958 972 978 985 996 1020 1043 1058 1080 1099 1109 1110 1116 1130 1140 1158 1167 1169 1179 1193 1205 1207 1217 1236 1242 1259 1271 1275 1279 1283 1293 1311 1318 1325 1339 1344 1353 1366 1374
82 110 129 146 157 186 218 236 260 268 278 308 320 334 357 378 380 389 406 419 433 446 458 464 471 480 484 491 508 518 533 542 558 566 575 582 595 603 609 625 651 656 660 663 683 690 693 701 715 723 740 747 753 768 773 779 784 793 804 810 817 818 827 836 846 853 858 861 866 880 890 898 914 923 926 935 937 941 951 963 978 986 990 993 997 1002 1006 1012 1019 1027 1033 1036 1048 1053 1059 1066 1071 1077 1087
81 115 136 165 174 187 207 227 253 278 289 306 323 346 360 365 381 393 407 424 433 446 469 477 500 507 520 531 543 549 552 561 570 587 599 609 615 626 641 660 680 685 696 712 717 726 737 741 747 755 762 769 774 786 792 795 807 817 826 838 843 859 871 878 880 887 898 904 907 911 915 927 933 940 950 958 963 977 981 994 1012 1016 1032 1037 1049 1057 1063 1068 1080 1088 1093 1100 1111 1116 1128 1136 1141 1146 1150
99 121 134 165 181 207 233 243 261 278 297 313 342 356 364 374 392 397 403 414 417 422 438 453 460 467 486 494 505 519 525 539 552 562 571 575 582 587 597 605 612 617 621 625 641 650 656 663 671 674 682 683 690 705 708 712 718 724 728 741 744 754 764 768 775 782 787 797 800 804 810 817 824 829 830 834 841 847 856 863 868 871 878 883 888 894 896 901 918 926 933 939 941 944 954 957 961 961 964
75 113 137 182 202 227 251 272 316 338 344 359 367 378 403 420 440 468 475 483 512 530 548 578 609 640 656 672 683 697 701 713 730 742 756 775 789 794 813 823 830 841 858 861 866 877 886 890 897 909 916 931 962 988 999 1024 1034 1053 1068 1082 1099 1105 1121 1134 1138 1154 1161 1172 1190 1204 1212 1217 1227 1236 1242 1245 1254 1254 1260 1274 1289 1307 1310 1316 1322 1332 1343 1349 1367 1377 1380 1390 1402 1408 1417 1434 1437 1445 1452
74 105 125 134 163 183 209 230 244 281 308 339 351 360 373 383 397 414 428 433 438 443 449 467 472 485 497 506 514 529 558 564 570 577 602 618 624 632 641 653 657 663 666 675 681 687 701 706 711 716 732 743 746 751 756 764 770 773 777 782 796 804 816 820 830 845 853 858 862 868 871 875 879 886 891 894 899 904 909 920 924 925 932 937 946 949 961 967 973 977 991 995 999 1001 1004 1012 1015 1017 1028
93 132 170 197 208 232 252 271 289 305 322 348 357 372 383 402 425 439 468 479 487 521 529 543 553 581 591 603 619 631 652 659 677 694 702 716 739 750 757 769 785 797 805 820 828 833 836 854 857 863 867 883 888 893 896 902 915 928 942 950 955 962 970 976 982 989 995 1001 1017 1029 1039 1053 1060 1070 1074 1081 1093 1099 1104 1108 1113 1132 1145 1155 1161 1167 1172 1187 1193 1196 1201 1211 1220 1228 1230 1241 1243 1259 1268
86 119 149 176 192 203 220 257 268 286 293 312 323 351 364 379 389 402 419 432 460 482 499 507 515 525 530 544 549 574 586 598 606 634 641 646 654 672 680 692 701 712 715 731 746 753 757 764 768 777 783 791 813 819 832 837 842 852 856 860 866 872 877 882 899 916 922 928 937 956 962 982 1006 1015 1022 1026 1030 1034 1041 1045 1053 1064 1068 1072 1084 1088 1091 1098 1113 1114 1120 1131 1137 1142 1149 1152 1163 1168 1171
96 141 175 211 231 262 280 294 308 330 355 370 397 409 421 433 444 456 469 480 503 516 524 537 565 573 595 605 621 631 638 644 662 679 687 700 708 715 725 735 742 747 756 763 771 785 790 804 817 822 837 844 849 861 877 886 899 909 914 931 936 938 942 951 960 969 976 989 994 1006 1020 1027 1035 1042 1049 1053 1062 1076 1104 1118 1121 1134 1136 1142 1155 1161 1165 1168 1172 1179 1188 1199 1206 1212 1220 1232 1235 1240 1252
142 175 214 239 262 284 310 328 346 366 384 408 433 451 462 478 497 508 523 533 554 569 579 589 608 621 629 642 658 666 675 689 699 708 723 739 751 761 769 781 788 800 808 814 838 844 848 854 862 872 882 887 901 907 917 932 938 945 966 975 980 986 1003 1019 1022 1028 1034 1041 1056 1064 1080 1088 1093 1096 1099 1108 1120 1134 1138 1143 1152 1161 1168 1174 1178 1183 1187 1191 1198 1203 1207 1214 1220 1223 1230 1233 1240 1247 1256
75 94 117 133 149 170 188 201 222 244 253 264 271 285 289 297 311 313 329 339 347 355 364 371 383 388 397 405 412 416 424 439 446 460 474 481 490 502 519 531 537 548 569 588 602 607 611 623 623 631 643 647 660 665 672 677 680 684 698 706 713 717 722 730 734 736 755 759 763 767 777 779 782 786 798 808 815 824 830 838 850 854 856 862 868 873 877 891 895 899 904 908 918 921 925 937 948 953 955
150 217 273 318 372 414 454 489 536 572 599 633 665 711 762 798 835 890 931 953 988 1015 1053 1107 1127 1178 1202 1226 1249 1279 1313 1334 1368 1384 1399 1431 1451 1464 1483 1506 1539 1569 1597 1625 1643 1665 1699 1716 1729 1748 1801 1820 1851 1884 1917 1933 1947 1962 1980 1994 2012 2036 2065 2089 2117 2147 2169 2185 2200 2227 2248 2270 2284 2304 2334 2347 2362 2396 2412 2435 2451 2462 2483 2496 2518 2534 2563 2580 2588 2602 2616 2636 2650 2669 2694 2711 2725 2746 2756
93 126 141 153 171 190 202 217 228 245 255 271 286 304 309 320 334 339 350 363 379 393 400 406 420 429 435 441 449 459 466 470 474 487 496 513 517 526 530 537 545 551 560 575 583 590 593 595 604 610 616 624 629 637 643 652 658 664 668 673 681 692 700 701 706 712 717 727 730 738 750 757 760 764 769 774 778 784 791 793 795 799 804 809 820 824 829 839 842 843 844 850 854 861 864 864 874 880 893
91 124 148 167 183 201 228 239 249 257 277 283 304 316 321 334 344 362 374 382 392 400 410 419 425 446 450 454 466 474 480 486 505 511 517 532 539 554 573 581 585 595 618 625 633 645 653 663 675 680 683 686 696 708 716 727 733 753 759 771 783 788 793 798 806 813 817 824 831 840 845 852 862 882 901 906 914 919 925 930 935 936 939 949 953 957 965 971 982 999 1007 1019 1026 1031 1035 1045 1058 1061 1067
