> n=5000 m=5 07/06/2021 11:11:59
80 80 82 89 92 93 101 103 103 111 113 113 115 123 125 125 127 127 128 129 135 137 139 139 140 145 149 155 156 163 163 163 164 165 165 165 173 174 175 176 177 179 180 182 185 186 193 195 195 195 196 199 199 200 202 205 214 214 217 218 218 219 220 220 225 226 233 239 241 251 252 252 257 259 261 261 261 261 261 263
173 176 180 184 184 184 184 186 186 193 196 201 207 208 213 216 219 221 222 225 228 234 236 238 241 244 247 248 252 257 258 260 262 274 284 288 289 293 307 310 312 313 314 322 323 325 326 328 331 333 337 338 342 346 349 352 354 358 359 362 369 369 369 370 372 372 375 375 377 378 381 384 388 388 391 391 391 393 394 397
118 120 122 128 131 135 137 139 140 141 142 147 150 152 154 155 156 157 159 163 164 165 181 183 186 192 194 196 200 201 203 203 212 214 216 218 221 222 224 226 228 240 241 242 242 242 242 245 245 245 250 250 253 253 255 263 264 266 268 270 273 274 274 279 282 282 286 286 288 288 289 289 291 294 295 295 297 297 297 299
68 70 73 76 83 86 89 89 91 91 93 95 95 104 107 108 110 122 124 124 125 126 128 128 128 129 129 137 138 140 140 143 144 144 144 146 146 155 156 158 158 158 161 163 164 165 168 168 168 168 168 169 170 171 173 174 178 179 179 179 179 180 181 182 182 182 182 183 184 184 184 184 184 184 186 191 191 191 191 192
51 60 63 64 67 68 68 71 79 79 81 81 82 83 84 86 86 93 94 96 103 105 107 109 111 111 111 111 113 113 114 116 117 119 121 122 126 127 127 127 127 127 127 127 127 128 128 130 130 131 132 132 133 134 134 135 137 137 137 139 139 140 140 140 140 140 141 141 150 151 151 152 154 155 157 159 159 159 160 160
53 53 54 54 55 56 57 57 57 57 58 59 59 60 60 60 60 62 62 63 63 64 65 65 65 67 68 68 70 70 70 70 71 71 72 72 72 72 72 74 75 77 77 77 78 88 88 89 91 93 93 93 96 96 96 97 98 98 100 101 101 102 102 102 103 104 104 104 109 109 110 111 112 112 113 113 114 114 114 115
115 116 118 122 126 141 144 146 148 153 156 168 170 172 180 183 183 187 191 193 193 195 195 195 197 201 205 205 207 209 212 216 217 218 226 226 229 229 236 237 238 239 244 246 246 247 249 250 252 255 257 257 257 257 257 259 263 263 264 268 269 271 272 272 275 276 277 278 285 287 289 290 292 293 295 296 296 297 297 300
116 120 125 125 128 130 135 144 144 150 151 153 155 159 169 170 171 182 186 187 187 200 203 203 213 215 215 216 218 219 222 223 225 225 229 233 233 233 236 236 238 239 239 240 243 251 252 253 255 255 257 259 260 261 262 264 264 265 265 265 265 268 268 270 273 273 275 276 280 280 292 292 294 297 298 298 298 298 300 301
60 64 73 74 74 74 76 76 77 78 79 86 86 87 87 87 90 90 90 91 109 110 110 114 122 130 130 132 132 133 139 140 142 142 142 148 150 151 152 152 152 152 153 154 154 155 155 156 156 158 158 160 161 161 161 162 163 163 172 172 172 172 172 174 174 174 174 174 174 175 175 177 178 179 179 179 185 185 186 186
66 68 83 85 89 99 102 104 110 116 117 119 121 121 123 127 129 132 136 136 140 140 140 144 151 152 154 154 156 157 157 158 158 159 162 162 163 164 164 166 171 172 173 173 182 192 193 194 194 194 196 196 196 197 200 204 204 206 206 206 213 215 216 218 221 221 223 224 233 233 237 239 239 239 239 240 240 241 242 243
82 86 87 93 97 97 106 116 117 121 129 131 132 134 136 139 140 142 148 155 156 156 156 158 160 162 181 182 193 193 195 195 198 199 203 206 209 213 214 221 225 229 230 233 235 235 238 240 243 243 243 243 252 255 256 257 259 259 261 261 264 265 267 276 280 281 291 291 292 293 295 295 295 296 298 298 300 304 304 307
59 63 69 70 71 75 75 76 77 79 79 83 83 84 89 92 94 96 99 100 100 107 108 110 113 113 127 128 130 131 134 134 134 135 135 135 135 137 143 151 151 151 151 151 152 154 157 157 158 159 159 159 159 164 164 166 166 167 167 167 167 167 169 170 170 171 171 172 174 175 176 176 177 178 179 179 179 181 182 182
107 108 109 111 114 114 115 118 122 124 127 127 130 131 134 136 138 139 142 144 146 149 150 153 154 156 157 161 164 164 167 168 171 172 172 174 174 174 177 178 179 181 182 183 183 184 185 192 198 198 200 202 203 203 206 208 211 212 214 215 217 218 219 219 220 220 222 223 225 234 235 235 235 237 238 239 241 245 246 247
211 214 225 228 238 247 250 251 253 256 261 265 267 274 276 283 293 295 298 301 302 306 311 316 321 323 328 331 335 335 340 342 347 348 351 355 363 371 373 374 377 382 385 389 390 391 393 395 399 404 406 408 411 414 416 418 421 424 426 429 434 436 442 452 457 459 461 462 464 467 468 470 471 474 482 483 484 485 491 493
176 179 181 186 190 194 198 201 204 209 211 215 218 220 224 226 226 228 237 240 245 248 251 255 258 260 260 261 268 269 272 273 274 276 278 278 278 280 282 285 289 290 291 291 294 297 300 302 305 307 309 309 314 318 318 318 320 323 323 324 325 327 330 331 335 335 336 338 339 342 344 346 348 348 348 349 352 355 358 358
76 79 84 85 87 88 89 92 94 96 99 99 102 103 105 108 109 111 111 111 111 111 111 111 111 113 113 114 115 116 116 118 119 120 123 127 128 130 130 131 133 133 134 135 135 136 136 137 137 138 139 141 143 145 146 147 148 149 150 151 155 155 158 158 160 160 168 168 175 175 175 176 177 181 182 182 185 193 194 195
67 68 68 70 72 72 72 73 73 75 75 77 78 79 80 80 80 86 86 87 87 95 95 96 97 98 103 103 103 104 106 109 110 112 112 113 115 116 117 117 118 120 120 120 125 125 126 128 128 129 130 130 130 139 140 141 141 141 141 141 150 150 151 151 151 151 151 152 152 152 155 155 156 157 159 159 159 160 161 161
56 57 59 66 69 71 78 79 85 97 97 97 97 97 98 106 113 116 116 118 118 119 120 122 123 124 125 129 134 135 137 137 139 139 141 147 148 149 158 159 162 162 164 172 172 173 175 175 177 178 179 182 184 184 186 186 187 190 190 191 191 191 192 193 193 193 196 196 199 199 202 203 204 204 204 204 204 205 210 212
114 116 117 119 124 126 128 129 134 136 138 141 144 146 147 148 150 152 154 157 163 163 165 168 172 176 178 180 180 180 181 182 186 188 190 202 206 210 213 216 218 223 227 229 245 245 246 253 254 256 259 261 267 268 270 272 276 279 293 294 295 298 299 304 304 305 310 310 314 315 317 321 328 328 329 329 331 340 341 343
169 181 184 193 203 207 216 219 222 224 228 229 233 252 256 257 259 264 267 270 278 285 289 292 296 299 303 307 310 310 313 317 319 326 331 338 342 345 351 353 354 356 358 360 361 365 370 372 374 377 381 388 390 391 394 398 398 402 403 408 412 413 413 414 418 420 420 420 422 424 427 428 433 436 436 440 443 447 449 451
> n=5000 m=5 07/06/2021 11:19:40
192 194 199 205 222 225 229 236 241 252 260 264 270 271 274 279 280 285 288 292 299 303 319 321 324 326 330 336 338 340 343 346 347 349 351 353 355 358 359 365 368 372 374 377 379 386 390 394 397 408 411 412 414 416 421 422 425 429 432 435 436 441 445 447 450 452 455 459 462 464 466 469 471 472 473 480 480 481 481 484
176 177 182 187 191 198 202 211 217 219 223 226 231 236 237 240 241 242 245 248 251 255 257 261 266 268 274 276 281 288 289 293 294 300 303 305 307 308 321 324 326 331 333 336 338 341 349 349 356 357 357 357 360 361 365 367 369 373 376 380 383 385 389 390 392 394 399 401 405 407 411 413 417 421 422 424 426 429 430 435
182 190 191 203 210 224 231 237 241 248 250 253 260 268 269 271 276 282 283 288 292 294 295 298 302 307 310 311 312 313 315 318 320 326 329 330 334 335 337 342 343 347 348 352 352 358 364 366 368 371 372 374 377 379 381 385 387 389 392 393 393 394 396 397 405 412 413 413 415 415 417 424 426 430 433 433 436 440 443 447
198 201 208 212 218 227 236 239 244 247 247 255 263 269 273 278 281 281 283 286 287 292 294 297 300 302 306 309 313 314 314 318 321 325 327 329 334 336 338 341 347 350 353 355 358 359 362 368 371 371 374 377 377 378 381 383 387 388 392 396 400 404 406 408 410 414 420 423 424 428 429 432 436 437 438 439 443 443 445 447
55 55 56 58 61 64 73 80 80 80 81 83 91 93 95 96 97 99 100 101 103 104 104 105 107 116 117 122 124 125 125 127 127 127 128 129 133 134 137 137 138 138 140 141 141 146 146 146 148 148 149 149 149 150 150 151 152 154 155 155 155 161 161 162 162 163 164 164 165 166 168 170 170 171 172 177 178 181 183 183
106 114 117 119 126 130 134 137 144 148 152 153 157 162 168 172 173 177 178 180 183 184 187 190 192 194 196 199 199 199 199 201 202 207 210 213 215 216 220 222 222 222 223 225 227 229 231 236 239 240 240 243 244 246 248 249 252 255 265 266 267 267 270 271 275 276 276 279 283 283 285 287 291 296 298 299 300 303 305 305
96 101 104 109 112 115 119 120 122 124 126 127 129 133 135 138 142 143 143 144 147 149 150 152 152 156 157 159 161 162 163 164 165 165 168 169 172 173 174 178 180 182 183 184 184 184 186 188 188 191 192 193 193 194 195 195 196 196 203 204 204 205 206 211 211 214 217 218 218 218 219 220 220 220 222 222 223 223 225 226
49 49 49 49 51 51 58 58 58 58 58 68 70 71 72 72 72 72 72 73 74 77 79 79 79 81 81 81 81 82 84 85 86 92 92 92 92 95 96 96 96 96 96 97 97 98 98 98 98 99 100 102 102 102 102 103 103 109 110 114 115 115 115 115 117 118 118 118 127 127 127 127 128 128 130 131 131 132 132 132
125 132 135 139 141 143 146 147 149 150 157 162 164 169 172 175 179 184 188 191 193 195 202 202 209 209 211 211 214 219 221 222 223 224 226 226 226 230 233 239 240 244 248 250 252 253 254 254 255 258 259 268 278 279 279 284 287 295 303 310 312 313 316 316 318 319 321 330 331 332 333 335 336 336 338 338 340 341 341 344
103 103 105 106 108 110 114 115 117 117 123 123 125 126 128 130 130 132 141 143 144 147 150 152 154 156 157 157 160 162 163 164 165 165 166 173 175 175 177 177 180 181 183 184 185 194 195 196 199 199 202 203 205 206 209 212 213 215 216 217 217 218 219 221 223 223 230 232 237 239 239 241 241 242 243 245 245 245 252 254
68 69 72 72 73 74 75 80 82 85 85 86 88 88 88 89 96 97 101 101 104 111 114 117 125 125 126 126 133 135 136 137 137 145 145 145 145 148 149 152 152 152 152 154 157 158 158 159 166 167 176 178 178 180 180 180 181 183 188 190 195 195 204 204 204 204 204 206 207 208 208 209 210 210 210 210 211 211 212 220
127 131 133 136 139 141 142 146 148 150 150 152 154 156 165 166 167 174 177 178 180 181 183 183 187 195 198 200 201 201 210 214 217 220 222 224 225 229 229 230 231 236 238 238 240 241 243 245 247 249 251 251 255 257 258 262 265 268 271 272 277 286 287 287 288 289 290 291 293 297 298 298 300 303 303 304 306 306 306 308
51 51 51 51 52 53 53 53 62 64 65 69 70 72 72 75 76 76 76 83 83 85 88 88 89 89 90 90 90 90 91 91 91 100 101 103 104 104 105 105 114 115 123 124 124 124 125 126 126 126 127 127 129 130 130 131 132 132 132 134 134 134 134 134 135 136 137 137 137 139 139 139 140 140 140 141 149 149 152 152
130 134 135 136 142 146 155 156 164 166 173 176 176 180 181 189 189 190 195 196 205 206 212 213 216 226 234 236 238 240 241 244 248 248 248 258 258 260 262 262 263 265 267 268 275 281 283 284 286 287 290 292 292 301 309 310 313 315 316 319 319 320 334 334 335 337 341 344 346 346 352 358 359 360 362 364 365 366 366 370
112 115 119 129 133 137 140 143 144 144 144 146 147 147 151 156 157 158 159 163 164 177 179 180 181 182 186 192 194 197 207 214 220 222 224 227 227 228 228 230 232 232 234 235 238 240 242 246 255 266 267 269 275 276 287 288 295 301 301 303 304 306 306 306 306 307 309 311 312 313 313 314 321 323 323 326 326 326 336 348
75 76 77 78 78 80 85 87 87 88 90 91 92 94 94 95 95 95 97 98 100 102 102 103 104 106 114 115 115 118 119 119 120 123 123 126 128 130 130 131 132 133 148 148 148 149 151 152 154 154 156 156 157 165 165 165 165 165 168 169 169 169 169 169 170 175 175 176 176 176 177 180 184 184 193 194 196 196 196 196
184 192 197 203 206 211 217 220 224 232 239 241 247 250 259 261 263 267 278 282 283 285 288 291 292 293 296 296 299 302 305 312 313 318 323 325 328 330 335 341 346 353 355 356 358 359 362 362 364 365 368 377 384 386 386 391 393 404 406 410 412 414 417 419 424 425 427 431 441 444 446 447 448 451 454 455 457 459 461 463
173 182 186 189 210 218 220 222 232 235 238 240 240 243 253 256 262 264 266 268 270 274 278 290 297 299 302 309 312 316 320 331 336 337 338 338 341 342 343 343 355 358 360 363 364 367 368 371 374 376 376 377 378 382 385 388 390 392 393 394 396 396 398 398 399 400 404 405 407 407 408 409 412 412 412 414 416 418 422 437
165 169 171 178 181 187 197 201 202 213 218 221 225 231 234 236 243 246 248 251 252 254 254 256 257 260 264 266 267 270 276 278 281 282 291 292 294 294 299 300 303 305 307 307 311 311 312 315 323 328 329 337 340 344 347 350 350 355 358 358 360 363 369 370 372 381 383 385 386 387 388 391 396 406 408 409 414 417 417 419
46 47 47 51 51 51 51 53 53 53 54 58 58 72 73 75 78 79 79 81 81 81 81 82 90 92 99 100 100 101 102 103 104 114 114 116 116 116 117 117 117 117 117 117 118 118 124 124 124 125 125 126 126 128 128 128 128 130 131 131 132 132 138 141 142 160 160 160 164 165 165 166 175 176 184 184 185 186 186 187
> n=5000 m=5 07/06/2021 11:25:51
58 59 70 71 72 75 75 85 93 100 100 100 102 106 107 113 121 121 122 124 125 127 127 128 128 131 133 133 134 135 135 136 136 140 141 141 141 141 142 147 148 151 151 151 153 154 162 165 167 169 169 172 173 175 176 176 179 186 186 186 186 195 195 196 196 196 198 199 201 202 202 203 204 205 205 208 208 209 211 216
142 151 155 157 160 165 172 175 178 187 191 193 195 204 206 210 223 225 230 231 234 236 238 238 239 241 243 248 249 249 251 252 256 260 261 263 266 269 274 279 280 280 282 287 289 289 292 292 292 293 295 301 304 307 310 312 314 317 319 319 319 320 322 325 330 330 333 334 337 341 345 348 351 353 355 357 358 366 368 370
169 176 181 185 189 191 203 206 209 211 215 221 223 226 233 236 239 241 243 247 249 252 262 264 274 275 279 287 289 292 296 299 301 307 311 313 315 317 318 321 328 347 350 353 355 367 369 370 374 377 378 380 380 381 383 386 388 391 392 400 400 401 405 406 407 410 411 414 425 427 430 433 435 435 439 439 441 442 445 450
114 117 121 126 129 132 137 139 139 141 144 147 147 153 154 160 161 163 169 172 173 175 176 176 178 183 185 188 189 199 201 205 207 208 210 212 213 216 218 224 228 230 232 234 235 236 243 244 246 246 248 250 251 253 253 254 256 259 259 261 264 265 265 266 268 272 274 277 281 283 283 285 286 287 289 289 290 292 293 295
223 228 233 240 245 249 253 256 259 264 267 268 270 272 277 282 290 293 297 300 307 310 317 320 327 329 331 333 336 342 345 354 356 360 363 374 380 384 386 389 394 395 399 403 407 409 415 421 423 427 432 435 438 440 440 443 445 445 449 450 459 462 465 468 471 473 479 482 484 486 489 489 491 494 503 505 509 515 516 523
164 167 175 179 183 185 186 189 195 196 199 205 207 209 210 214 215 218 221 222 226 228 231 233 238 241 244 252 257 259 270 275 277 281 283 285 294 295 296 301 302 303 308 310 313 314 314 316 318 320 321 326 328 328 330 332 333 335 339 340 342 344 344 344 347 351 352 354 356 358 361 363 364 365 368 371 372 372 373 375
50 51 52 54 54 57 59 61 68 70 71 71 74 74 81 86 87 90 92 98 102 102 102 104 110 110 110 112 112 114 124 126 126 130 131 132 132 134 145 145 145 145 146 146 154 154 156 157 158 162 165 167 167 167 168 168 169 169 170 171 172 172 172 172 172 173 175 176 178 180 180 180 183 184 186 186 187 187 188 189
243 251 256 268 274 280 287 297 304 307 313 322 326 332 341 342 350 353 358 364 370 374 385 390 402 411 412 416 420 421 424 429 434 437 444 445 450 452 454 456 462 466 470 481 485 487 492 495 499 501 503 504 509 511 517 520 525 528 537 542 547 549 552 553 557 561 566 568 569 571 574 577 578 582 585 587 588 600 605 608
44 49 52 53 53 53 55 55 55 60 67 67 67 67 67 67 68 68 68 68 68 70 71 71 72 72 73 79 82 86 86 87 90 90 91 91 92 96 102 102 103 106 106 106 107 107 108 108 108 109 110 110 110 124 124 126 127 135 136 137 138 138 138 138 138 138 138 141 141 143 143 143 145 145 147 147 147 148 148 148
84 86 86 86 89 91 93 95 98 102 102 103 104 104 107 109 110 111 112 115 117 121 124 124 125 125 126 129 131 133 133 133 134 134 134 135 135 136 136 136 137 137 139 139 139 141 143 143 143 145 147 148 149 151 152 153 154 156 157 159 159 159 161 161 161 161 161 164 164 164 165 167 167 168 169 170 170 171 172 172
126 131 134 138 141 144 144 144 145 151 161 170 176 178 188 190 191 196 201 203 208 211 215 217 219 221 224 226 226 230 231 235 236 237 239 248 256 258 259 261 264 267 269 271 271 281 281 283 284 288 289 289 289 291 292 292 292 296 298 298 300 308 309 311 312 313 314 314 315 317 321 324 327 328 329 337 339 339 342 343
214 224 230 233 235 241 245 248 250 257 260 260 265 270 274 277 284 287 291 292 296 299 306 307 310 314 316 318 330 333 336 341 352 355 360 364 371 374 377 384 387 392 393 408 412 415 415 418 420 422 429 433 435 435 435 438 442 447 448 449 449 454 460 461 462 466 468 470 474 476 477 478 484 487 488 489 494 496 498 503
83 84 84 90 91 92 101 101 102 109 117 130 135 135 138 140 140 142 144 145 150 150 155 159 161 161 167 169 172 181 184 185 187 189 190 192 193 195 200 200 203 203 209 212 212 214 215 216 218 218 219 219 219 220 223 223 228 234 235 235 236 236 240 245 246 247 250 252 252 252 252 253 258 260 260 260 262 264 264 264
116 125 132 139 139 147 147 149 151 152 155 164 165 167 170 172 176 177 180 190 191 191 191 193 200 200 200 201 202 208 210 210 210 220 220 221 223 224 226 232 234 235 236 240 244 245 256 260 266 271 275 279 285 288 291 293 294 304 306 307 308 310 312 315 320 321 321 323 323 324 325 328 332 333 340 342 343 343 343 357
199 206 209 215 216 221 231 236 241 245 246 250 254 259 261 267 270 280 281 285 288 290 293 301 304 307 313 314 317 319 321 331 334 338 341 342 347 351 355 360 360 362 363 369 372 374 387 389 401 406 407 410 412 420 425 428 431 435 437 437 438 443 443 444 446 446 446 449 449 452 453 456 457 457 457 457 461 467 474 475
97 99 103 106 106 106 108 110 112 116 116 117 122 124 124 125 126 127 127 127 137 138 138 141 143 144 144 144 144 145 148 150 150 152 152 153 156 156 157 160 161 163 164 165 174 175 177 177 178 180 181 187 189 190 194 198 202 203 203 204 205 207 207 207 209 210 212 215 216 218 219 227 228 228 228 228 231 232 232 233
80 81 81 85 85 89 92 94 96 96 98 100 105 110 117 117 117 118 120 121 127 133 134 135 141 142 142 144 147 147 155 155 155 163 163 164 166 173 175 176 176 179 181 185 185 185 187 190 194 196 196 196 198 202 204 204 206 207 209 212 215 221 223 224 225 226 227 228 229 230 233 233 234 234 234 234 235 235 235 235
63 64 65 66 67 67 68 68 68 68 68 68 70 70 75 75 75 75 75 76 77 77 77 77 77 77 77 79 79 79 81 81 81 82 82 82 83 84 84 84 87 88 88 88 88 89 90 91 91 91 94 94 94 94 97 97 99 99 99 99 99 99 99 100 101 103 103 106 107 107 107 107 107 109 109 116 116 118 119 119
70 70 77 77 77 77 80 80 81 84 85 87 88 89 89 90 92 92 95 95 95 96 98 100 101 102 102 103 104 104 104 105 105 106 108 108 117 117 118 118 118 119 119 121 122 122 123 125 131 134 134 134 136 136 136 136 136 136 139 139 140 141 141 141 141 143 146 146 147 150 150 150 150 151 151 151 151 151 151 151
231 241 247 252 260 264 268 273 278 284 287 292 295 301 307 315 320 326 331 337 338 344 351 358 359 360 361 363 368 372 376 380 389 393 399 404 408 412 414 428 432 433 437 440 444 447 447 448 458 461 466 471 477 480 483 486 490 492 494 501 505 507 513 513 516 517 521 525 527 531 533 536 539 542 543 546 548 550 553 555
> n=5000 m=5 07/06/2021 11:36:43
213 224 226 229 237 242 245 247 251 255 259 262 267 277 281 283 289 292 297 306 314 317 319 331 334 338 342 345 349 351 354 363 370 376 380 386 387 391 392 396 398 406 408 412 417 421 427 436 439 443 446 449 449 452 464 466 468 470 473 474 479 482 488 493 494 497 506 507 509 510 515 518 520 524 528 529 532 533 535 538
> n=5000 m=5 07/06/2021 11:38:34
95 98 100 100 103 104 107 107 111 111 114 117 117 118 119 122 125 127 129 130 133 134 136 143 143 144 144 146 150 151 151 151 152 154 154 158 158 158 162 162 163 163 164 164 165 165 175 175 175 176 180 182 182 184 184 185 188 190 190 192 201 202 203 204 204 204 205 206 206 206 207 207 207 207 210 210 212 212 213 213
> n=5000 m=5 07/06/2021 11:43:37
54 54 57 58 59 66 66 68 68 68 71 71 72 75 75 75 76 76 77 77 78 79 87 89 96 98 98 98 100 102 103 103 104 104 107 107 107 107 108 110 113 114 115 115 116 116 117 117 119 119 120 120 124 124 124 124 125 126 128 131 132 132 135 136 136 136 139 144 145 147 147 147 147 147 148 150 150 150 150 150
> n=5000 m=5 07/06/2021 11:53:59
67 69 69 72 75 76 78 78 78 79 82 84 85 87 90 93 95 97 99 100 100 102 102 103 103 105 106 107 107 107 107 107 109 109 110 112 113 113 113 116 118 119 121 121 122 122 122 122 122 123 123 124 126 126 126 129 129 129 129 130 131 131 132 134 134 135 135 135 136 136 136 136 137 138 138 139 139 141 142 142
139 156 159 160 164 166 169 170 173 179 183 184 188 192 193 196 199 202 204 207 212 215 219 220 220 222 225 226 227 230 231 232 237 237 240 250 250 252 254 254 258 261 267 269 274 275 278 278 282 282 285 287 290 297 298 301 305 307 310 312 313 315 318 319 324 327 328 328 330 334 338 338 342 344 345 347 351 352 353 355
51 51 51 51 52 52 52 53 59 65 65 66 67 69 70 73 79 79 81 81 81 81 82 88 89 89 96 98 98 98 98 98 99 101 101 101 102 104 106 106 106 106 106 108 108 109 110 112 112 112 112 120 122 123 124 126 126 126 126 129 130 136 142 143 143 143 143 143 144 144 155 156 156 156 157 157 157 158 158 159
64 65 68 70 71 74 81 81 85 86 89 90 91 92 92 94 94 95 95 95 96 96 97 98 98 98 98 98 100 101 102 102 103 104 104 105 108 108 109 111 113 113 114 115 116 116 117 117 117 118 120 122 122 122 122 124 124 125 125 125 127 127 127 127 128 130 131 131 132 132 132 132 133 135 137 137 137 137 137 138
> n=5000 m=5 07/06/2021 11:54:40
68 68 69 75 86 89 91 92 92 92 92 102 103 103 111 113 114 115 115 116 118 119 119 121 122 122 123 123 125 127 132 139 142 142 142 144 145 146 146 151 151 153 153 153 155 161 162 169 172 174 177 178 178 181 181 181 182 183 186 187 188 196 196 198 199 207 222 222 222 229 230 230 230 230 232 233 233 236 236 236
48 48 48 48 49 49 50 50 58 60 60 60 60 60 67 68 68 68 68 68 75 76 76 76 78 78 78 79 79 79 83 84 84 84 84 85 85 87 87 100 100 100 100 100 102 104 104 104 104 104 105 106 106 109 109 109 109 115 116 117 117 118 118 119 119 121 121 122 123 123 125 127 127 127 127 127 127 127 127 127
126 127 129 130 131 131 134 137 140 140 141 149 151 154 155 159 160 162 162 162 164 166 169 171 175 185 186 190 193 193 195 196 197 199 199 203 203 206 207 210 219 221 221 222 223 225 226 227 227 227 228 229 230 231 233 234 235 236 236 237 239 241 242 243 244 245 247 247 248 253 255 255 264 265 268 268 271 274 276 277
175 176 178 183 188 191 191 198 210 215 221 223 224 226 229 230 238 240 243 247 247 248 256 259 260 263 264 266 267 268 273 275 279 281 283 285 286 296 302 305 309 311 311 313 314 318 322 324 328 329 332 333 339 339 341 347 349 354 357 360 363 366 369 370 373 375 379 380 381 387 387 389 390 391 392 400 400 401 407 407
164 165 172 179 182 185 186 188 196 207 208 210 214 220 222 226 228 233 238 243 245 246 251 252 259 262 266 268 271 273 273 274 279 281 284 284 292 295 298 301 312 315 318 320 322 325 327 330 334 337 338 339 342 344 344 346 353 353 356 359 362 362 365 366 367 368 373 373 374 375 375 377 377 379 381 382 384 386 389 391
79 80 81 81 83 83 87 90 91 93 93 95 96 97 97 97 101 103 103 103 103 106 108 109 112 113 114 114 114 114 114 115 116 116 116 116 118 119 126 128 129 138 138 138 139 140 140 140 140 141 141 141 141 142 143 144 145 145 152 153 154 155 155 155 157 158 158 160 160 160 160 160 175 176 178 178 180 181 183 183
161 169 171 171 176 178 182 188 193 197 203 204 209 210 214 216 218 221 228 232 236 236 236 242 244 245 247 249 259 262 265 266 267 271 271 272 277 285 286 292 294 297 301 304 307 308 310 312 315 316 321 323 325 326 327 330 332 332 337 338 339 342 342 345 349 364 365 370 375 377 380 384 387 390 393 398 400 400 401 404
99 105 106 110 114 115 118 122 125 129 131 131 133 135 136 137 137 139 141 145 148 149 150 151 153 154 155 156 159 160 160 161 162 165 168 172 172 174 175 178 181 182 182 183 184 184 185 192 195 195 198 198 200 201 202 205 205 207 209 209 209 209 209 211 212 213 215 215 216 216 216 216 218 220 220 220 225 225 226 226
183 187 189 194 199 202 207 211 221 228 231 232 233 236 241 247 250 255 258 264 269 271 273 280 283 289 290 293 296 296 305 309 318 320 324 327 330 332 334 337 342 347 350 352 361 361 363 366 368 370 374 374 377 383 384 389 392 394 395 397 399 404 405 409 410 412 413 415 416 424 425 427 431 434 437 439 439 447 451 455
60 61 62 64 70 82 87 87 89 89 91 92 94 96 97 97 98 100 102 103 103 104 105 109 115 127 127 127 127 127 138 138 138 147 148 149 152 153 155 156 158 159 160 162 169 169 169 169 174 177 178 179 180 181 183 183 183 187 188 190 191 191 191 192 192 192 192 192 192 193 196 198 199 202 203 204 207 208 208 210
82 83 84 84 85 95 103 108 119 125 125 125 134 135 136 138 140 143 152 167 172 172 173 188 194 197 205 207 208 208 210 211 215 217 217 218 219 230 232 233 233 234 236 244 244 256 259 262 271 274 275 277 280 288 288 288 293 301 301 302 308 312 313 314 316 317 317 318 322 322 323 324 325 328 329 334 334 335 337 337
294 311 314 319 324 332 335 343 352 355 360 364 371 376 383 395 401 410 413 418 419 428 434 436 438 440 444 453 455 461 471 473 486 495 498 502 506 512 517 524 530 534 537 540 542 548 553 559 564 572 577 585 588 591 596 598 605 606 617 621 622 627 628 630 632 635 639 642 647 650 651 654 659 663 668 670 670 673 677 680
41 47 48 48 48 48 50 52 53 53 55 56 57 57 59 61 61 64 65 69 69 69 69 70 71 78 79 79 79 80 81 82 83 83 83 83 85 86 88 89 90 90 91 91 97 104 104 105 105 106 107 107 109 109 109 110 112 113 114 115 123 123 125 125 126 126 127 128 129 129 129 129 130 131 132 133 133 133 133 134
93 95 96 102 104 104 115 117 122 126 129 133 134 138 142 145 156 158 160 169 169 169 169 171 172 174 177 178 181 183 184 185 197 200 202 203 206 208 209 209 209 210 214 215 216 222 226 234 234 236 238 240 241 243 243 249 250 251 253 254 254 255 258 258 260 260 260 260 261 264 272 275 276 278 279 280 283 284 293 293
70 72 75 86 86 90 91 95 99 106 106 107 110 111 113 115 119 120 123 124 125 125 128 130 130 131 135 136 136 136 139 141 143 144 146 147 148 148 148 148 149 149 149 150 151 153 154 160 168 170 170 174 175 176 176 182 189 189 193 193 193 193 193 194 195 196 196 198 198 199 200 201 201 201 202 205 207 209 212 214
85 88 91 91 95 98 100 102 103 105 107 112 118 120 126 128 131 136 137 139 140 141 143 144 145 153 155 156 156 156 159 163 172 172 174 174 174 177 179 181 182 183 189 191 198 198 199 202 204 205 205 206 207 209 210 211 212 213 214 216 219 219 221 222 223 225 225 228 231 233 233 235 236 236 237 238 239 241 242 243
102 103 106 109 119 120 123 127 131 139 140 141 141 141 146 147 148 148 152 154 155 155 159 162 165 167 169 170 176 177 178 186 186 195 198 200 201 203 203 205 210 211 213 213 220 222 223 225 228 229 232 232 239 241 241 254 254 256 257 260 261 264 267 270 272 285 288 289 292 293 293 296 296 297 297 298 300 302 303 304
93 95 97 99 109 112 113 113 123 124 133 135 138 141 143 146 155 156 157 160 161 163 163 171 172 172 174 177 179 182 184 187 187 204 204 206 207 208 208 212 213 221 223 225 228 239 240 240 240 243 245 245 246 246 247 251 252 261 261 262 264 275 280 282 283 291 294 295 296 298 310 315 317 329 330 331 334 336 340 340
131 135 137 139 141 150 150 153 154 155 157 158 158 161 164 166 171 172 173 180 186 190 194 204 206 208 210 213 215 216 217 217 219 221 222 222 224 225 226 229 231 231 233 235 235 235 242 244 245 247 247 251 251 254 257 257 258 259 263 264 266 267 269 270 270 279 280 282 284 284 288 289 291 293 294 296 297 298 299 301
153 156 157 162 167 171 176 177 180 183 190 191 201 204 207 209 210 211 214 223 223 232 243 246 250 253 257 260 265 268 278 280 281 291 295 307 311 315 316 319 319 323 327 330 335 339 342 344 348 350 355 355 358 358 361 364 367 368 371 372 373 374 374 375 377 379 382 384 384 385 388 390 391 391 393 393 395 397 400 402
