3237 10213 10760 7123 4521 2891 2085 1529 1139 832 620 577 456 425 371 318 260 235 261 229 136 108 98 111 157 126 132 99 82 79 83 68 38 25 71 88 66 34 31 25 13 12 24 39 46 40 16 12 10 7 5 6 4 1 0 0 3 2 0 0 3 3 0 0 3 0 0 1 3 2 1 0 0 0 0 2 1 2 0 0 0 1
3326 10211 10757 7116 4531 2893 2163 1489 1168 837 720 607 482 387 328 316 281 254 203 237 172 147 89 103 92 92 96 103 75 58 56 38 32 43 51 34 52 68 70 46 32 27 23 21 11 11 6 8 4 5 6 3 1 4 2 1 1 1 0 1 0 1 0 1 2 1 0 0 0 0 1 0 2 1 0 0 0 0 0 1
3284 10378 10867 6956 4571 2987 1896 1405 1115 864 652 656 530 430 410 302 278 196 170 220 232 146 126 78 101 85 84 151 159 107 57 45 25 19 59 49 33 20 24 41 41 21 28 17 14 10 11 5 4 6 6 2 2 3 1 2 0 2 5 2 3 0 2 0 3 0 0 0 0 0 0 0 1 1 0 0 0 0 0 0 0 0 0 0 0 0 0 0 0 0 0 1
3222 10139 10623 7111 4560 2979 2123 1491 1122 872 749 622 491 434 390 337 283 238 213 214 217 176 99 86 111 105 113 82 45 74 52 35 28 47 73 68 39 19 20 15 15 12 11 8 9 3 6 2 1 43 51 30 21 17 10 4 3 6 4 3 2 1 3 1 2 4 2 3 0 0 0 0 1 1 2 0 0 0 0 0 0 0 1 1 0 0 0 0 0 0 0 0 0 0 1
3254 10037 10719 7084 4418 2897 2034 1486 1111 884 748 559 557 431 369 391 324 202 187 223 172 143 103 97 96 117 167 141 142 103 83 43 41 26 28 49 61 106 91 55 46 46 18 16 13 8 12 7 6 8 1 4 6 6 2 1 2 2 1 1 1 3 3 3 1 0 0 0 0 1 0 0 1 0 1 0 1 0 0 1
3303 10101 10839 7104 4490 2923 2062 1493 1143 899 678 609 522 478 369 301 301 323 284 216 170 199 145 129 134 94 83 78 117 63 53 40 21 41 47 34 20 21 8 9 5 2 5 5 1 5 1 2 7 3 4 0 3 2 1 1 2 0 0 3 3 0 0 0 0 0 0 0 0 0 1 0 0 0 0 0 0 1
3253 10130 10873 6970 4542 3020 2049 1533 1137 890 732 562 476 366 344 295 228 185 202 182 205 121 86 117 137 166 90 72 95 93 59 47 29 74 81 101 65 41 34 29 25 12 8 9 6 5 1 49 55 32 16 13 11 7 6 5 5 5 4 3 1 0 4 0 0 0 1 2 0 1 1 0 1 0 1 0 0 0 0 1
3233 10325 10785 7097 4488 3037 2065 1456 1090 842 698 588 463 413 432 299 261 261 308 234 197 136 123 138 152 114 132 112 92 58 40 34 37 23 54 43 26 20 16 7 8 6 6 7 8 5 4 4 3 2 1 1 1 3 1 0 4 1 2 0 2 0 0 0 1 0 0 0 1 0 0 0 0 1
3200 10150 10621 7022 4499 2928 2142 1513 1202 879 718 584 562 434 408 332 226 180 229 221 174 156 108 78 81 133 131 136 107 78 97 44 40 35 17 60 89 49 87 62 42 22 16 13 12 13 16 5 9 4 4 3 2 2 2 0 2 0 0 3 0 2 0 1 3 3 1 0 0 0 1 1 3 0 1 1 0 0 1 0 0 0 0 1
3298 10138 10681 7102 4528 3050 2095 1625 1140 872 722 588 435 378 357 321 241 241 161 114 190 190 153 148 103 58 52 111 85 71 53 28 46 88 57 36 37 26 53 87 61 41 31 22 17 17 5 4 4 7 4 2 3 2 2 1 2 4 2 1 1 0 0 0 1 0 0 0 1 1 4 0 0 0 0 0 1 0 0 0 0 0 0 0 0 0 0 0 0 1
3252 10100 10715 6895 4428 2905 2102 1486 1162 949 743 602 496 479 385 332 255 210 275 268 201 124 134 151 144 99 58 46 64 33 72 56 75 88 56 35 30 18 14 10 8 11 8 58 40 48 88 46 37 25 20 4 4 5 4 3 1 7 3 7 3 4 1 3 4 2 1 0 1 0 1 1 2 0 1 0 0 0 0 0 0 1 0 0 0 0 0 1 0 1
3206 10214 10747 7048 4417 2892 1982 1462 1088 944 711 602 417 371 388 285 260 200 184 195 190 192 118 140 104 97 110 129 130 110 74 57 39 44 57 36 117 84 42 33 45 51 42 31 20 22 7 9 8 7 3 41 64 35 15 13 8 8 7 6 3 2 4 5 3 4 1 1 1 1 1 0 5 0 0 0 2 3 0 0 0 0 0 1 0 0 1 0 0 0 1 1 1 0 0 0 0 0 1 0 0 0 0 0 0 0 0 0 0 0 0 0 0 0 0 0 0 0 0 0 0 0 0 0 1
3229 10090 10779 7260 4489 2950 2073 1504 1190 882 680 607 511 426 397 334 248 199 216 181 202 204 184 103 92 86 66 75 76 98 104 80 51 46 80 39 33 27 17 16 10 6 5 7 5 2 4 4 3 4 3 3 3 2 4 2 1 0 2 1 1 0 1 1 0 1 1 0 0 0 0 1
3285 10177 10685 7228 4455 3102 2152 1507 1167 876 735 565 502 431 363 235 246 258 254 158 114 126 113 131 147 144 112 83 70 55 61 89 97 65 41 21 27 20 13 15 10 9 6 3 7 5 3 7 2 5 3 3 3 1 1 2 1 0 2 0 0 1 0 0 2
3304 10227 10877 7104 4417 2855 2030 1481 1166 923 685 662 527 463 416 336 338 274 256 252 176 124 153 102 73 73 64 87 74 45 67 58 42 28 33 53 38 19 18 21 8 6 9 9 3 5 3 2 0 2 3 1 1 1 0 3 0 1 0 0 0 0 0 0 1 1 0 0 0 1
3146 10203 10772 7093 4429 2935 1985 1502 1175 970 707 592 498 368 323 271 250 238 207 133 167 179 169 137 141 106 122 80 87 87 62 56 57 44 56 64 73 39 33 50 61 85 65 45 22 15 12 11 14 9 10 5 3 4 4 4 1 0 1 1 1 2 0 1 1 0 0 3 1 2 1 0 2 1 1 2 2 1 0 0 0 1 1
3223 9981 10592 7033 4568 3025 2029 1432 1163 920 761 643 442 429 383 362 317 193 251 311 220 189 173 138 82 90 132 115 92 90 75 70 88 62 33 22 56 36 36 26 22 7 10 10 2 9 7 7 4 4 4 1 4 2 2 3 2 2 2 2 1 2 2 1 3 1 2
3313 10223 10909 6985 4424 2983 2152 1549 1063 947 752 573 459 478 369 319 216 230 214 147 121 115 174 103 119 129 109 101 82 71 59 54 32 29 58 41 30 16 15 13 9 10 56 35 25 21 12 11 11 4 5 1 3 3 0 4 2 0 2 1 0 1 0 2 0 2 0 1 1 1 1 0 0 1
3319 10285 10988 6874 4468 2989 2108 1510 1186 882 717 548 437 371 321 280 253 244 202 134 140 112 153 204 151 113 91 80 85 70 75 74 77 67 112 64 41 41 22 15 11 12 7 8 10 4 3 9 2 4 3 1 3 2 3 2 0 1 2 2 1 1 2 1 0 0 1 1 1 0 0 0 0 0 0 0 0 0 0 0 0 1
3351 10160 10827 7133 4569 3007 2018 1529 1165 895 754 543 472 360 362 292 290 237 200 188 156 145 160 126 107 113 94 100 87 69 89 96 62 46 31 34 22 17 19 6 8 7 10 3 4 2 3 3 2 3 4 3 5 1 1 0 2 1 1 0 1 2 0 1 0 0 1 1 0 0 0 0 0 0 0 0 0 0 0 0 0 1
3284 10181 10920 7119 4400 2981 2116 1461 1227 863 730 688 527 406 410 338 272 239 180 203 179 124 91 119 118 76 96 58 36 20 17 19 20 87 77 34 29 69 48 31 16 16 12 9 5 11 3 6 8 4 2 2 4 2 1 1 3 0 0 0 0 0 0 0 0 0 0 0 1 0 0 1 1
3284 10240 10670 7116 4458 2965 2103 1559 1158 899 692 571 537 397 314 284 310 277 189 162 117 170 159 138 102 73 95 85 53 74 129 114 93 99 64 40 36 32 22 20 15 7 7 11 2 9 9 3 5 3 2 2 0 1 1 2 3 3 1 2 2 2 3 1 1 0 0 2 0 2
3322 10313 10944 7136 4346 2983 1998 1522 1117 826 679 605 456 317 337 317 335 311 240 177 135 150 116 131 158 111 106 92 64 48 58 62 41 42 57 28 29 16 14 17 12 8 7 17 61 32 22 25 10 5 7 5 4 5 2 1 4 2 2 2 0 1 0 3 1 0 0 1 2 0 1 0 0 0 0 0 0 0 0 1 2
3258 10263 10740 7012 4343 2819 2024 1513 1154 899 654 664 471 427 395 337 246 221 241 183 146 149 124 150 121 108 59 87 92 82 70 115 87 72 77 57 30 28 16 18 4 9 12 23 83 80 54 38 30 17 15 11 6 5 7 5 7 6 1 5 1 0 0 3 1 0 2 2 2 4 4 6 0 1 1 2 0 0 0 1 0 0 0 0 0 0 0 1
3373 9998 10782 7184 4565 2927 2054 1500 1218 933 714 643 488 391 398 343 231 198 238 225 214 184 115 100 88 102 96 101 109 94 60 34 34 21 13 42 38 24 32 17 18 9 10 5 5 4 3 3 3 1 3 0 4 1 1 1 1 2 0 1 1 1 1 1 1
3255 10189 10707 7110 4417 3072 2104 1476 1129 951 714 643 509 450 351 310 214 211 187 186 146 121 146 134 104 88 81 47 41 65 82 73 70 42 55 51 75 55 26 24 24 15 40 57 33 19 19 11 11 14 7 6 3 4 2 6 2 1 1 0 1 1 0 1 1 1 1 0 1 0 0 0 1 0 1 0 3 2 0 0 1
3243 10038 10886 6963 4519 2956 2114 1490 1240 1027 634 599 518 403 375 330 273 270 214 205 168 168 156 94 95 78 60 69 84 117 83 50 38 30 34 44 45 28 18 11 10 43 52 24 19 14 14 8 7 2 7 6 1 2 5 2 3 0 0 2 1 0 3 1 0 0 0 0 2 2 0 0 1 0 1 0 0 0 0 1 0 0 0 1
3315 10278 10886 7050 4468 2993 2034 1503 1152 913 732 663 500 407 322 293 263 238 211 151 134 109 118 144 161 92 69 63 40 43 44 44 70 94 117 75 41 40 18 24 11 12 4 12 4 8 8 3 4 1 3 0 4 3 3 1 2 0 0 1 1 1 1 0 0 0 2
3214 9946 10687 7124 4555 3046 2129 1420 1142 866 685 592 521 404 347 263 296 263 235 148 208 140 116 114 157 133 101 105 123 155 78 51 42 32 89 101 52 30 25 35 60 35 24 24 18 7 14 5 1 1 6 7 1 4 4 3 1 1 1 0 3 2 0 0 0 0 2 2 2 1 0 0 0 1 0 0 0 1
3358 10175 10847 7103 4588 3031 2084 1506 1246 937 720 584 458 399 323 254 247 216 208 174 152 83 78 114 127 109 109 122 72 56 40 26 20 53 53 29 23 15 42 66 38 18 15 15 11 5 6 7 3 7 5 2 0 3 2 0 3 3 2 0 1 2 0 1 1 1 2 0 0 0 0 1
3275 9934 10894 7153 4468 2876 2050 1436 1135 904 698 626 524 489 393 334 218 226 209 195 143 144 156 184 173 104 83 70 48 45 45 100 72 107 80 48 28 24 19 17 18 12 7 10 56 43 24 11 14 11 14 11 8 7 7 3 2 2 4 0 1 0 2 1 2 1 1 1 0 0 1
3345 10199 10834 7115 4433 2980 2045 1626 1162 920 702 625 522 363 313 258 267 250 204 147 179 111 125 215 153 120 113 78 68 61 37 29 47 48 32 57 54 34 25 17 9 11 5 10 5 2 9 6 4 3 2 3 0 1 2 1 2 2 1 2 0 0 1 2 1 0 2 0 0 1 1
3323 10167 10749 7017 4423 2965 2129 1540 1176 915 788 572 496 453 398 293 266 310 233 191 146 139 131 134 163 139 101 64 59 61 80 40 36 38 51 44 38 26 19 12 18 13 7 5 5 4 3 1 4 2 1 2 1 0 1 1 1 4 0 1 0 0 0 1 0 1
3348 10220 10759 7001 4565 3001 2093 1614 1177 831 710 601 518 413 346 308 334 266 195 145 131 101 84 91 113 117 60 60 120 64 36 31 62 56 31 66 42 27 14 35 55 46 18 13 19 10 9 4 9 6 2 1 2 5 4 2 0 1 1 2 0 0 1 0 1 0 0 0 0 0 0 0 0 2 1 0 0 0 0 0 0 0 0 0 1
3274 10144 10696 7026 4543 2964 2044 1464 1097 804 705 531 477 365 362 316 277 181 184 211 232 195 111 77 102 95 142 138 105 85 78 54 86 55 36 17 18 51 67 82 84 63 43 30 17 32 58 39 28 25 15 7 5 7 8 6 4 3 2 1 0 1 1 3 7 2 3 1 0 1 1 1 0 1 0 1 1 0 0 0 0 4 0 1 1 1 0 1 0 0 0 1
3200 10209 10575 7043 4499 3004 2121 1567 1228 872 692 610 476 341 320 313 297 191 183 181 159 169 186 138 121 128 129 118 89 72 52 68 61 41 63 42 63 64 66 53 43 24 18 22 18 8 9 5 9 8 6 2 3 1 0 3 4 3 0 0 0 0 3 2 0 2 0 1 1 0 0 0 0 1 0 1
3188 9992 10780 7057 4380 3036 2004 1553 1150 974 702 616 468 455 353 273 240 263 208 183 147 147 115 144 134 110 94 140 110 105 67 49 34 69 67 75 38 40 55 50 31 77 57 37 30 17 15 6 6 10 5 4 3 5 5 4 3 3 4 1 1 1 1 0 1 2 2 1 0 0 0 0 1 0 1 0 0 1 0 0 1
3213 10314 10810 7006 4366 2961 2110 1451 1112 903 725 645 528 429 350 314 273 267 193 203 160 142 133 149 127 85 85 135 90 49 32 30 58 45 42 35 68 39 23 12 19 8 9 11 7 5 10 4 2 3 2 54 45 34 17 9 5 6 7 3 3 1 2 2 3 2 1 2 0 1 1 3 1 1 2 0 1 0 0 0 0 1 0 0 0 0 0 0 0 0 0 0 1 0 0 0 0 0 1
3243 9936 10700 7117 4426 2945 2152 1531 1185 891 691 657 501 377 361 319 303 242 217 225 184 171 106 124 91 87 57 76 131 164 87 69 58 61 55 43 58 44 23 19 48 42 41 20 23 18 17 6 8 5 3 4 5 2 1 4 4 4 2 1 0 1 2 1 1 2 2 1 2 1 0 0 0 0 2 0 0 0 0 1
3318 10243 10975 7085 4450 3059 2115 1483 1161 893 686 562 500 420 399 322 249 218 215 151 186 172 128 84 88 54 60 69 67 82 49 24 23 36 62 31 20 17 22 44 46 27 21 8 15 16 7 5 8 3 5 3 3 3 1 1 0 1 2 2 0 0 0 1 1
3334 10165 10820 7153 4423 2956 1982 1547 1197 870 733 580 463 428 379 328 284 253 211 236 210 213 162 132 130 130 143 97 72 40 32 27 17 12 13 16 40 49 28 23 18 10 11 5 3 6 2 5 3 1 0 1 1 0 1 0 0 0 3 0 0 1 0 1 0 0 0 0 0 0 0 0 1
3109 9893 10733 7004 4427 2951 2074 1563 1085 945 797 602 511 462 336 273 284 228 188 133 147 136 186 172 138 119 112 89 118 101 69 115 121 102 104 68 46 27 63 58 66 55 37 28 21 11 10 8 6 12 4 7 1 5 0 5 2 1 1 3 2 5 1 0 0 2 0 3 6 1 1 2 1 0 1 0 2 0 0 0 1 0 0 0 0 0 0 0 0 0 0 1
3189 10102 10624 6995 4450 3072 2095 1541 1211 882 745 591 481 460 368 304 266 272 180 173 157 143 183 162 131 117 104 95 67 58 30 113 155 100 55 39 64 43 33 28 12 18 13 8 11 8 13 3 2 3 4 5 3 2 0 2 1 1 0 2 1 1 1 2 0 2 4 0 0 1
3168 9974 10753 6973 4372 2902 2140 1466 1260 900 706 571 553 395 324 285 305 274 219 179 138 174 186 147 134 104 118 116 94 68 80 101 146 94 58 39 26 22 17 42 50 33 20 7 18 40 52 34 30 19 15 8 7 5 2 6 3 2 3 2 2 3 1 0 0 1 0 2 1 1 1 2 2 0 0 1 0 1 1 0 0 0 0 0 0 0 0 0 1 0 0 0 0 0 0 0 0 1 0 1
3211 10185 10591 7157 4405 2929 2064 1519 1113 896 706 554 524 384 365 317 290 274 230 179 141 149 130 146 146 154 88 62 43 53 76 67 96 81 45 95 90 64 43 36 22 24 9 8 10 36 42 32 22 12 22 10 9 3 6 6 3 0 2 3 2 2 0 0 1 1 3 1 3 1 2 0 1 0 0 0 1 0 0 1 1 0 1 0 1
3290 10113 10808 7051 4423 3041 2032 1573 1193 935 695 589 488 376 339 297 316 233 226 172 155 176 117 103 115 120 77 61 60 114 110 99 42 61 48 90 84 36 28 17 22 14 5 10 7 6 3 1 4 5 2 0 1 1 4 2 3 1 2 0 0 0 0 3 0 0 0 0 0 0 0 0 0 0 0 0 0 0 0 1 0 0 0 0 0 0 0 0 1
3343 10161 10744 7207 4520 2829 2147 1589 1147 1000 771 597 529 462 329 243 266 268 229 166 126 98 105 156 129 75 92 99 72 39 32 32 22 47 56 29 17 12 38 47 40 18 16 11 11 5 6 4 5 2 1 1 1 0 2 1 1 0 2 0 0 1 0 0 0 1 1 1
3260 10129 10677 6973 4440 3056 2064 1530 1095 960 736 547 505 436 332 254 254 277 242 195 163 125 105 135 146 159 117 72 68 45 38 61 111 93 65 58 60 40 27 30 30 12 14 16 10 28 54 42 15 17 8 9 11 9 3 3 3 6 2 7 0 2 2 2 2 2 4 0 0 1 0 1 1 0 0 0 0 3 0 0 0 0 0 0 0 0 0 0 1 0 0 0 0 0 0 0 0 0 0 0 0 0 0 0 0 1
3265 10413 10723 6989 4429 2930 2074 1500 1156 891 776 590 443 383 335 340 289 187 224 237 240 197 168 108 84 80 94 93 108 83 101 92 53 41 35 67 41 24 15 17 17 14 9 4 7 6 2 7 2 2 0 0 4 3 2 0 0 0 1 0 1 0 1 1 0 1 0 0 1 0 0 0 0 0 0 1
3307 10077 10692 7345 4521 2912 2237 1592 1190 927 711 631 527 380 299 339 233 218 204 162 170 146 96 68 89 90 94 83 68 84 74 43 29 12 26 39 38 35 62 37 28 15 10 9 10 8 5 7 1 3 0 2 3 1 2 1 1 1 1 0 0 0 0 0 0 2 0 1 0 0 2 0 0 1
