1692 5157 5346 3560 2165 1504 1079 786 570 425 376 317 231 201 192 194 198 139 132 113 105 119 105 79 49 31 29 24 13 12 5 6 6 2 6 11 4 4 2 3 1 1 3 1 0 0 0 1 0 0 0 0 0 0 1 0 1
1621 5093 5459 3444 2226 1424 1081 767 593 516 389 323 277 209 210 150 99 128 129 120 143 103 68 33 39 72 54 53 45 31 11 18 7 13 6 6 7 6 6 4 0 2 5 2 4 0 2 1 1 0 0 0 0 0 0 0 1
1700 5082 5617 3555 2222 1493 1032 732 604 475 348 331 278 230 156 137 177 144 105 58 50 56 61 63 68 74 43 21 17 16 8 8 8 2 2 4 3 4 2 7 0 1 2 0 2 0 0 0 0 0 0 0 1 0 0 0 0 0 0 1 1
1561 5058 5434 3603 2161 1442 1032 782 555 462 328 232 266 211 146 127 139 127 130 115 101 98 72 93 95 106 92 75 57 33 32 18 14 8 8 6 2 31 39 28 19 10 11 8 4 5 3 4 1 4 1 0 1 2 0 0 1 1 1 0 1 5
1696 5091 5444 3507 2276 1493 1073 744 605 454 359 296 253 183 165 176 128 93 89 105 86 112 80 88 54 29 26 43 28 68 35 27 17 14 12 6 6 3 5 7 5 4 3 2 3 0 3 1 1 0 0 0 1 0 0 1 0 1
1662 5266 5385 3586 2295 1471 998 765 528 434 355 299 245 173 182 184 165 91 108 78 100 111 103 63 47 37 52 27 24 38 27 22 15 12 8 9 3 7 7 3 3 4 1 2 2 0 1 1 0 1 0 0 0 0 1
1690 5061 5423 3601 2279 1530 1072 771 588 493 380 302 261 210 161 159 131 132 105 73 68 84 72 91 71 50 38 17 12 11 12 11 11 5 5 3 1 2 1 1 0 1 6 2 2 0 0 1 0 0 0 0 0 1
1641 5044 5451 3581 2237 1521 1011 750 575 423 412 307 272 203 217 176 141 105 102 90 154 120 83 60 57 35 22 21 14 43 29 21 11 18 4 5 5 8 2 4 4 1 1 5 1 3 2 1 3 0 0 1 2 1 0 0 0 1
1643 5156 5407 3533 2260 1476 1014 797 591 415 363 328 234 199 219 130 115 127 136 115 104 64 54 75 59 34 37 38 37 24 12 11 8 42 40 23 20 10 8 7 9 5 5 3 2 1 0 0 0 2 1 2 0 1 1 1 0 0 1 0 0 0 2
1614 5228 5331 3491 2232 1510 1135 811 617 477 364 334 264 222 165 114 137 132 93 91 56 67 42 56 53 25 15 17 12 5 25 42 29 43 41 26 17 19 9 4 8 3 5 4 0 3 3 4 2 1 1 0 0 0 1 0 1
1641 5082 5460 3484 2225 1488 981 797 604 514 423 288 279 214 194 220 164 130 93 57 59 91 77 50 30 43 60 38 23 46 32 20 20 14 9 8 8 5 3 3 4 6 3 1 1 1 3 1 1 1 0 1 1
1711 5275 5389 3542 2252 1553 1080 759 565 411 350 249 270 271 186 112 129 123 91 86 58 53 57 54 54 26 20 46 38 14 14 45 38 26 11 4 9 7 5 2 3 5 0 1 1 0 0 1 1 0 1 0 0 1 1 1
1668 4952 5441 3539 2202 1506 1040 842 592 437 387 301 281 248 188 195 137 138 111 77 123 105 78 44 40 51 38 20 37 57 35 18 14 10 3 8 7 1 3 0 2 4 1 2 2 1 3 1 1 3 1 1 1 2 0 0 0 0 0 0 0 0 0 0 1 0 0 0 0 1
1700 5225 5390 3676 2292 1489 1033 734 565 442 332 292 239 232 180 174 134 164 91 81 112 55 45 43 55 34 21 9 35 31 18 20 10 12 6 5 4 4 4 3 2 2 0 2 0 1 1 0 1 0 1
1637 5024 5411 3473 2314 1400 1091 703 575 467 358 335 300 232 200 135 124 141 113 134 103 54 58 93 82 59 33 49 37 30 14 14 44 48 20 19 17 9 7 5 6 3 4 3 3 2 2 2 2 5 1 1 2 0 1 0 1 0 0 1
1703 5122 5480 3573 2258 1502 1088 804 578 482 388 286 256 198 161 129 188 125 82 94 64 52 49 98 62 41 32 21 18 15 7 10 3 6 3 2 4 2 3 2 1 1 2 1 2 0 0 0 1 1 1
1680 5050 5411 3472 2314 1483 1043 704 624 423 395 260 273 228 210 162 154 137 130 137 86 101 88 49 30 58 38 30 19 16 35 42 32 25 14 2 10 7 6 4 0 2 1 1 4 1 2 0 1 2 1 1 0 2 0 0 0 0 0 0 0 0 0 1
1668 5279 5473 3496 2188 1442 1032 804 622 463 339 330 234 206 178 178 118 98 88 87 105 102 82 65 50 38 23 20 14 8 8 8 18 46 21 16 10 7 9 1 4 5 5 1 1 4 0 1 1 0 1 0 3 0 0 0 0 0 0 0 1
1652 5049 5363 3609 2272 1492 1061 819 575 439 357 287 237 250 197 146 137 150 114 118 87 42 36 87 76 54 43 49 55 28 24 16 15 11 12 4 4 2 5 4 2 1 3 2 1 3 3 0 1 0 0 3 1 2 1
1682 4967 5276 3677 2275 1511 1053 766 601 453 425 359 296 234 220 168 164 100 139 153 98 44 44 53 37 21 47 37 25 18 13 6 6 5 3 4 5 3 5 1 1 3 0 0 0 1 0 0 0 0 0 1 0 0 0 1
1725 5187 5514 3587 2230 1452 1038 756 512 438 315 302 247 133 176 219 133 79 72 83 132 157 81 55 30 22 32 58 38 45 29 28 15 19 14 4 3 4 6 7 2 1 3 1 2 2 0 1 1 4 0 1 1 0 1 1 1 0 0 0 1 1
1711 5179 5355 3640 2305 1432 1010 771 617 515 349 281 279 229 173 167 155 117 100 98 56 43 74 87 73 41 30 20 20 8 11 5 12 12 5 3 4 3 3 1 4 1 0 2
1694 5138 5435 3649 2197 1501 996 738 551 430 394 304 285 244 199 211 141 120 105 97 81 88 60 54 58 20 18 20 35 28 21 11 16 9 8 6 6 5 6 4 6 0 3 0 2 1 0 1 1 3 1
1696 5147 5464 3610 2290 1503 1050 781 547 453 328 298 268 193 154 120 152 137 117 70 77 50 54 69 49 41 56 37 57 28 16 13 14 13 5 8 5 3 3 2 2 2 3 3 2 0 0 1 4 0 2 0 2 0 0 1 0 0 0 0 0 0 0 0 0 0 0 1
1745 5111 5405 3548 2351 1537 1011 725 565 414 337 325 258 216 173 124 166 131 98 110 71 55 105 92 61 40 34 12 9 8 18 35 28 23 8 11 8 9 0 5 4 1 6 2 1 0 2 0 0 0 0 1 0 0 1 0 0 1
