> n=750 m=5 03/06/2021 14:45:33
19.5 19.4 20.4 20.3333 19.8571 21.4286 21.0 22.0 23.5 24.375 24.75 25.875 26.625
15.1667 15.0 13.3636 14.1818 15.3636 16.0 16.5455 17.4545 18.3636 18.25 19.1667 19.6667 20.4167
> n=750 m=5 05/06/2021 14:16:56
18.1429 22.1429 24.4286 24.25 26.25 25.4444 27.2222 28.2222 29.8889 30.5556 32.0 33.2222 35.1111
14.2857 12.6 12.8333 13.1538 13.2857 14.3571 14.8667 15.25 16.3125 16.875 17.875 17.6471 18.1765
12.8333 14.0 14.0 16.5 16.2222 16.1 16.2727 17.2727 18.3636 17.75 18.5833 16.5333 17.1333
17.125 18.75 21.0 20.7778 22.7778 25.2222 27.0 24.1818 25.9091 26.8182 28.1818 30.0 31.0909
10.1667 10.4286 11.4286 12.4286 13.5714 14.4286 16.0 15.5 16.25 16.875 17.25 18.125 18.75
10.2 10.3333 10.2857 11.4286 12.4286 13.0 13.625 13.4444 13.8889 14.2222 14.7778 15.2222 15.4444
9.0 11.5 12.1667 13.6667 14.3333 12.625 12.4444 12.2 12.9 12.8182 12.5833 11.9286 12.5714
16.3333 15.5 16.75 18.75 20.75 22.625 23.375 22.2222 23.2222 24.1111 25.2222 24.3 25.6
26.4 25.1667 28.6667 31.1667 34.6667 36.5 38.8333 40.1667 41.6667 44.0 46.0 41.5714 37.375
14.3333 13.75 15.0 15.3333 15.1 14.25 15.25 16.0833 15.9231 15.8571 16.0714 16.8571 16.4667
> n=750 m=5 05/06/2021 14:23:13
11.0 11.0 11.2857 11.375 10.8 11.5455 10.9231 11.4615 11.6923 11.8571 12.3571 13.0 13.3571
11.1667 13.1667 13.8333 13.1429 14.2857 12.0 12.1818 12.0833 12.75 13.4167 14.25 13.9231 13.6429
16.0 17.5 19.5 19.5714 19.125 18.8889 20.4444 21.4444 21.1 20.4545 19.75 20.3333 21.25
21.75 25.25 28.25 30.5 32.25 33.5 34.5 36.0 37.25 27.3333 28.8333 30.1667 27.5714
9.9 10.8182 12.4545 13.5455 13.75 14.75 14.8462 15.7692 16.6923 17.0714 17.6429 18.6429 19.2857
14.5 13.5 14.1111 16.2222 16.2 15.9091 15.8333 15.9231 15.2667 16.0 16.8667 17.3333 18.3333
9.0 10.5 11.6667 10.75 11.875 12.2222 12.8889 12.5 13.2 13.7 14.8 14.3636 13.75
24.4 24.3333 27.0 25.8571 28.5714 22.6 23.9 24.7 25.7 26.5 27.3 26.4545 28.0
11.0 11.7143 11.75 13.0 12.4 12.4545 12.4167 12.8333 13.5 14.0833 14.5 15.0 15.4167
12.1667 13.5 13.2857 13.875 14.0 13.8 13.5455 13.5 14.25 13.4286 13.5333 13.5625 12.8889
> n=750 m=5 05/06/2021 14:26:12
12.5 14.1667 14.1429 13.75 15.125 14.7778 13.4545 13.3333 14.3333 14.9167 15.4167 16.0 16.6667
11.2857 10.7778 11.6667 12.4444 12.8 13.6 13.1818 13.3333 13.3846 13.4286 13.7857 14.4286 14.7857
13.6667 14.0 15.4 16.1818 17.5455 18.1818 19.0909 19.1667 20.3333 21.4167 20.7692 21.8462 21.3571
14.1667 16.6667 17.6667 17.4286 18.8571 18.625 18.0 17.9 17.5455 18.3636 18.1667 19.0 18.4615
12.0 12.125 12.6 13.0909 14.0 15.4545 16.2727 15.8333 16.0769 15.6 16.0667 16.4 16.125
17.2 18.1667 19.6667 21.8333 19.375 18.7778 20.0 19.6 17.9167 18.9167 18.3077 18.0 17.125
12.75 13.2222 14.7778 16.4444 13.4615 13.2667 14.2 15.6667 15.375 15.8125 16.3125 17.0 16.7059
17.4286 18.8571 18.5 20.625 21.875 20.8889 20.1 19.7273 20.9091 20.5 21.1667 22.0833 23.0833
13.2857 14.7143 16.4286 17.4286 17.0 16.7778 18.0 16.3636 15.3077 15.0714 15.5714 14.6875 15.1875
11.0 12.625 13.25 14.75 14.0 14.1818 14.1667 13.7692 14.5385 15.4615 16.1538 16.9231 17.7692
> n=750 m=5 05/06/2021 14:27:06
15.1667 16.7143 15.6667 14.9091 14.0769 12.6471 13.4706 14.1176 14.6667 14.6316 15.5263 15.8947 15.9
15.0 16.8 14.0 15.625 16.875 18.375 18.4444 18.1 19.0 20.0 19.4545 19.8182 20.1818
15.6667 17.5 18.6667 19.3333 20.6667 20.1429 22.0 20.875 22.25 23.5 24.75 25.25 26.125
12.8571 12.5556 14.6667 15.3 15.1818 15.75 16.9167 16.3846 17.1538 17.9231 19.1538 19.5385 19.1429
12.3333 14.3333 15.1429 16.25 15.5556 15.6 15.1818 15.8182 16.4545 16.0 16.6667 17.1667 17.6667
27.8 32.0 37.2 35.3333 37.8333 41.0 44.0 45.3333 47.0 49.5 45.4286 47.0 48.5714
16.0 14.4286 16.2857 13.9 15.1 16.1 17.1 17.0 16.4167 16.3846 17.0769 17.6923 16.2667
12.8333 13.0 13.25 12.5 13.9 15.1 14.6364 14.4167 15.5 15.5385 15.5714 16.0 16.4286
23.2 23.8333 27.0 28.6667 29.8333 31.1667 33.0 34.8333 32.0 29.375 28.2222 27.3 28.1
11.1667 11.2857 11.5 11.5556 12.4444 13.5556 13.6 14.1 13.8182 13.0 12.8571 13.2667 13.6
> n=750 m=5 05/06/2021 16:17:28
16.5 17.4286 17.125 18.625 19.875 17.7 19.4 20.9 18.2308 18.0714 18.6429 19.4286 20.1429
21.0 21.0 24.1667 24.0 25.7143 27.4286 29.2857 27.375 25.7778 26.5556 27.6667 26.6 27.5
13.1667 14.8333 14.7143 12.5 11.9167 12.4167 13.8333 14.1538 15.2308 15.1429 15.8571 16.2143 16.8571
15.1667 15.125 16.875 18.125 19.875 17.5 18.1 17.8182 18.6364 19.2727 20.3636 19.1538 19.7692
13.625 13.1818 13.5 13.5714 13.8667 14.8 14.5294 15.3529 13.7273 14.1818 14.5652 15.3043 16.3043
12.8333 14.2857 15.125 16.375 16.2222 17.5556 18.3333 17.6 18.4 18.5455 19.5455 20.1818 18.7692
11.875 11.4545 12.3333 13.4167 14.5833 15.2308 14.8667 15.5333 16.6 17.0 16.5625 17.125 17.6875
15.0 13.1667 13.1429 14.0 15.625 15.6667 16.7778 18.0 18.5556 17.9 19.1 18.0909 17.3333
20.0 23.2857 26.1429 25.625 22.9 22.7273 24.0909 20.7857 22.1429 20.875 21.1176 20.3158 19.95
20.6667 18.375 20.375 21.0 23.1111 22.2 22.3636 20.5385 21.3846 22.4615 23.3846 24.0 24.7692
