> n=750 m=5 03/06/2021 14:45:33
15.5 17.4286 18.875 20.0588 20.3684 20.1429 21.8095 22.3182 22.7826 23.7826 24.9565 23.92 24.68 25.36
16.5714 17.5 15.6364 15.6154 17.7692 17.4667 16.2222 17.3333 18.2778 18.0 18.9 18.5455 18.5217 19.3043
> n=750 m=5 05/06/2021 14:16:56
10.8571 12.875 13.6667 12.5 12.0 12.5 12.125 12.1176 13.0588 13.4444 13.4211 13.75 14.2 14.75
14.4286 16.0 18.1111 19.0 19.1818 19.4167 20.0 20.9231 21.9231 22.0 22.9286 22.9333 21.5294 22.4118
16.1667 19.5 17.5556 15.8333 16.6154 14.7647 16.1765 16.6667 17.5556 18.2632 19.1053 19.9474 21.0526 20.0
17.5 15.8889 17.7778 15.2308 16.0714 16.6667 15.6111 15.8947 15.1364 14.9583 15.6667 16.5417 16.3462 17.0
15.8333 14.0 15.4 18.3 16.9231 16.0 17.3333 17.6875 18.8125 20.0 20.0 20.8824 18.4762 17.8696
13.5 16.375 17.4444 18.2 17.0833 17.3846 17.0 17.9333 18.25 18.625 18.0 18.6111 18.5263 19.1053
11.6 13.4545 14.6667 15.2143 16.2667 17.6 19.3333 19.5 20.25 19.7222 19.0 19.5 20.05 20.7
8.7778 9.1667 10.0 10.3571 10.8125 11.8125 12.1765 12.3889 13.2222 13.5263 13.85 14.2381 15.0 15.4286
14.0 16.2857 19.0 17.2222 16.3636 15.5714 15.9333 16.9333 17.25 18.3125 17.8824 18.5294 18.7778 18.7895
14.1429 15.375 14.6364 16.5455 16.5833 18.4167 19.5833 19.7692 19.7143 20.7857 21.9286 21.7333 22.9333 22.4375
> n=750 m=5 05/06/2021 14:23:13
10.4286 10.8 12.0909 12.4615 12.4 13.8667 14.8 15.8667 16.6667 16.3125 16.4706 17.4118 17.3333 16.5
18.8 20.8333 19.75 22.125 23.625 21.4 22.9 22.0909 21.6667 23.0 22.3077 21.8571 22.5 23.1429
11.5 13.1111 14.0 15.7 15.0 16.6667 17.5 18.0 19.25 17.2667 16.5882 15.9474 15.4286 16.0
11.6 12.3333 13.0714 13.5 13.7059 14.1111 14.2105 14.65 14.3636 14.8261 15.0833 15.44 15.5385 15.5185
14.4 14.5714 16.1429 17.5714 20.0 22.0 22.0 23.875 20.7 22.1 23.6 24.9 24.0909 24.5455
8.9 10.7273 12.6364 13.5833 13.2857 14.1429 13.0588 13.0 13.2 13.7 14.3 14.5714 14.1304 14.5
12.7143 13.3333 13.5455 13.0 13.5333 13.875 14.1765 14.2778 14.0 13.5909 14.0455 13.1538 12.9643 13.3214
16.2 20.8 18.4286 18.625 17.4 16.5833 17.9167 17.8462 19.3846 19.4286 20.0714 20.9286 21.7143 19.2353
9.1111 10.9 12.6 12.75 13.2308 14.7692 15.0 15.0667 15.625 15.9412 15.8889 16.4444 15.75 16.3
17.4 17.2857 15.7 15.5833 16.75 16.6429 17.9286 17.5625 18.75 19.5625 19.2941 18.9444 18.6316 19.5789
> n=750 m=5 05/06/2021 14:26:12
11.0 11.7 13.2 12.9167 12.7143 12.6875 12.7647 12.8889 12.75 12.8095 13.4762 13.7727 13.913 14.6087
12.8333 12.4444 13.9 16.5 17.0 16.6667 16.0 17.2143 16.6875 16.5556 17.0 17.2105 17.8947 18.4737
11.4167 12.8333 15.0833 16.8333 18.4167 20.5833 20.4615 19.8667 19.625 20.5625 21.75 21.5294 22.2941 22.1111
10.1429 11.375 12.3333 14.0 13.7273 14.1667 13.8571 14.0667 14.6667 15.0667 14.7647 15.4706 15.6667 15.5263
23.5 24.2 24.0 23.0 22.0 21.4444 23.2222 22.8 24.1 25.7 25.2727 24.75 25.3333 26.0
13.5714 13.1 14.0 14.5833 13.6667 13.3333 14.1111 15.0556 14.8 14.6667 14.1739 14.8696 15.0417 15.24
11.8571 13.75 15.1111 16.6667 16.1818 15.3077 15.5714 15.6667 16.7333 14.6316 14.0 14.6667 15.0476 15.5238
14.5 16.7273 16.3077 15.8125 16.9412 15.3182 15.04 15.76 16.52 16.4815 16.3103 17.2414 16.5455 16.9118
10.4286 11.0 12.2 11.7692 11.9333 13.0 14.2 14.25 14.75 15.1875 15.2353 15.8235 16.2941 16.2778
7.125 9.375 9.4 10.2727 10.9167 12.0 12.75 12.7692 13.6154 14.0769 14.3846 13.5333 13.8667 14.4
> n=750 m=5 05/06/2021 14:27:06
18.0 18.8571 18.625 15.0769 15.8571 17.1429 15.8824 14.65 14.6364 15.1818 15.7273 15.8261 15.44 15.3846
16.75 21.25 17.8333 17.4286 19.2857 21.0 21.0 21.0 21.8889 23.0 24.4444 25.1111 23.9 24.2
13.0 15.1429 15.75 15.5556 15.8 16.0 14.7692 14.2 14.8667 14.2353 14.6471 15.2353 15.1111 15.5
11.3 14.2 13.5385 13.5714 13.625 14.1176 14.5556 13.1818 13.3913 13.4 13.1786 13.6786 13.6 14.2333
15.3333 19.0 19.2857 17.1 16.7273 18.4545 20.3636 22.1818 21.6667 22.5833 23.5 24.25 23.3846 24.2308
17.2857 22.4286 23.375 22.4 22.7273 20.2143 22.1429 23.4286 22.8667 22.625 23.625 23.5294 24.3529 25.2353
9.2222 10.1818 9.7333 10.4118 10.45 10.7143 11.7143 12.0 12.4091 12.0 12.2308 12.4444 12.75 11.8788
20.5 26.0 23.25 26.5 26.4444 27.8889 29.5556 31.1111 28.4545 29.8182 29.0833 28.3077 29.3846 28.7143
14.3333 13.0 15.0 16.0 15.6667 17.3333 18.1667 18.5385 18.2857 16.7059 15.9474 16.6316 16.8 15.6522
10.7143 9.8333 11.6667 11.8571 12.7143 12.5625 13.0 14.1765 14.3889 15.2778 15.5263 16.1053 16.8421 17.5789
> n=750 m=5 05/06/2021 16:17:28
15.1667 15.7143 16.4444 19.0 21.0 22.8889 24.6667 24.1 25.6 27.6 27.1818 24.6154 21.875 21.2941
15.0 13.8333 14.7143 16.8571 17.5714 18.8571 20.0 20.7143 22.0 23.1429 19.4444 19.6667 20.5556 19.9
13.5714 15.0 17.375 19.625 21.625 23.5 25.0 23.8889 23.4 24.2 23.6364 25.3636 24.4167 24.0
12.75 11.5385 11.6667 12.9333 14.0667 14.3529 14.3684 14.65 14.1304 14.9565 15.2917 15.52 16.0 16.0385
15.0 13.7143 15.2857 15.125 15.2222 16.3333 16.6 16.5455 16.9167 15.8571 14.4118 14.2222 13.9 14.5
14.0 16.25 17.4444 18.3 19.5 17.2308 17.5714 18.7143 19.6429 20.2857 21.1429 22.1429 23.1429 22.8667
12.8889 13.25 15.8333 17.4167 18.4615 19.2143 19.2 20.3333 21.3333 22.2 23.0667 22.5625 23.625 23.4706
12.1 11.5333 12.5294 13.4444 14.3684 15.15 14.8696 14.1111 13.9667 14.129 14.8065 15.5161 15.9355 16.3548
12.0 13.125 14.2222 11.9286 13.6429 13.3125 12.8889 12.8947 13.25 13.2857 13.5 14.0 14.2174 14.2917
9.0 10.7778 12.2 13.7 14.0 15.0 16.2727 15.8333 17.0 17.2308 18.3846 19.3846 18.7143 19.0
