> n=5000 m=5 07/06/2021 11:11:59
143 284 378 451 521 623 692 769 822 888 942 994 1027 1070 1112 1150 1204 1248 1295 1347 1388 1425 1474 1517 1543 1577 1613 1646 1687 1751 1783 1806 1837 1874 1912 1935 1969 1997 2044 2066 2106 2142 2178 2208 2260 2288 2319 2341 2363 2385 2420 2458 2493 2521 2540 2582 2612 2638 2660 2685 2701 2720 2740 2757 2781 2800 2815 2842 2865 2902 2917 2960 2986 3006 3036 3062 3083 3109 3143 3162 3182 3198 3223 3258 3278 3313 3346 3364 3389 3417 3435 3461 3480 3496 3518 3535 3550 3578 3595 3621
161 234 287 348 390 434 490 538 573 615 670 722 754 776 816 845 881 907 943 963 990 1011 1052 1075 1098 1115 1169 1198 1220 1245 1267 1294 1312 1327 1344 1358 1393 1409 1435 1450 1468 1485 1519 1544 1566 1577 1588 1620 1633 1646 1659 1685 1702 1711 1727 1743 1761 1779 1792 1808 1822 1858 1890 1912 1929 1950 1963 1980 2003 2020 2038 2058 2068 2082 2095 2112 2132 2153 2164 2186 2195 2208 2217 2250 2261 2280 2290 2305 2319 2331 2347 2364 2373 2396 2415 2421 2438 2446 2452 2467
181 292 395 468 559 635 701 753 818 873 951 994 1043 1090 1127 1175 1224 1287 1333 1373 1406 1446 1485 1520 1554 1615 1656 1700 1736 1793 1827 1862 1900 1936 1974 2001 2028 2048 2087 2118 2149 2177 2217 2256 2283 2333 2360 2380 2416 2452 2483 2529 2561 2588 2618 2638 2672 2712 2757 2800 2833 2877 2900 2923 2958 2984 3010 3030 3057 3070 3099 3124 3162 3182 3198 3219 3238 3277 3299 3314 3343 3374 3395 3418 3442 3457 3475 3497 3522 3550 3567 3584 3601 3627 3670 3700 3720 3735 3747 3771
177 292 397 483 539 615 669 734 791 855 926 993 1048 1104 1150 1192 1224 1262 1305 1360 1401 1473 1505 1556 1613 1654 1685 1731 1774 1799 1858 1899 1932 1956 1992 2016 2045 2068 2103 2124 2154 2181 2207 2232 2272 2298 2329 2365 2394 2431 2455 2492 2523 2566 2589 2608 2647 2675 2693 2714 2748 2771 2801 2834 2857 2884 2897 2929 2950 2985 3011 3043 3076 3115 3137 3172 3199 3224 3249 3272 3312 3335 3363 3383 3407 3431 3469 3484 3518 3548 3565 3606 3632 3644 3672 3688 3704 3722 3738 3755
162 242 326 383 455 513 574 627 671 719 765 813 877 917 941 970 1011 1049 1095 1129 1181 1216 1238 1273 1289 1319 1374 1412 1439 1459 1486 1510 1536 1578 1597 1618 1640 1666 1681 1713 1735 1753 1786 1808 1826 1848 1879 1897 1934 1961 1982 2000 2025 2047 2070 2099 2114 2131 2149 2164 2186 2204 2235 2264 2301 2322 2341 2370 2387 2412 2442 2459 2477 2516 2531 2549 2573 2600 2617 2632 2644 2661 2693 2710 2724 2741 2770 2788 2795 2807 2832 2839 2870 2886 2895 2909 2925 2937 2953 2979
214 377 522 644 774 866 960 1047 1147 1233 1318 1395 1457 1535 1613 1670 1716 1784 1848 1908 1952 2012 2077 2151 2202 2241 2288 2359 2410 2473 2517 2567 2604 2659 2697 2763 2800 2851 2888 2935 2969 3014 3064 3106 3138 3183 3228 3272 3317 3369 3409 3469 3502 3534 3578 3628 3691 3737 3774 3810 3836 3879 3924 3951 3994 4050 4089 4138 4185 4223 4253 4282 4332 4402 4445 4472 4506 4538 4573 4600 4636 4660 4693 4722 4757 4791 4831 4862 4901 4949 4968 5018 5042 5084 5109 5127 5149 5182 5212 5238
166 238 346 417 482 548 594 648 689 756 805 869 920 981 1045 1080 1133 1185 1226 1270 1318 1364 1398 1439 1481 1548 1572 1605 1627 1656 1708 1731 1769 1803 1838 1879 1931 1970 1991 2011 2048 2075 2091 2104 2135 2159 2189 2238 2275 2311 2345 2362 2392 2417 2438 2464 2497 2524 2541 2569 2586 2607 2621 2651 2676 2697 2726 2747 2773 2794 2814 2846 2871 2890 2903 2916 2930 2962 2976 3004 3034 3068 3089 3106 3118 3136 3156 3177 3196 3216 3231 3248 3262 3281 3302 3325 3337 3367 3384 3414
171 275 366 447 525 578 641 732 836 897 975 1033 1093 1148 1182 1265 1309 1369 1425 1475 1525 1571 1610 1646 1695 1727 1775 1809 1846 1873 1897 1936 1966 2000 2048 2083 2132 2162 2194 2246 2281 2310 2353 2383 2407 2435 2467 2500 2518 2556 2584 2611 2638 2658 2687 2723 2745 2764 2801 2818 2848 2874 2911 2931 2950 2968 2990 3023 3057 3092 3108 3141 3163 3182 3210 3231 3248 3264 3283 3306 3327 3338 3372 3401 3422 3437 3467 3488 3501 3518 3541 3560 3580 3607 3631 3651 3669 3686 3721 3737
104 167 212 250 290 319 347 377 409 438 456 483 517 531 544 554 576 592 616 627 645 669 692 723 744 763 793 803 820 842 852 862 879 889 901 912 921 936 955 969 991 1002 1013 1026 1037 1053 1062 1072 1091 1103 1110 1124 1151 1161 1167 1177 1186 1193 1200 1208 1216 1232 1240 1249 1261 1274 1282 1286 1299 1316 1333 1340 1344 1357 1361 1390 1401 1411 1444 1453 1457 1468 1481 1497 1518 1532 1539 1551 1556 1566 1586 1591 1603 1609 1620 1627 1634 1636 1643 1648
195 307 380 456 521 584 624 691 743 784 841 877 929 959 994 1032 1062 1099 1135 1168 1200 1230 1266 1316 1352 1370 1390 1420 1455 1477 1503 1540 1571 1604 1638 1662 1696 1729 1744 1753 1786 1812 1828 1859 1888 1919 1940 1973 1994 2033 2053 2089 2102 2133 2157 2176 2204 2225 2246 2270 2287 2312 2325 2342 2362 2378 2396 2415 2432 2449 2465 2482 2494 2523 2546 2565 2586 2596 2612 2624 2633 2653 2675 2693 2709 2726 2757 2781 2819 2834 2853 2877 2892 2914 2929 2946 2957 2973 2989 3002
145 238 300 362 422 464 523 589 650 685 736 757 817 847 882 910 945 980 1020 1056 1083 1109 1136 1173 1211 1245 1254 1268 1308 1327 1375 1397 1415 1437 1469 1492 1514 1537 1579 1592 1625 1644 1667 1685 1721 1737 1760 1775 1791 1806 1828 1851 1879 1898 1918 1938 1954 1982 2006 2019 2041 2053 2085 2106 2132 2151 2162 2176 2196 2216 2237 2254 2267 2282 2299 2307 2322 2348 2360 2381 2395 2407 2430 2442 2466 2479 2491 2505 2520 2540 2552 2563 2579 2597 2605 2614 2636 2654 2663 2674
190 330 454 538 640 720 807 867 936 1006 1061 1091 1144 1174 1232 1294 1345 1413 1460 1503 1546 1593 1644 1698 1737 1782 1825 1856 1882 1906 1935 1977 2008 2050 2100 2136 2167 2212 2254 2284 2315 2353 2383 2410 2434 2475 2512 2542 2569 2587 2617 2656 2688 2719 2755 2784 2811 2846 2884 2917 2938 2954 2976 3010 3033 3063 3102 3133 3167 3206 3237 3260 3282 3309 3341 3388 3419 3444 3460 3485 3509 3530 3554 3587 3605 3637 3659 3699 3712 3729 3754 3787 3820 3837 3858 3889 3910 3928 3958 3963
120 218 281 351 387 429 470 497 532 573 613 633 664 705 728 749 774 802 825 841 853 876 895 910 948 980 1018 1036 1063 1084 1117 1136 1150 1168 1197 1217 1246 1265 1280 1292 1310 1327 1341 1358 1370 1393 1405 1417 1436 1453 1457 1467 1481 1494 1507 1520 1532 1547 1569 1589 1596 1612 1630 1641 1652 1664 1675 1705 1721 1733 1747 1758 1771 1780 1786 1800 1810 1825 1834 1845 1861 1873 1887 1907 1923 1942 1953 1970 1980 1995 2003 2010 2019 2026 2036 2041 2052 2063 2081 2088
151 207 244 283 331 364 390 414 448 486 511 537 559 596 628 667 681 719 739 758 782 795 818 837 853 873 893 903 929 947 965 991 999 1008 1021 1049 1064 1092 1108 1123 1134 1149 1161 1184 1215 1229 1251 1260 1269 1281 1299 1318 1328 1341 1357 1376 1400 1412 1432 1445 1456 1466 1474 1493 1509 1527 1537 1550 1568 1579 1603 1626 1635 1657 1671 1687 1708 1728 1745 1763 1783 1796 1813 1831 1841 1859 1863 1870 1882 1895 1905 1923 1930 1940 1956 1968 1981 1992 2007 2024
195 272 374 479 531 628 683 742 794 868 924 981 1057 1100 1130 1178 1212 1251 1304 1353 1393 1447 1481 1528 1570 1611 1647 1686 1732 1780 1807 1851 1878 1898 1937 1961 2000 2032 2080 2109 2145 2181 2223 2261 2300 2317 2345 2366 2398 2421 2462 2477 2506 2536 2563 2579 2596 2616 2638 2670 2705 2726 2753 2771 2813 2844 2870 2886 2923 2941 2969 2983 3010 3042 3062 3086 3114 3149 3162 3180 3197 3219 3249 3268 3296 3313 3322 3352 3373 3405 3429 3451 3466 3488 3495 3521 3556 3583 3608 3620
122 178 228 275 314 351 391 434 468 516 537 570 589 621 651 673 688 714 727 755 782 810 833 856 874 886 898 926 946 966 984 998 1010 1028 1038 1054 1077 1088 1101 1116 1133 1152 1171 1182 1198 1214 1223 1236 1248 1264 1287 1296 1314 1328 1342 1351 1362 1380 1393 1404 1423 1429 1438 1451 1465 1478 1492 1502 1513 1523 1539 1550 1562 1582 1593 1606 1633 1637 1649 1671 1681 1700 1712 1725 1736 1751 1758 1768 1775 1785 1793 1800 1807 1815 1824 1842 1860 1867 1874 1882
142 233 301 388 471 541 592 640 687 744 808 837 882 922 969 1004 1031 1081 1135 1168 1206 1243 1264 1310 1335 1381 1416 1438 1484 1517 1540 1567 1587 1620 1634 1653 1694 1712 1731 1757 1789 1824 1849 1886 1904 1930 1962 1978 2009 2035 2079 2098 2115 2136 2162 2197 2213 2233 2251 2283 2297 2332 2361 2381 2421 2436 2450 2475 2510 2530 2561 2578 2602 2635 2660 2683 2698 2719 2735 2756 2772 2787 2802 2823 2836 2870 2886 2905 2938 2956 2981 3002 3022 3050 3065 3085 3104 3126 3142 3162
112 157 199 261 310 357 392 420 447 474 498 529 557 588 610 636 652 665 687 706 732 767 793 827 848 863 900 917 937 946 963 992 1010 1022 1036 1045 1062 1077 1093 1106 1122 1151 1161 1186 1210 1221 1238 1256 1269 1288 1304 1317 1330 1345 1369 1392 1419 1437 1459 1470 1500 1508 1524 1538 1555 1570 1581 1593 1611 1622 1629 1639 1654 1670 1682 1697 1712 1724 1737 1747 1759 1765 1774 1789 1805 1815 1826 1838 1848 1858 1864 1879 1889 1904 1912 1932 1948 1962 1981 1986
107 185 237 294 338 385 415 445 499 530 571 610 631 659 691 717 752 785 817 844 859 880 906 936 967 1000 1018 1036 1052 1075 1095 1128 1162 1195 1230 1260 1274 1297 1320 1337 1349 1374 1391 1411 1442 1469 1488 1501 1518 1536 1557 1572 1589 1605 1621 1634 1657 1672 1680 1688 1702 1729 1747 1759 1772 1786 1803 1816 1826 1834 1860 1892 1907 1913 1927 1939 1950 1962 1984 1994 2004 2026 2036 2048 2067 2083 2095 2116 2130 2138 2152 2172 2184 2198 2212 2230 2244 2260 2274 2287
193 321 424 532 611 686 750 820 873 928 962 1009 1062 1108 1160 1212 1259 1320 1368 1421 1455 1481 1520 1559 1590 1629 1680 1727 1767 1802 1831 1868 1904 1935 1966 1992 2025 2064 2098 2131 2164 2191 2220 2241 2259 2305 2336 2363 2396 2421 2447 2470 2485 2509 2541 2572 2601 2622 2652 2684 2718 2737 2783 2804 2827 2848 2876 2901 2935 2960 2985 3016 3040 3066 3086 3119 3135 3147 3186 3218 3244 3261 3290 3299 3343 3368 3389 3423 3458 3486 3509 3524 3550 3571 3586 3604 3637 3655 3687 3715
> n=5000 m=5 07/06/2021 11:19:40
135 238 291 378 430 491 549 596 632 698 747 785 838 886 955 1008 1050 1095 1129 1157 1195 1222 1247 1294 1343 1383 1417 1458 1490 1524 1554 1576 1596 1628 1665 1693 1709 1734 1751 1779 1813 1843 1884 1906 1945 1975 2000 2030 2054 2079 2110 2142 2178 2199 2237 2266 2286 2317 2328 2370 2395 2414 2431 2451 2469 2520 2551 2582 2604 2645 2667 2676 2696 2726 2749 2779 2792 2828 2842 2856 2894 2923 2943 2959 2978 3003 3034 3049 3063 3087 3107 3130 3146 3166 3188 3218 3228 3266 3277 3295
188 319 431 539 651 728 818 914 1000 1053 1125 1194 1259 1314 1368 1422 1464 1508 1550 1583 1644 1679 1721 1766 1815 1863 1918 1958 1998 2047 2101 2136 2171 2215 2250 2314 2354 2385 2429 2462 2499 2538 2588 2613 2668 2713 2740 2782 2830 2872 2914 2948 2982 3036 3058 3109 3159 3206 3238 3285 3312 3336 3375 3418 3454 3491 3515 3546 3572 3612 3650 3670 3712 3749 3780 3811 3844 3873 3891 3927 3951 3960 3987 4025 4076 4104 4116 4142 4169 4196 4222 4249 4278 4323 4354 4377 4421 4446 4476 4510
97 193 253 302 353 391 449 477 508 535 577 624 658 694 731 759 793 814 833 847 885 903 926 952 976 992 1012 1030 1060 1082 1091 1108 1132 1145 1159 1182 1206 1221 1251 1256 1278 1295 1310 1329 1350 1365 1405 1414 1442 1453 1477 1491 1512 1535 1557 1567 1580 1593 1611 1642 1660 1669 1686 1702 1719 1736 1748 1759 1767 1784 1810 1825 1837 1845 1859 1865 1875 1885 1893 1908 1918 1929 1939 1955 1977 1985 2004 2012 2025 2046 2061 2069 2079 2091 2113 2119 2133 2141 2153 2171
178 297 401 467 542 618 667 731 795 870 928 991 1045 1100 1149 1191 1235 1278 1332 1369 1407 1438 1474 1516 1561 1616 1662 1701 1732 1773 1803 1845 1890 1916 1954 2022 2044 2081 2125 2166 2219 2239 2291 2317 2360 2414 2440 2467 2505 2536 2561 2587 2647 2676 2694 2729 2774 2801 2832 2864 2893 2926 2954 2983 3012 3034 3075 3108 3130 3147 3165 3186 3206 3238 3260 3283 3310 3356 3381 3404 3433 3461 3492 3515 3542 3558 3587 3607 3629 3659 3681 3704 3726 3758 3777 3806 3830 3853 3875 3900
96 147 198 239 269 299 314 357 383 423 444 472 490 519 537 555 578 591 606 621 637 658 675 682 692 708 730 742 756 769 789 819 827 836 855 867 877 897 910 921 930 951 964 973 978 997 1007 1013 1027 1035 1054 1064 1076 1093 1100 1108 1122 1131 1139 1145 1150 1161 1169 1178 1189 1203 1206 1222 1233 1247 1258 1264 1281 1288 1296 1309 1316 1321 1329 1339 1348 1358 1363 1375 1378 1391 1405 1418 1427 1435 1443 1454 1472 1478 1493 1507 1515 1528 1534 1542
236 369 477 624 746 846 915 1017 1075 1148 1228 1304 1352 1417 1470 1521 1582 1626 1685 1732 1793 1835 1881 1923 1987 2021 2079 2119 2169 2201 2245 2280 2340 2384 2431 2472 2527 2574 2606 2637 2662 2704 2741 2789 2831 2868 2915 2963 3020 3049 3097 3135 3176 3206 3247 3298 3350 3375 3407 3441 3478 3502 3523 3553 3591 3636 3676 3708 3744 3776 3820 3865 3886 3907 3943 3969 3995 4011 4057 4076 4108 4144 4169 4221 4242 4264 4281 4302 4327 4364 4385 4412 4429 4457 4508 4541 4581 4600 4630 4670
122 225 324 394 460 534 589 673 710 753 784 826 867 932 968 1013 1046 1085 1122 1148 1178 1217 1250 1277 1305 1350 1375 1415 1437 1488 1513 1548 1574 1609 1637 1663 1685 1728 1765 1803 1827 1863 1899 1928 1952 1977 1998 2021 2055 2071 2092 2122 2144 2156 2182 2220 2239 2270 2296 2321 2350 2369 2396 2415 2435 2453 2478 2499 2521 2545 2576 2602 2640 2680 2714 2724 2754 2776 2793 2814 2837 2863 2883 2904 2932 2971 2995 3020 3046 3080 3108 3123 3138 3149 3167 3183 3206 3222 3242 3255
237 455 608 759 884 1021 1131 1265 1361 1449 1556 1646 1750 1832 1925 1994 2062 2128 2190 2262 2343 2409 2467 2522 2592 2666 2715 2787 2866 2910 2998 3069 3134 3207 3266 3318 3372 3414 3477 3551 3628 3700 3751 3818 3880 3919 3961 4021 4077 4120 4159 4203 4248 4294 4375 4431 4496 4533 4572 4628 4681 4747 4800 4851 4920 4967 5005 5050 5096 5151 5191 5219 5256 5289 5322 5371 5431 5466 5501 5541 5588 5634 5694 5722 5765 5812 5855 5894 5921 5968 6015 6042 6065 6110 6151 6186 6219 6253 6298 6326
130 192 238 291 328 371 424 455 484 515 537 574 602 621 644 673 693 719 747 767 798 811 834 872 906 926 946 963 984 1002 1019 1039 1058 1078 1092 1125 1150 1165 1176 1198 1213 1227 1254 1264 1286 1295 1302 1314 1330 1340 1359 1363 1371 1385 1399 1417 1427 1438 1463 1490 1512 1541 1559 1574 1586 1599 1609 1626 1637 1652 1659 1675 1694 1708 1722 1741 1752 1760 1769 1776 1785 1795 1808 1818 1825 1832 1848 1866 1880 1893 1902 1918 1928 1941 1963 1980 1990 2006 2012 2019
161 286 378 444 533 599 654 712 771 820 868 929 975 1013 1070 1119 1157 1219 1242 1270 1307 1342 1393 1428 1464 1501 1518 1546 1564 1589 1610 1639 1664 1693 1723 1750 1791 1833 1861 1907 1918 1946 1974 2000 2026 2066 2081 2106 2125 2154 2188 2202 2227 2246 2274 2298 2350 2384 2399 2417 2440 2471 2493 2531 2557 2583 2603 2630 2646 2659 2685 2697 2710 2727 2749 2770 2811 2833 2853 2876 2911 2943 2965 2978 2992 3011 3028 3046 3057 3085 3111 3142 3164 3176 3193 3211 3236 3260 3287 3314
104 182 243 302 355 398 425 443 471 498 538 573 597 618 637 675 707 733 751 769 796 819 835 852 860 885 894 918 938 965 993 1011 1044 1059 1072 1087 1097 1115 1124 1138 1154 1168 1184 1198 1208 1223 1241 1269 1283 1296 1322 1339 1359 1377 1400 1427 1447 1459 1482 1494 1512 1521 1533 1544 1554 1564 1588 1599 1622 1625 1640 1650 1669 1678 1693 1709 1730 1744 1764 1776 1785 1792 1807 1822 1835 1864 1885 1898 1913 1929 1937 1943 1956 1977 1990 1998 2008 2021 2028 2037
138 242 312 370 435 503 548 616 654 704 758 793 823 864 901 937 970 1012 1040 1058 1086 1104 1119 1152 1179 1203 1236 1258 1285 1313 1344 1359 1383 1435 1448 1468 1492 1518 1536 1551 1568 1602 1644 1671 1686 1710 1731 1753 1768 1788 1821 1846 1871 1896 1922 1936 1962 1974 1992 2013 2035 2046 2074 2095 2119 2145 2172 2202 2221 2237 2258 2280 2299 2329 2342 2363 2392 2409 2420 2437 2458 2481 2493 2506 2511 2522 2532 2553 2569 2582 2599 2610 2627 2642 2662 2673 2683 2711 2719 2742
154 243 299 378 442 499 540 607 639 681 709 740 773 822 860 888 921 973 1025 1056 1092 1144 1171 1210 1235 1277 1307 1344 1371 1400 1418 1458 1483 1507 1543 1577 1607 1625 1652 1665 1698 1723 1753 1808 1845 1883 1896 1927 1958 1986 2005 2022 2038 2057 2074 2099 2116 2131 2153 2175 2200 2214 2229 2261 2277 2314 2337 2348 2356 2386 2403 2418 2438 2469 2495 2510 2531 2550 2573 2589 2607 2626 2657 2673 2684 2694 2722 2747 2765 2784 2800 2812 2833 2846 2860 2873 2882 2915 2929 2938
111 162 207 239 282 309 329 365 398 425 451 466 484 501 524 547 558 588 606 622 632 657 666 680 699 713 731 737 747 756 771 783 797 815 824 839 850 866 880 889 909 921 930 943 951 969 987 1000 1007 1025 1035 1045 1064 1071 1092 1105 1114 1121 1132 1136 1147 1151 1161 1169 1182 1210 1223 1240 1246 1259 1266 1278 1280 1287 1293 1308 1323 1340 1351 1362 1367 1372 1377 1390 1396 1400 1422 1438 1456 1461 1463 1468 1479 1486 1500 1506 1515 1519 1533 1543
112 189 248 298 347 401 449 485 531 571 602 639 662 688 734 767 820 839 871 887 909 931 954 975 988 1017 1046 1068 1090 1110 1141 1183 1204 1231 1250 1279 1301 1324 1349 1378 1407 1417 1438 1463 1476 1503 1515 1537 1583 1606 1620 1642 1669 1698 1710 1725 1748 1767 1789 1812 1833 1847 1859 1881 1901 1933 1972 1983 1995 2008 2029 2045 2057 2071 2087 2111 2137 2149 2172 2189 2205 2219 2234 2252 2271 2288 2297 2314 2328 2349 2375 2391 2410 2435 2452 2471 2482 2491 2506 2536
123 219 280 335 400 472 519 570 617 668 697 727 754 786 820 858 888 920 947 982 1009 1042 1068 1092 1119 1144 1176 1215 1241 1270 1290 1305 1330 1359 1384 1411 1426 1454 1476 1496 1513 1529 1542 1561 1574 1601 1616 1638 1659 1681 1702 1722 1735 1750 1778 1805 1823 1851 1874 1884 1899 1931 1949 1969 1990 2004 2026 2046 2066 2081 2095 2110 2123 2143 2154 2180 2194 2214 2228 2257 2278 2295 2313 2336 2353 2366 2378 2387 2394 2405 2416 2433 2447 2456 2466 2478 2493 2505 2519 2530
117 182 226 262 321 370 399 439 485 525 547 564 583 612 630 656 673 689 704 734 766 793 809 832 860 885 908 923 951 969 985 993 1031 1059 1073 1096 1116 1140 1151 1170 1193 1209 1237 1264 1276 1286 1316 1345 1355 1373 1380 1394 1407 1419 1437 1455 1470 1477 1490 1505 1521 1542 1562 1570 1582 1597 1605 1620 1637 1653 1660 1673 1682 1704 1715 1723 1734 1739 1761 1772 1784 1799 1818 1824 1836 1856 1871 1887 1895 1915 1929 1936 1965 1977 1990 2000 2010 2022 2038 2049
191 311 405 506 572 643 697 758 823 876 913 963 1005 1048 1106 1155 1209 1257 1286 1322 1349 1393 1441 1480 1519 1552 1596 1629 1682 1712 1741 1764 1801 1835 1860 1884 1907 1944 1969 2001 2043 2070 2091 2121 2138 2155 2185 2203 2234 2264 2285 2318 2340 2360 2389 2414 2434 2452 2473 2496 2523 2558 2583 2605 2630 2658 2679 2690 2714 2736 2759 2789 2815 2844 2872 2915 2929 2944 2975 3009 3036 3051 3063 3079 3091 3105 3129 3157 3201 3222 3239 3258 3272 3284 3314 3346 3359 3382 3403 3430
144 262 355 443 511 572 630 705 740 802 865 942 997 1032 1082 1129 1160 1198 1239 1284 1334 1386 1433 1489 1519 1550 1575 1615 1655 1686 1706 1730 1767 1802 1834 1868 1910 1939 1953 1988 2011 2052 2078 2111 2153 2200 2225 2262 2294 2333 2353 2370 2391 2428 2459 2497 2530 2576 2597 2623 2659 2680 2701 2714 2739 2763 2780 2809 2830 2855 2873 2898 2923 2948 2969 3016 3028 3056 3081 3100 3129 3156 3176 3191 3207 3235 3254 3271 3287 3315 3341 3359 3372 3397 3416 3452 3466 3485 3512 3536
142 227 314 382 442 493 549 590 648 693 743 774 797 842 893 919 952 986 1016 1056 1088 1121 1151 1186 1225 1255 1295 1331 1361 1378 1405 1431 1460 1485 1517 1537 1571 1606 1651 1685 1722 1746 1772 1782 1797 1825 1854 1874 1910 1941 1956 1977 1988 2024 2050 2074 2088 2101 2121 2157 2191 2201 2217 2228 2242 2263 2281 2304 2327 2342 2364 2382 2398 2422 2442 2455 2467 2479 2502 2524 2543 2558 2579 2608 2622 2638 2657 2670 2683 2702 2715 2734 2751 2763 2784 2809 2834 2848 2859 2878
> n=5000 m=5 07/06/2021 11:25:51
113 201 271 325 366 421 463 514 544 594 630 669 712 735 774 802 834 874 902 934 960 987 1010 1038 1065 1093 1110 1140 1157 1182 1223 1242 1263 1290 1311 1344 1363 1374 1392 1407 1430 1448 1469 1486 1495 1509 1534 1551 1574 1595 1613 1636 1648 1658 1671 1688 1712 1726 1736 1754 1771 1782 1810 1820 1854 1870 1893 1906 1922 1945 1954 1973 1981 1997 2018 2031 2043 2057 2076 2094 2104 2118 2135 2147 2168 2178 2192 2208 2220 2237 2249 2266 2272 2296 2310 2324 2333 2343 2358 2379
138 195 273 309 371 417 458 490 526 552 614 652 678 701 722 753 777 805 826 837 859 877 897 915 936 954 982 999 1020 1040 1050 1079 1090 1102 1125 1154 1177 1197 1233 1256 1287 1306 1316 1340 1361 1380 1400 1416 1430 1448 1459 1477 1489 1504 1514 1527 1556 1566 1572 1589 1610 1631 1642 1655 1684 1706 1727 1737 1744 1762 1773 1793 1804 1820 1843 1862 1876 1883 1891 1903 1909 1922 1935 1957 1972 1984 1991 2004 2028 2036 2039 2045 2053 2074 2084 2098 2108 2116 2132 2152
115 184 249 306 343 377 409 445 469 524 571 593 629 660 692 735 767 792 810 837 853 882 916 949 980 1006 1032 1053 1073 1093 1114 1143 1168 1190 1212 1228 1243 1258 1268 1287 1296 1314 1339 1355 1363 1389 1400 1428 1442 1455 1480 1493 1506 1527 1548 1568 1578 1586 1596 1607 1625 1640 1652 1668 1691 1711 1726 1736 1756 1771 1789 1802 1812 1829 1847 1855 1872 1883 1893 1908 1915 1936 1951 1961 1969 1995 2010 2022 2030 2045 2063 2079 2084 2100 2112 2122 2126 2133 2144 2151
145 243 318 375 405 445 503 552 592 629 664 721 770 810 838 865 896 922 942 966 1006 1034 1052 1080 1102 1124 1141 1167 1186 1226 1251 1272 1297 1317 1350 1365 1384 1399 1422 1436 1455 1468 1486 1505 1530 1551 1563 1576 1602 1622 1635 1660 1676 1696 1713 1740 1751 1763 1774 1788 1803 1823 1844 1873 1893 1908 1924 1935 1952 1962 1977 1992 2013 2040 2056 2079 2089 2101 2116 2126 2137 2155 2171 2196 2214 2231 2245 2266 2278 2287 2305 2328 2339 2368 2374 2399 2417 2435 2447 2461
114 181 240 262 288 324 360 385 411 435 456 483 508 524 547 564 584 600 619 636 665 677 697 708 726 744 761 785 797 811 822 835 842 862 873 882 899 919 946 967 975 987 1006 1023 1034 1050 1058 1070 1083 1098 1108 1116 1127 1140 1151 1159 1172 1187 1207 1224 1228 1236 1249 1260 1281 1305 1322 1334 1342 1352 1365 1377 1392 1398 1404 1420 1427 1437 1442 1452 1464 1478 1487 1498 1513 1515 1522 1544 1551 1557 1564 1583 1588 1611 1616 1633 1641 1653 1660 1672
160 227 288 341 411 440 488 546 572 606 647 677 717 747 793 843 868 911 958 969 1009 1046 1072 1107 1142 1165 1186 1205 1220 1248 1267 1301 1316 1340 1363 1389 1408 1433 1452 1468 1490 1509 1531 1549 1572 1603 1620 1644 1664 1681 1694 1712 1739 1767 1786 1811 1826 1842 1855 1871 1894 1924 1938 1960 1974 1986 1999 2034 2051 2061 2079 2099 2120 2142 2155 2165 2198 2211 2234 2248 2264 2274 2296 2318 2332 2347 2356 2375 2391 2405 2414 2426 2437 2445 2468 2491 2513 2539 2554 2573
131 208 265 328 378 404 433 471 495 526 553 590 614 655 670 696 716 751 783 808 823 845 872 889 912 937 956 971 992 1034 1060 1081 1100 1123 1147 1182 1212 1227 1257 1269 1281 1303 1330 1346 1365 1382 1403 1417 1438 1449 1470 1479 1515 1527 1540 1552 1566 1597 1609 1625 1640 1674 1686 1699 1716 1740 1749 1762 1779 1794 1806 1826 1845 1851 1862 1871 1881 1889 1899 1910 1921 1932 1944 1961 1984 2005 2014 2028 2068 2079 2086 2094 2118 2136 2156 2161 2170 2177 2193 2201
207 326 434 531 596 686 763 845 898 957 1021 1097 1146 1202 1250 1297 1343 1383 1412 1450 1503 1534 1574 1618 1663 1715 1749 1787 1831 1857 1880 1925 1963 1992 2040 2071 2108 2141 2174 2215 2241 2266 2304 2329 2376 2408 2430 2458 2511 2542 2571 2593 2620 2644 2692 2716 2736 2770 2791 2840 2887 2914 2938 2968 3006 3048 3085 3121 3149 3166 3180 3201 3224 3262 3288 3332 3354 3386 3402 3426 3441 3459 3485 3513 3541 3560 3583 3608 3630 3643 3673 3695 3717 3758 3776 3786 3815 3839 3861 3869
156 250 355 440 522 584 639 705 758 810 847 905 958 1010 1053 1094 1147 1192 1214 1259 1289 1322 1353 1386 1418 1443 1477 1501 1545 1569 1588 1607 1635 1675 1698 1724 1761 1784 1824 1857 1891 1929 1954 1984 2013 2043 2078 2093 2110 2132 2149 2186 2225 2247 2265 2286 2306 2345 2369 2382 2396 2415 2450 2478 2499 2515 2532 2552 2583 2609 2631 2657 2685 2705 2720 2745 2767 2786 2808 2825 2850 2872 2892 2917 2951 2961 2970 2981 3004 3034 3048 3059 3089 3101 3125 3143 3152 3174 3188 3208
187 308 432 531 653 737 800 869 927 977 1049 1140 1206 1259 1304 1387 1439 1478 1515 1555 1602 1639 1697 1733 1772 1810 1860 1912 1968 1994 2022 2071 2123 2150 2192 2238 2273 2303 2330 2357 2408 2463 2494 2535 2576 2624 2656 2703 2746 2785 2812 2856 2906 2930 2970 3015 3065 3107 3142 3160 3193 3217 3256 3295 3329 3365 3388 3429 3446 3481 3506 3530 3572 3609 3637 3667 3693 3708 3736 3771 3798 3826 3854 3890 3924 3945 3966 4009 4029 4054 4089 4114 4137 4167 4183 4210 4243 4261 4285 4307
153 297 391 460 503 571 653 711 758 810 873 932 1002 1039 1080 1120 1167 1199 1250 1288 1317 1366 1410 1436 1476 1503 1547 1565 1594 1638 1664 1710 1746 1780 1819 1850 1891 1926 1978 2005 2039 2080 2116 2160 2185 2220 2246 2278 2306 2331 2361 2386 2434 2464 2495 2525 2553 2593 2622 2646 2673 2699 2717 2755 2783 2807 2823 2845 2872 2892 2929 2958 2979 2993 3011 3043 3065 3101 3117 3142 3175 3195 3225 3242 3281 3326 3344 3409 3431 3452 3474 3487 3501 3523 3546 3567 3580 3608 3631 3664
114 190 256 305 346 399 444 489 522 559 585 612 653 689 701 723 750 785 806 836 854 883 900 913 947 976 1001 1022 1040 1057 1091 1117 1136 1151 1177 1203 1224 1245 1262 1284 1301 1318 1348 1356 1376 1392 1430 1452 1467 1487 1509 1527 1558 1575 1615 1621 1643 1659 1675 1691 1712 1733 1755 1767 1780 1808 1816 1839 1853 1866 1883 1901 1930 1942 1960 1968 1988 2006 2017 2026 2040 2056 2082 2100 2120 2128 2138 2153 2171 2193 2202 2216 2224 2236 2261 2277 2301 2318 2329 2342
199 301 408 480 569 626 691 751 805 840 888 921 956 1007 1045 1072 1115 1183 1222 1261 1294 1326 1369 1402 1445 1474 1505 1550 1590 1635 1670 1694 1720 1754 1780 1806 1842 1883 1914 1939 1971 2006 2020 2057 2070 2092 2118 2136 2153 2189 2211 2241 2256 2286 2318 2327 2357 2379 2400 2418 2454 2478 2500 2537 2559 2571 2598 2618 2635 2657 2670 2688 2705 2743 2756 2771 2784 2803 2816 2843 2864 2884 2901 2922 2959 2971 2986 3009 3032 3058 3076 3095 3110 3123 3141 3163 3193 3210 3234 3255
96 165 250 326 382 445 502 574 604 649 689 730 767 791 832 853 876 918 948 981 1016 1040 1083 1103 1139 1175 1199 1227 1252 1268 1290 1315 1352 1379 1410 1431 1456 1469 1499 1542 1568 1592 1614 1640 1678 1685 1701 1719 1735 1758 1771 1791 1815 1827 1850 1865 1876 1895 1916 1929 1940 1956 1982 2003 2017 2041 2081 2113 2129 2152 2192 2206 2219 2230 2242 2262 2268 2285 2297 2313 2341 2351 2368 2393 2405 2427 2445 2462 2498 2510 2526 2557 2589 2602 2619 2639 2653 2661 2667 2685
112 187 243 303 338 383 413 446 466 495 516 536 575 605 625 651 672 706 730 746 757 791 814 830 849 869 891 925 938 952 967 991 1012 1030 1041 1053 1072 1104 1119 1141 1157 1167 1178 1189 1197 1217 1230 1243 1269 1279 1292 1304 1319 1345 1353 1362 1386 1407 1426 1436 1445 1455 1481 1504 1523 1532 1552 1561 1590 1606 1628 1638 1652 1668 1676 1687 1710 1721 1733 1746 1766 1777 1791 1797 1804 1820 1833 1837 1849 1870 1885 1899 1916 1922 1931 1941 1958 1969 1980 1986
151 208 276 348 408 464 503 543 600 634 687 742 788 831 874 910 930 968 1004 1021 1048 1084 1105 1128 1159 1179 1206 1234 1282 1299 1320 1338 1366 1387 1410 1430 1447 1464 1483 1503 1525 1557 1580 1595 1621 1645 1668 1689 1717 1753 1779 1801 1822 1828 1842 1863 1878 1906 1925 1937 1958 1969 1994 2013 2038 2058 2087 2101 2135 2152 2174 2197 2222 2231 2245 2260 2281 2311 2322 2345 2360 2373 2401 2410 2414 2437 2456 2471 2494 2502 2510 2525 2539 2550 2566 2590 2599 2621 2639 2647
120 170 225 271 324 366 391 440 480 499 535 555 580 593 622 636 665 689 714 727 756 791 811 825 853 880 894 906 925 947 969 985 1005 1018 1043 1061 1078 1106 1129 1153 1167 1183 1205 1219 1234 1256 1271 1298 1304 1332 1343 1356 1366 1384 1398 1415 1427 1441 1446 1463 1490 1508 1518 1540 1560 1572 1585 1595 1605 1624 1652 1673 1689 1695 1705 1726 1731 1753 1760 1772 1783 1807 1832 1852 1860 1875 1888 1907 1910 1921 1927 1949 1958 1978 1987 2005 2022 2032 2039 2052
190 320 423 525 668 714 808 909 994 1084 1139 1232 1287 1346 1433 1501 1558 1639 1689 1737 1776 1844 1895 1958 2042 2095 2159 2203 2265 2301 2342 2403 2434 2469 2518 2560 2611 2663 2686 2713 2751 2788 2854 2880 2922 2960 3001 3045 3088 3147 3168 3223 3287 3334 3373 3401 3457 3499 3555 3600 3649 3686 3715 3763 3790 3830 3860 3892 3921 3943 3983 4024 4051 4077 4099 4123 4154 4202 4227 4266 4296 4345 4372 4408 4454 4483 4506 4550 4580 4623 4653 4671 4706 4733 4784 4811 4828 4866 4900 4930
192 299 410 485 570 644 711 790 854 916 982 1047 1093 1148 1208 1263 1305 1360 1406 1444 1495 1540 1573 1607 1652 1688 1726 1752 1799 1839 1865 1896 1939 1981 2021 2072 2105 2137 2181 2219 2265 2294 2327 2384 2414 2442 2472 2511 2541 2585 2620 2655 2689 2737 2770 2788 2818 2838 2865 2894 2909 2930 2956 2983 3014 3046 3073 3099 3118 3127 3170 3189 3209 3241 3286 3314 3339 3374 3401 3423 3436 3458 3495 3521 3538 3558 3573 3596 3626 3657 3690 3712 3751 3769 3810 3840 3872 3904 3932 3951
117 219 313 388 448 491 532 596 651 701 735 769 796 842 878 915 955 985 1030 1074 1125 1151 1184 1221 1262 1284 1313 1334 1360 1399 1426 1457 1477 1500 1528 1548 1562 1608 1631 1665 1682 1708 1723 1743 1772 1797 1829 1860 1874 1901 1926 1947 1963 1989 2001 2027 2071 2098 2114 2132 2161 2175 2194 2203 2222 2240 2258 2291 2301 2311 2340 2363 2388 2401 2417 2440 2466 2481 2506 2536 2553 2563 2587 2602 2624 2632 2664 2683 2717 2736 2762 2782 2797 2817 2833 2856 2890 2902 2919 2931
> n=5000 m=5 07/06/2021 11:36:43
114 200 252 300 349 385 413 443 507 530 568 605 628 657 674 702 736 766 795 819 855 873 887 906 941 971 984 1012 1044 1071 1093 1103 1131 1149 1161 1182 1210 1220 1244 1258 1279 1290 1299 1313 1330 1352 1375 1395 1410 1438 1454 1466 1483 1503 1516 1532 1548 1574 1587 1607 1623 1654 1679 1688 1709 1725 1743 1755 1768 1783 1796 1814 1824 1842 1857 1873 1889 1920 1929 1949 1960 1978 1996 2007 2021 2037 2053 2060 2065 2076 2088 2104 2113 2124 2138 2149 2156 2173 2187 2208
> n=5000 m=5 07/06/2021 11:38:34
153 275 359 438 513 585 640 685 740 791 852 898 952 995 1046 1088 1128 1166 1204 1250 1287 1321 1377 1420 1465 1524 1553 1583 1632 1681 1711 1732 1743 1781 1799 1829 1852 1878 1923 1956 1992 2016 2052 2082 2115 2130 2180 2215 2234 2249 2279 2311 2335 2365 2401 2422 2444 2473 2511 2534 2566 2588 2605 2625 2651 2681 2705 2750 2773 2802 2817 2836 2862 2886 2917 2931 2953 2972 2991 3008 3034 3053 3071 3100 3125 3154 3186 3211 3233 3249 3265 3284 3308 3322 3334 3366 3387 3408 3424 3442
> n=5000 m=5 07/06/2021 11:43:37
208 316 408 512 614 721 821 913 988 1065 1117 1167 1222 1273 1330 1388 1452 1501 1561 1613 1663 1725 1763 1804 1835 1894 1935 1972 1995 2031 2096 2147 2185 2213 2237 2290 2316 2347 2388 2418 2441 2503 2535 2566 2592 2614 2643 2658 2685 2713 2742 2772 2799 2828 2856 2894 2925 2949 2987 3017 3044 3082 3119 3140 3167 3200 3235 3257 3281 3318 3346 3374 3389 3419 3439 3461 3488 3513 3538 3576 3605 3625 3652 3673 3688 3729 3757 3792 3819 3847 3871 3898 3912 3928 3962 3985 4017 4036 4065 4084
> n=5000 m=5 07/06/2021 11:53:59
162 268 343 403 468 517 567 623 675 760 826 860 913 962 1003 1047 1083 1129 1178 1222 1256 1304 1337 1368 1412 1440 1481 1518 1557 1588 1616 1656 1701 1737 1767 1792 1821 1863 1899 1929 1951 1966 1998 2018 2051 2067 2085 2106 2132 2172 2185 2230 2253 2274 2298 2316 2343 2381 2409 2436 2451 2475 2491 2518 2552 2585 2627 2652 2677 2696 2717 2745 2760 2776 2804 2813 2831 2852 2869 2893 2908 2922 2937 2950 2987 3015 3030 3042 3063 3100 3117 3144 3162 3181 3198 3214 3227 3238 3260 3298
114 192 250 290 342 360 390 427 462 504 532 577 602 632 669 702 733 776 801 811 835 854 879 913 930 955 979 992 1015 1034 1064 1082 1111 1125 1141 1156 1176 1200 1225 1237 1268 1281 1293 1315 1327 1349 1361 1382 1390 1412 1432 1455 1471 1484 1495 1508 1524 1544 1554 1560 1570 1588 1599 1608 1626 1637 1657 1670 1684 1697 1720 1753 1764 1774 1787 1800 1810 1820 1828 1841 1856 1866 1883 1894 1906 1910 1924 1941 1949 1961 1969 1977 1987 2012 2026 2046 2053 2066 2077 2089
141 247 322 373 427 481 537 583 631 691 731 751 798 815 841 881 901 930 945 961 983 998 1044 1073 1100 1117 1156 1181 1202 1219 1232 1248 1263 1287 1319 1353 1365 1388 1405 1422 1449 1463 1484 1503 1519 1541 1558 1574 1596 1617 1627 1648 1665 1678 1692 1702 1714 1723 1747 1767 1797 1819 1845 1865 1899 1923 1939 1954 1957 1999 2023 2047 2062 2074 2095 2115 2126 2144 2158 2186 2201 2207 2225 2244 2257 2272 2284 2294 2314 2338 2358 2370 2381 2390 2403 2415 2433 2446 2459 2469
171 296 411 508 610 685 759 831 903 946 1018 1066 1137 1203 1263 1332 1386 1442 1483 1539 1583 1639 1703 1761 1807 1844 1902 1951 2004 2063 2115 2163 2197 2236 2269 2315 2345 2411 2447 2499 2539 2576 2614 2642 2674 2708 2734 2759 2790 2840 2883 2918 2941 2968 2997 3027 3068 3099 3132 3149 3183 3214 3244 3279 3302 3346 3368 3405 3436 3467 3504 3540 3584 3627 3660 3690 3727 3749 3772 3791 3825 3870 3899 3928 3974 4010 4038 4060 4095 4120 4154 4181 4230 4269 4297 4324 4383 4411 4439 4480
> n=5000 m=5 07/06/2021 11:54:40
212 360 491 629 736 823 912 992 1081 1157 1218 1268 1372 1439 1502 1590 1645 1717 1746 1785 1821 1869 1936 1987 2043 2082 2116 2170 2218 2268 2321 2368 2417 2471 2515 2555 2587 2619 2659 2686 2734 2777 2827 2875 2918 2939 3001 3068 3097 3137 3186 3230 3267 3323 3353 3384 3428 3447 3488 3516 3565 3607 3649 3684 3713 3746 3782 3825 3861 3894 3940 3972 4002 4032 4063 4101 4133 4173 4199 4225 4251 4277 4301 4332 4348 4376 4432 4478 4492 4520 4546 4583 4621 4636 4669 4691 4721 4771 4795 4849
126 227 285 351 396 445 487 540 583 624 669 714 754 783 812 853 886 916 945 969 999 1021 1050 1067 1103 1124 1149 1170 1189 1211 1236 1255 1271 1290 1314 1339 1366 1387 1397 1413 1434 1453 1469 1480 1506 1527 1549 1562 1585 1601 1615 1630 1647 1661 1680 1695 1720 1732 1744 1768 1784 1797 1810 1828 1846 1859 1878 1893 1912 1933 1954 1966 1993 2009 2032 2043 2061 2083 2103 2133 2147 2163 2174 2185 2201 2214 2229 2238 2257 2270 2272 2289 2309 2314 2325 2339 2347 2360 2384 2402
127 202 262 300 335 368 423 466 487 520 545 591 621 657 685 711 733 767 793 804 830 869 893 911 937 978 995 1019 1039 1052 1072 1079 1099 1113 1121 1146 1159 1170 1188 1201 1221 1232 1240 1258 1276 1284 1300 1317 1330 1369 1389 1401 1424 1436 1455 1462 1488 1495 1510 1537 1558 1573 1589 1600 1608 1629 1640 1656 1666 1679 1688 1692 1702 1717 1725 1736 1751 1759 1770 1792 1805 1821 1837 1854 1861 1869 1886 1898 1915 1932 1942 1970 1982 1988 2013 2031 2039 2057 2064 2081
157 279 349 424 479 549 595 635 677 731 772 803 832 859 885 920 946 975 1013 1058 1089 1112 1141 1166 1198 1230 1245 1268 1309 1332 1371 1390 1406 1433 1456 1477 1505 1526 1548 1592 1603 1621 1653 1674 1696 1717 1732 1751 1767 1788 1814 1842 1854 1883 1914 1938 1958 1978 1997 2027 2034 2053 2062 2075 2087 2122 2160 2185 2207 2228 2244 2264 2288 2301 2312 2335 2355 2383 2396 2417 2457 2477 2499 2518 2537 2560 2576 2593 2603 2626 2641 2652 2667 2681 2701 2729 2739 2752 2783 2791
89 135 162 190 215 236 260 282 303 320 338 354 382 394 407 425 438 447 453 461 471 482 490 518 536 543 564 575 594 603 618 630 642 650 656 663 684 702 713 721 733 738 746 753 757 769 774 791 811 824 831 836 845 860 874 894 903 910 915 924 934 942 954 963 971 981 996 1002 1005 1011 1016 1021 1024 1038 1044 1054 1062 1077 1088 1101 1109 1117 1121 1122 1128 1141 1155 1165 1168 1176 1186 1191 1205 1208 1215 1220 1227 1236 1240 1246
205 355 477 572 643 718 785 847 918 988 1052 1096 1145 1192 1249 1303 1345 1406 1445 1508 1563 1609 1661 1696 1742 1810 1840 1876 1939 1992 2033 2068 2114 2159 2221 2255 2290 2335 2371 2405 2447 2488 2524 2546 2574 2606 2656 2691 2709 2760 2788 2822 2851 2873 2897 2924 2958 2980 3013 3053 3085 3111 3135 3176 3208 3241 3291 3321 3359 3396 3426 3454 3488 3524 3562 3606 3648 3689 3712 3740 3773 3789 3821 3860 3895 3923 3943 3963 3984 4004 4040 4069 4116 4143 4175 4200 4223 4248 4273 4313
116 185 235 286 332 373 408 443 468 496 530 554 583 629 647 664 695 712 737 755 777 795 808 827 856 888 907 922 944 966 989 1008 1016 1036 1054 1079 1102 1145 1161 1179 1192 1220 1236 1262 1278 1296 1305 1328 1342 1351 1363 1384 1396 1410 1422 1435 1453 1466 1482 1498 1512 1542 1549 1566 1577 1592 1599 1605 1622 1631 1635 1646 1673 1678 1686 1706 1719 1736 1746 1757 1770 1784 1803 1821 1832 1843 1857 1866 1873 1885 1901 1916 1921 1930 1943 1958 1963 1968 1976 1989
130 210 263 318 347 391 427 460 504 541 579 601 627 657 689 721 737 752 779 799 828 845 873 894 909 946 992 1029 1043 1061 1082 1105 1124 1144 1168 1200 1214 1227 1236 1264 1274 1290 1307 1333 1349 1362 1379 1389 1405 1420 1446 1467 1478 1491 1503 1520 1533 1549 1563 1573 1597 1610 1623 1633 1663 1681 1690 1704 1717 1734 1755 1765 1783 1809 1831 1851 1871 1892 1908 1919 1926 1944 1961 1974 1984 1992 2004 2016 2028 2046 2066 2085 2099 2109 2124 2134 2145 2158 2173 2184
145 225 285 331 377 418 445 481 522 548 578 616 644 680 704 730 743 767 804 832 849 882 916 938 970 997 1016 1042 1060 1116 1139 1163 1173 1199 1220 1238 1257 1280 1307 1327 1349 1373 1390 1418 1432 1446 1461 1488 1517 1527 1557 1574 1594 1616 1637 1672 1689 1700 1723 1732 1745 1767 1787 1798 1819 1831 1835 1856 1883 1904 1914 1928 1945 1964 1982 1996 2019 2034 2056 2072 2089 2113 2143 2157 2166 2175 2190 2204 2214 2238 2245 2260 2275 2287 2298 2309 2326 2341 2362 2376
129 201 273 321 369 430 473 505 547 585 619 649 691 740 774 815 857 895 922 954 973 1012 1038 1066 1095 1132 1168 1188 1220 1250 1272 1289 1317 1353 1373 1387 1408 1429 1454 1492 1521 1558 1589 1612 1640 1662 1676 1704 1739 1757 1788 1802 1818 1845 1867 1882 1906 1929 1934 1956 1979 1991 2022 2057 2082 2104 2115 2135 2161 2175 2196 2212 2237 2263 2277 2285 2298 2314 2332 2352 2370 2384 2401 2409 2423 2438 2451 2468 2481 2493 2508 2531 2552 2576 2591 2616 2626 2646 2658 2669
153 252 326 388 439 503 550 595 651 692 728 750 795 829 878 908 933 955 978 1023 1039 1072 1099 1127 1156 1177 1192 1214 1232 1270 1311 1333 1358 1377 1402 1437 1447 1480 1503 1518 1543 1568 1596 1620 1647 1656 1673 1690 1717 1733 1752 1793 1820 1836 1853 1870 1895 1916 1933 1963 1975 2010 2026 2047 2058 2067 2084 2100 2114 2137 2150 2168 2191 2221 2244 2253 2265 2293 2314 2335 2345 2355 2367 2383 2407 2418 2449 2460 2469 2483 2509 2517 2535 2551 2565 2579 2599 2611 2632 2648
180 304 415 499 593 673 752 814 887 960 1006 1078 1152 1213 1250 1295 1340 1393 1434 1484 1532 1584 1619 1662 1698 1736 1767 1810 1856 1887 1913 1954 1990 2021 2064 2095 2120 2159 2210 2248 2276 2306 2329 2361 2396 2425 2451 2482 2510 2533 2576 2607 2638 2662 2691 2716 2735 2766 2787 2833 2849 2883 2928 2958 2988 3017 3067 3091 3111 3142 3166 3204 3234 3258 3296 3311 3328 3345 3359 3393 3436 3460 3491 3514 3544 3566 3593 3622 3645 3670 3698 3718 3745 3769 3790 3810 3853 3880 3908 3928
151 255 362 449 508 574 647 720 793 838 902 947 1019 1090 1144 1213 1251 1300 1357 1403 1467 1522 1561 1595 1640 1671 1696 1730 1778 1817 1865 1900 1938 1992 2034 2074 2101 2144 2180 2222 2258 2276 2330 2365 2395 2447 2485 2517 2562 2592 2620 2655 2680 2725 2761 2794 2844 2876 2909 2948 2984 3025 3046 3068 3100 3139 3156 3187 3204 3228 3273 3297 3314 3357 3375 3397 3427 3451 3475 3492 3516 3545 3564 3610 3625 3656 3692 3712 3728 3752 3772 3788 3807 3841 3882 3903 3919 3953 3979 4002
147 255 338 411 487 542 594 652 708 749 810 854 898 943 984 1041 1075 1110 1141 1170 1202 1227 1251 1295 1327 1367 1382 1436 1479 1510 1540 1562 1586 1630 1670 1686 1714 1747 1769 1810 1849 1874 1913 1937 1975 2001 2032 2067 2102 2127 2148 2170 2209 2241 2278 2294 2320 2336 2353 2380 2411 2440 2464 2499 2510 2523 2539 2563 2584 2599 2613 2629 2646 2662 2682 2706 2738 2749 2776 2800 2815 2836 2863 2883 2906 2932 2960 2970 2983 3005 3021 3034 3076 3104 3117 3129 3157 3168 3179 3203
112 189 227 265 306 338 371 395 418 457 491 522 534 545 578 593 642 670 702 725 744 780 804 827 841 850 867 891 918 936 950 966 974 993 1003 1025 1035 1044 1054 1064 1075 1094 1113 1133 1145 1153 1163 1172 1182 1196 1207 1221 1241 1248 1266 1274 1280 1293 1305 1326 1335 1352 1366 1382 1401 1407 1421 1433 1444 1454 1465 1483 1489 1496 1513 1521 1534 1541 1562 1569 1573 1592 1611 1622 1630 1643 1656 1668 1673 1684 1687 1696 1703 1710 1721 1733 1740 1744 1764 1772
154 259 345 414 460 528 584 645 677 712 756 797 827 870 906 944 971 1011 1043 1073 1103 1142 1182 1210 1252 1283 1318 1347 1393 1414 1436 1459 1495 1523 1550 1581 1607 1637 1668 1709 1737 1757 1789 1815 1835 1861 1887 1910 1927 1960 1990 2012 2049 2082 2110 2122 2152 2181 2215 2244 2263 2289 2311 2336 2365 2378 2401 2409 2447 2474 2506 2516 2530 2556 2571 2582 2598 2623 2641 2665 2674 2695 2712 2734 2750 2768 2788 2802 2813 2845 2864 2894 2908 2926 2945 2965 2975 3011 3022 3043
158 236 297 343 385 445 500 547 593 617 652 698 741 768 814 847 862 883 906 946 967 997 1033 1055 1085 1111 1130 1162 1193 1225 1255 1277 1299 1315 1343 1373 1395 1412 1451 1470 1486 1499 1515 1546 1575 1596 1619 1631 1657 1673 1687 1706 1723 1757 1794 1809 1822 1834 1850 1870 1887 1903 1921 1939 1951 1975 1986 2009 2025 2038 2061 2085 2105 2116 2130 2154 2166 2191 2206 2226 2246 2263 2282 2300 2307 2321 2341 2353 2373 2389 2404 2426 2438 2456 2469 2475 2491 2512 2526 2536
192 343 445 542 639 744 802 881 956 1025 1099 1142 1195 1249 1304 1363 1433 1485 1546 1596 1656 1701 1746 1786 1834 1883 1926 1977 2010 2044 2086 2115 2154 2183 2213 2247 2277 2305 2329 2357 2375 2430 2454 2496 2528 2555 2587 2625 2657 2687 2707 2744 2783 2826 2859 2890 2914 2938 2954 2978 3001 3047 3078 3107 3125 3187 3215 3236 3267 3287 3302 3323 3354 3387 3398 3440 3463 3491 3519 3548 3566 3592 3629 3666 3696 3714 3753 3788 3806 3832 3865 3879 3901 3925 3966 4002 4024 4048 4085 4110
181 289 393 466 537 626 687 762 826 907 973 1036 1082 1150 1196 1258 1308 1343 1393 1441 1486 1525 1572 1602 1641 1687 1716 1751 1794 1827 1851 1891 1929 1970 2009 2039 2088 2121 2146 2180 2225 2266 2294 2330 2359 2392 2419 2456 2488 2522 2549 2585 2620 2660 2696 2709 2730 2749 2782 2816 2848 2867 2891 2919 2937 2963 2992 3018 3050 3080 3108 3153 3174 3203 3247 3267 3282 3307 3345 3365 3399 3423 3448 3462 3496 3519 3540 3557 3576 3608 3643 3672 3692 3723 3748 3769 3800 3817 3840 3873
131 234 284 331 399 466 516 561 607 641 707 753 791 817 839 854 881 909 943 962 985 1019 1055 1087 1130 1166 1197 1220 1241 1279 1305 1328 1355 1390 1411 1431 1451 1474 1496 1517 1531 1552 1582 1603 1646 1662 1676 1701 1715 1736 1757 1779 1792 1816 1829 1850 1860 1878 1894 1911 1926 1936 1950 1963 1979 1990 2008 2039 2057 2075 2093 2115 2126 2138 2154 2166 2182 2205 2229 2238 2252 2263 2276 2286 2294 2308 2321 2337 2352 2366 2376 2386 2401 2419 2434 2448 2465 2485 2500 2525
