> n=1000 m=5 05/06/2021 20:26:08
16.3333 18.3333 19.2727 17.6 18.625 18.5789 18.7619 18.5652 18.75 19.8333 21.0 21.9167 22.4 21.7407 22.0714 21.5333 21.5484 21.6875 22.4375 22.4242
10.625 12.3636 12.2 13.875 14.1667 14.1429 14.3913 15.2083 15.96 15.7037 15.8214 16.1724 16.3 16.5161 16.75 16.5588 17.2941 18.0588 18.1714 18.3333
13.125 12.0 13.2632 13.4348 14.6 15.1429 15.7931 16.2667 16.4375 17.3438 18.1515 17.4865 16.7805 17.0714 17.619 18.2381 18.8095 18.5909 18.8 18.5532
13.8571 15.7 17.2727 18.2308 18.0667 17.3889 16.8095 17.3182 17.6957 19.087 18.0769 17.8571 17.4333 16.8788 17.7273 18.0 18.7353 19.2941 19.7941 19.8
10.4444 11.2667 13.1765 13.0 13.5 12.9667 13.3438 14.0606 13.9444 13.8049 13.9773 14.2667 14.4792 14.7551 15.12 15.549 15.6981 15.4643 15.569 15.7966
> n=1000 m=5 05/06/2021 20:37:40
8.9231 11.875 12.75 12.6154 13.5556 13.8 14.4839 14.6364 14.8286 15.4444 15.9459 16.1282 16.8205 16.9024 16.8372 17.4884 17.4 17.6522 17.8511 18.4255
16.3333 19.625 22.6667 23.6 24.2727 21.7143 20.1765 21.1111 20.4 20.0 20.5652 20.2 20.5 20.963 20.0667 19.6875 20.0303 20.3939 21.1515 21.8182
15.8 15.625 14.3846 16.5 18.2857 16.3889 17.2105 17.2857 17.6364 17.08 17.84 17.1429 17.3103 16.8125 16.3714 16.5833 16.2632 16.5385 16.2927 16.7561
12.4286 15.8889 19.1 20.5 20.5 22.9286 23.0667 24.4 23.8824 25.4706 25.3889 24.1 23.8571 23.8636 24.087 24.9565 24.9583 25.625 26.375 26.04
18.6 20.375 20.9 20.5 21.5385 20.5333 19.8824 20.2222 19.0 20.4286 20.087 20.9565 21.7391 22.5652 21.92 22.0 21.7857 21.6897 20.9677 19.9412
11.6667 11.7333 13.0556 13.6818 15.4545 16.5217 16.84 17.6154 18.8077 18.75 18.5667 18.9355 19.5161 19.5625 20.0938 19.8235 19.8056 20.3889 19.6923 19.3659
14.5 17.9 17.2857 17.8824 18.4211 17.3913 18.0833 19.375 19.1923 19.5185 18.9667 19.3548 19.5938 20.0 20.1765 19.5676 19.4615 19.7 20.0 20.6585
12.875 14.4167 16.5385 16.8125 18.0 17.35 17.7727 18.2917 18.5 19.0 20.1111 19.7241 19.2581 18.9697 19.4412 20.1471 20.2857 20.0811 20.3158 20.7895
8.9 10.5 11.1053 11.0 11.7857 11.8125 11.4865 11.725 12.1667 12.5455 12.4286 12.3704 12.4386 12.45 12.3692 12.7424 13.0149 13.1324 13.0563 13.2083
8.875 10.2857 12.2143 14.0 14.4375 14.5556 15.8889 15.7 15.9524 16.0909 16.1739 16.9565 16.52 16.8846 17.3462 17.1429 17.6786 17.7931 18.3448 18.6897
11.0 13.0714 14.8125 14.55 15.4545 15.625 15.7037 15.6897 16.2333 17.1333 17.8 18.129 18.871 19.3871 18.6765 19.3529 19.1667 18.7692 19.3333 18.6429
13.2857 13.3077 14.6667 15.5882 16.4444 15.6364 15.28 15.0357 15.2333 14.6 15.0556 14.7692 15.5128 15.8 16.0732 16.0698 16.2727 16.1739 16.6304 16.6458
12.3333 13.5 16.5714 16.5294 17.0 18.4211 19.6 20.1905 20.7273 20.5833 20.2308 20.3333 21.3333 21.25 21.4483 21.6 21.2188 21.3636 21.4706 21.9118
13.4286 16.7778 18.8 21.2 22.0909 22.5833 23.4615 21.9333 19.1 19.6667 19.3913 19.32 19.92 20.64 20.8077 21.8077 22.6923 21.4483 21.6667 21.4688
11.4 15.0 16.0 16.0 17.65 18.6667 20.2381 20.1739 20.24 21.12 22.4 22.6923 23.7308 24.6154 25.6154 26.3077 25.7143 26.5357 27.0357 26.9655
11.875 13.0 13.9286 13.7778 15.0526 16.6842 16.9524 17.7273 18.4783 18.16 19.12 19.68 19.2963 20.1111 20.7037 20.5714 20.3793 20.0 20.4516 20.5938
14.4286 15.8 15.2143 14.2105 14.7143 14.72 16.16 16.2963 17.7037 18.2143 18.8276 19.1333 18.8125 18.8182 19.2941 18.7568 18.4615 18.725 18.5238 18.3636
16.75 13.6667 16.1111 17.7 18.5455 18.0769 18.5 19.7857 20.2857 21.2857 21.0 22.0 20.9412 20.8333 21.5 21.3684 21.3 21.7 22.2 21.9524
9.6667 12.4167 15.9167 16.7857 17.25 18.2941 18.9444 18.8 20.15 18.9565 20.0 18.8462 19.037 18.6207 18.8667 19.2333 19.2581 19.7097 20.3226 20.9355
11.2857 14.375 17.1111 17.4545 17.3846 17.2667 18.125 17.7778 18.3158 18.3 18.4762 19.381 19.2727 19.3043 20.3043 20.8696 21.4348 22.0 22.125 22.24
10.3333 13.6667 13.3333 13.92 14.7778 14.5938 14.8 14.8421 15.6053 15.9 16.775 16.8333 17.3023 16.5208 16.8163 16.8235 16.4815 16.3036 16.6964 17.1964
14.1667 15.3333 14.9231 14.7647 14.75 15.0455 16.1364 16.8696 16.5 16.3103 17.1724 16.4062 16.7879 16.5714 16.5405 16.6579 16.8974 16.5476 16.2667 16.125
13.2857 14.5833 14.1176 14.0909 14.44 14.7857 15.0645 15.6364 15.8286 16.3611 17.1667 17.0256 17.425 17.4524 18.1667 18.2727 19.0227 19.6136 20.0682 19.5745
9.875 11.0833 12.0714 12.5882 12.6 12.2083 12.2069 13.1034 13.0 13.1429 13.6111 13.973 14.0 14.425 14.3721 14.6977 14.7556 15.2 15.4565 15.3542
9.2308 10.0435 10.9667 11.4857 12.5 13.075 13.878 14.5349 14.8478 14.88 15.3333 15.8846 16.037 16.5741 17.0741 17.5926 17.6429 17.6724 17.8983 18.0833
