0 0 0 0 0 0 1 4 13 31 40 34 49 47 67 65 52 61 61 67 43 39 35 32 17 28 27 19 21 14 21 13 15 12 9 8 8 7 6 6 6 2 3 1 2 1 2 1 2 3 3 0 2 0 0 1 0 0 0 0 0 1
0 0 0 0 0 0 2 10 22 26 34 42 57 64 45 68 59 53 58 45 41 50 24 26 22 15 23 30 18 14 16 13 17 16 9 5 8 8 6 10 11 10 5 4 2 2 2 0 0 0 0 1 1 1 2 1 2 0 0 1 0 0 0 0 0 0 1
0 0 0 0 0 0 1 5 10 34 28 41 54 58 59 74 67 58 64 47 49 41 38 28 23 18 15 24 14 12 11 15 5 5 5 10 6 5 7 6 6 9 10 6 6 2 1 2 0 2 3 1 2 2 4 2 3 1 0 1 0 1 0 1
0 0 0 0 0 0 1 6 14 28 44 49 50 49 58 48 53 43 35 43 46 36 40 33 33 26 19 22 14 12 14 15 11 13 11 17 11 8 10 7 3 7 11 8 10 7 3 3 6 3 1 3 2 0 3 2 0 0 1 1 1 1 1 0 3 1 0 0 2
0 0 0 0 0 0 0 3 17 13 47 38 56 59 67 89 51 67 64 69 49 42 45 28 29 36 16 19 12 14 16 10 7 8 8 3 2 3 2 1 0 3 3 0 1 1 0 0 1 1 0 0 0 0 1 0 0 0 1
0 0 0 0 0 0 2 7 16 38 44 50 54 48 55 62 77 59 65 40 42 33 31 29 21 21 24 16 13 20 22 18 12 10 7 13 7 10 9 1 2 4 1 1 4 1 2 0 0 1 0 1 2 0 1 0 1 0 1 0 1 0 0 0 0 1 0 2
0 0 0 0 0 0 1 6 16 32 38 59 50 56 58 63 47 60 48 38 33 32 33 32 26 24 32 28 16 14 15 15 15 13 16 13 14 6 9 8 3 3 4 1 2 4 3 0 2 5 1 0 3 1 0 1 0 0 1 0 1 0 1
0 0 0 0 0 0 0 4 18 20 25 41 32 48 48 50 39 52 52 39 40 45 43 38 45 28 21 25 17 23 23 15 13 17 17 18 14 14 11 7 11 7 3 4 5 3 4 1 3 0 1 4 4 3 1 0 2 0 0 0 0 2 1 0 0 0 0 0 0 0 0 0 0 0 0 0 0 1
0 0 0 0 0 0 0 4 10 30 35 44 54 53 67 62 47 58 61 52 70 56 44 36 29 31 23 15 19 7 15 14 14 7 13 6 6 4 4 2 2 4 2 0 0 0 0 0 0 0 0 0 0 0 0 1 0 0 0 0 0 0 0 0 1
0 0 0 0 0 0 0 7 16 31 36 62 59 56 67 64 59 53 63 40 38 46 31 32 31 24 18 19 12 13 16 10 11 8 3 7 6 8 6 4 5 3 4 5 3 3 0 2 1 1 4 1 3 0 4 1 1 0 2 1 0 0 0 0 0 1 1
0 0 0 0 0 0 0 7 16 29 39 48 58 58 81 64 66 56 53 51 49 50 39 32 21 31 23 18 17 11 12 16 8 7 1 7 5 6 1 3 5 2 6 1 2 0 0 2 1
0 0 0 0 0 0 0 4 15 21 36 54 45 47 75 55 73 54 49 58 27 47 31 30 30 27 15 23 29 19 19 8 14 8 16 11 10 12 9 6 1 5 2 4 4 2 1 1 0 2 1 0 1 0 0 0 0 0 0 0 1
