> n=1000 m=5 05/06/2021 16:03:51
100 112 124 136 144 159 179 188 202 211 220 223 231 237 249 254 265 274
> n=1000 m=5 05/06/2021 16:03:55
77 102 117 141 169 189 209 226 250 262 274 292 301 314 329 340 352 372
106 124 138 171 188 201 215 220 232 250 268 283 311 325 334 350 361 375
58 75 95 104 121 130 145 154 162 171 183 193 203 217 219 229 237 247
95 107 125 143 152 162 185 207 221 237 254 266 276 291 297 303 315 327
79 93 117 132 140 149 156 164 170 179 190 197 198 201 207 216 226 232
85 104 127 141 158 169 200 210 218 226 237 257 268 278 286 293 307 319
79 92 109 122 128 139 156 164 176 185 197 203 210 218 226 239 246 252
78 92 115 133 150 165 176 189 199 212 219 231 236 243 249 252 275 293
56 65 85 98 115 123 142 159 167 180 192 195 200 208 223 232 237 251
97 118 126 137 151 178 197 206 220 228 237 242 251 257 267 273 283 292
> n=1000 m=5 05/06/2021 16:04:11
101 116 132 153 164 180 192 205 219 232 245 255 261 269 274 280 288 293
> n=1000 m=5 05/06/2021 16:17:47
139 163 192 220 243 260 282 306 316 330 353 371 383 393 409 426 452 463
81 96 124 134 143 165 186 210 216 223 232 243 253 268 278 286 292 296
44 51 59 69 77 79 84 95 101 106 116 121 134 136 143 146 156 156
128 158 180 198 219 233 254 263 280 305 319 326 332 345 350 357 364 367
169 203 227 255 275 297 323 352 370 397 429 459 474 487 505 529 554 579
102 137 147 158 171 183 200 218 237 252 259 271 285 305 316 326 329 347
118 135 170 194 211 229 260 286 307 321 332 346 359 376 384 399 412 423
112 129 150 165 191 213 236 250 269 293 316 336 345 361 380 404 420 434
92 102 124 136 155 165 170 180 191 210 225 234 243 250 263 272 286 295
75 94 106 116 134 159 177 193 211 230 242 263 272 280 292 306 312 327
> n=1000 m=5 05/06/2021 19:58:29
44 47 59 68 81 90 102 112 126 133 136 141 151 154 157 162 174 181
64 70 74 86 98 106 114 122 131 135 149 159 175 187 192 202 217 229
54 70 88 105 110 125 130 137 142 157 165 188 193 198 202 209 218 224
107 135 154 169 183 195 208 224 234 254 267 281 288 304 316 332 344 347
87 100 114 120 136 147 152 157 162 173 181 192 207 217 227 234 246 254
58 89 111 119 137 153 176 189 199 216 221 229 242 249 256 264 273 278
122 132 159 180 204 225 240 257 264 275 306 323 338 348 353 360 367 378
118 140 156 177 192 210 237 258 267 276 289 301 311 333 346 352 359 367
111 128 144 152 165 176 185 206 221 231 240 254 268 275 289 305 311 324
66 81 90 102 118 133 150 163 170 181 191 202 212 219 226 243 251 258
> n=1000 m=5 05/06/2021 20:00:05
109 136 160 177 190 213 224 241 255 266 283 292 300 305 315 324 339 351
140 163 189 225 250 276 320 342 354 372 396 409 425 443 458 475 488 510
98 116 136 159 175 187 201 216 222 229 236 246 260 268 275 292 298 304
94 110 133 143 161 175 194 204 216 227 242 262 282 287 296 309 316 326
109 141 160 179 198 213 233 253 270 284 302 323 332 346 358 377 391 408
111 135 168 183 189 213 243 261 283 291 309 327 343 349 357 367 379 389
101 126 158 173 193 212 230 250 262 277 286 299 306 312 320 330 355 370
60 71 83 101 116 133 150 162 170 183 194 208 216 226 232 240 245 248
78 96 111 127 141 151 166 186 198 208 224 247 256 276 280 286 299 305
90 110 133 144 151 158 166 176 183 193 200 205 211 217 220 227 235 243
> n=1000 m=5 05/06/2021 20:01:05
81 111 127 158 176 201 221 233 249 260 264 278 287 292 303 316 332 344
58 68 82 92 113 121 128 133 139 147 155 159 172 177 185 191 203 215
73 84 112 121 130 148 160 168 194 209 223 234 241 249 258 261 271 277
161 187 209 228 250 275 291 307 320 339 355 367 378 388 395 406 418 431
128 145 164 194 212 241 253 272 284 298 318 334 347 360 371 379 404 423
65 78 92 104 113 123 131 138 144 155 162 166 176 180 188 192 200 206
100 113 137 157 178 188 195 212 236 246 267 286 318 336 351 368 380 386
110 131 151 177 200 228 246 264 273 280 291 310 321 345 359 376 394 409
140 156 191 207 223 241 258 272 285 295 307 318 332 348 366 381 395 416
106 140 170 190 205 224 244 259 275 286 304 330 339 350 357 388 398 414
> n=1000 m=5 05/06/2021 20:03:23
62 81 92 102 112 130 135 169 182 200 208 224 233 245 252 255 259 266
40 49 54 60 70 76 79 80 91 106 122 124 130 139 144 153 159 160
108 132 146 156 181 198 211 220 244 262 275 285 290 307 325 335 350 355
105 124 149 165 191 211 229 244 263 278 285 292 313 321 331 340 352 364
95 124 139 157 170 187 194 201 212 219 230 239 244 265 272 278 293 297
> n=1000 m=5 05/06/2021 20:04:57
83 104 114 127 146 159 185 190 197 206 217 223 229 236 253 259 279 288
117 142 167 180 195 217 235 248 264 288 297 308 324 339 353 367 375 384
55 66 80 92 103 108 121 126 135 142 147 152 159 165 174 185 193 204
125 138 148 165 180 190 201 218 238 249 258 267 279 301 312 327 335 348
115 137 151 165 190 198 210 229 245 250 260 265 280 295 303 322 329 334
> n=1000 m=5 05/06/2021 20:06:47
65 69 82 89 99 109 114 124 141 151 161 164 168 174 177 181 188 190
68 85 101 120 128 136 144 155 164 174 183 185 195 199 201 207 212 221
90 111 127 134 142 159 167 171 177 191 201 203 207 211 220 230 235 241
70 88 94 104 115 124 129 137 144 151 157 167 170 182 185 190 194 201
96 106 119 134 140 151 162 171 180 188 206 212 218 225 234 243 252 257
> n=1000 m=5 05/06/2021 20:08:18
76 97 116 129 145 174 190 200 207 229 239 246 257 263 277 285 300 314
99 118 136 149 166 178 185 198 204 216 227 234 239 242 254 264 278 287
112 136 154 171 185 202 219 243 255 266 277 291 307 322 334 350 364 377
104 122 132 146 164 171 182 192 201 207 222 229 239 247 250 253 262 274
71 83 105 120 132 141 154 160 169 176 183 185 192 205 207 213 221 234
> n=1000 m=5 05/06/2021 20:19:51
103 117 152 173 190 203 215 224 239 249 261 284 298 317 330 338 350 360
100 117 142 154 174 187 207 220 229 238 246 255 263 277 283 290 298 308
70 89 99 116 126 138 147 162 171 181 194 200 223 232 246 255 269 274
79 91 95 112 120 127 138 146 152 167 181 189 198 200 214 221 227 230
105 123 149 180 203 222 245 267 282 294 308 317 327 337 346 356 364 378
> n=1000 m=5 05/06/2021 20:22:08
77 96 116 132 142 156 168 174 189 205 216 226 236 246 253 259 274 281
88 98 106 128 140 156 163 172 179 189 196 207 215 222 231 239 242 251
134 155 182 202 222 243 256 270 289 327 352 371 390 399 409 420 431 439
65 74 93 102 120 130 139 145 154 164 171 179 184 196 208 214 230 237
79 97 108 124 139 151 165 185 207 218 226 236 245 255 257 269 275 285
> n=1000 m=5 05/06/2021 20:37:40
94 121 140 158 168 187 197 214 221 235 245 264 273 279 289 297 303 314
114 132 152 165 181 198 211 222 237 251 271 280 293 310 319 331 344 355
74 99 124 134 148 165 175 188 202 220 232 248 260 271 279 288 296 301
85 98 111 131 160 174 201 213 236 244 264 280 293 299 305 316 326 334
70 79 101 114 120 131 146 153 167 188 195 201 204 211 221 233 244 252
74 85 104 113 125 134 152 161 168 178 188 198 209 220 229 236 244 247
97 112 124 136 141 155 175 187 192 205 207 216 225 240 248 256 263 278
114 140 151 170 180 196 209 223 239 254 266 276 285 295 323 335 343 351
103 123 130 149 169 180 185 192 201 205 216 225 232 244 251 262 276 285
125 154 180 196 215 226 241 254 269 282 306 315 331 342 352 359 370 376
107 122 140 155 174 189 207 228 233 254 274 294 312 316 325 335 354 365
106 129 147 170 182 200 210 221 234 250 257 267 284 291 300 310 321 328
69 79 95 111 118 130 147 174 185 190 209 220 225 248 255 262 275 282
107 127 156 169 180 202 214 229 242 256 270 278 294 311 326 336 357 364
73 90 98 106 118 126 133 146 156 164 173 185 203 207 211 223 230 235
94 110 132 142 157 171 176 188 206 212 222 225 239 250 261 268 274 283
97 122 143 169 186 203 222 238 252 262 282 296 300 304 312 320 331 343
98 116 144 167 195 213 230 251 272 309 319 331 341 353 357 377 388 401
98 123 134 151 166 180 199 210 228 234 246 265 278 296 309 318 326 335
81 99 126 136 157 185 199 219 230 255 266 280 296 320 331 347 368 380
59 74 85 97 103 116 127 132 145 159 162 170 172 177 179 184 192 201
67 85 94 99 114 124 128 140 148 164 171 184 190 202 214 222 231 234
88 108 121 134 149 158 168 183 193 204 211 216 233 244 252 265 287 297
77 102 112 118 131 145 154 167 176 194 198 209 220 224 237 251 262 267
142 179 212 245 260 281 303 317 344 366 381 400 412 425 448 460 478 488
