> n=750 m=5 03/06/2021 14:45:33
1.2917 1.2449 1.1797 1.1799 1.072 0.9592 1.0385 1.0145 0.9905 1.034 1.0851 0.9568 0.9872 1.0144
2.3673 2.1875 1.4215 1.2012 1.3669 1.1644 0.9012 0.963 1.0154 0.9 0.945 0.843 0.8053 0.8393
> n=750 m=5 05/06/2021 14:16:56
1.551 1.6094 1.5185 1.0417 0.8571 0.8929 0.7578 0.7128 0.7682 0.7469 0.7064 0.6875 0.71 0.7375
2.0612 2.0 2.0123 1.9 1.7438 1.6181 1.5385 1.6095 1.6864 1.5714 1.6378 1.5289 1.2664 1.3183
2.6944 3.25 1.9506 1.3194 1.2781 0.8685 0.9516 0.9259 0.9753 0.9612 1.0055 1.0499 1.108 0.9524
2.9167 1.7654 1.9753 1.1716 1.148 1.1111 0.8673 0.8366 0.688 0.6233 0.6528 0.6892 0.6287 0.6538
2.6389 1.5556 1.54 1.83 1.3018 1.0667 1.1556 1.1055 1.1758 1.25 1.1765 1.2284 0.8798 0.7769
1.6875 2.0469 1.9383 1.82 1.4236 1.3373 1.1333 1.1956 1.1406 1.1641 1.0 1.034 0.9751 1.0055
1.16 1.2231 1.2222 1.0867 1.0844 1.1733 1.2889 1.2188 1.2656 1.0957 0.95 0.975 1.0025 1.035
0.9753 0.7639 0.7692 0.7398 0.6758 0.7383 0.7163 0.6883 0.7346 0.7119 0.6925 0.678 0.7143 0.7347
2.3333 2.3265 2.7143 1.9136 1.4876 1.1122 1.0622 1.1289 1.0781 1.1445 1.0519 1.09 1.0432 0.9889
2.0204 1.9219 1.3306 1.5041 1.3819 1.5347 1.6319 1.5207 1.4082 1.4847 1.5663 1.4489 1.5289 1.4023
> n=750 m=5 05/06/2021 14:23:13
1.4898 1.08 1.0992 0.9586 0.8267 0.9244 0.9867 1.0578 1.1111 1.0195 0.9689 1.0242 0.963 0.825
3.76 3.4722 2.4688 2.7656 2.9531 2.14 2.29 2.0083 1.8056 1.9167 1.716 1.5612 1.6071 1.6531
1.4375 1.4568 1.4 1.57 1.25 1.3889 1.4583 1.5 1.6042 1.1511 0.9758 0.8393 0.7347 0.7619
1.16 1.0278 0.9337 0.8438 0.8062 0.784 0.7479 0.7325 0.6529 0.6446 0.6285 0.6176 0.5976 0.5748
2.88 2.0816 2.3061 2.5102 2.8571 3.1429 2.75 2.9844 2.07 2.21 2.36 2.49 2.1901 2.2314
0.89 0.9752 1.1488 1.1319 0.949 1.0102 0.7682 0.6842 0.66 0.685 0.715 0.6939 0.6144 0.6042
1.8163 1.4815 1.2314 0.9286 0.9022 0.8672 0.8339 0.7932 0.7 0.6178 0.6384 0.5059 0.463 0.4758
3.24 4.16 2.6327 2.3281 1.74 1.3819 1.4931 1.3728 1.4911 1.3878 1.4337 1.4949 1.551 1.1315
1.0123 1.09 1.26 1.0625 1.0178 1.1361 1.0714 1.0044 0.9766 0.9377 0.8827 0.9136 0.7875 0.815
3.48 2.4694 1.57 1.2986 1.3958 1.1888 1.2806 1.0977 1.1719 1.2227 1.1349 1.0525 0.9806 1.0305
> n=750 m=5 05/06/2021 14:26:12
1.375 1.17 1.32 1.0764 0.9082 0.793 0.7509 0.716 0.6375 0.61 0.6417 0.626 0.6049 0.6352
2.1389 1.3827 1.39 1.65 1.5455 1.3889 1.1429 1.2296 1.043 0.9198 0.9444 0.9058 0.9418 0.9723
0.9514 1.0694 1.2569 1.4028 1.5347 1.7153 1.574 1.3244 1.2266 1.2852 1.3594 1.2664 1.3114 1.2284
1.449 1.4219 1.3704 1.5556 1.2479 1.1806 0.9898 0.9378 0.9778 1.0044 0.8685 0.91 0.8704 0.8172
5.875 4.84 4.0 3.2857 2.75 2.3827 2.5802 2.28 2.41 2.57 2.2975 2.0625 2.1111 2.1667
1.9388 1.31 1.2727 1.2153 0.9111 0.7407 0.784 0.8364 0.74 0.6984 0.6163 0.6465 0.6267 0.6096
1.6939 1.7188 1.679 1.8519 1.4711 1.1775 1.1122 1.0444 1.1156 0.7701 0.6667 0.6984 0.7166 0.7392
1.45 1.5207 1.2544 0.9883 0.9965 0.6963 0.6016 0.6304 0.6608 0.6104 0.5624 0.5945 0.5014 0.4974
1.4898 1.2222 1.22 0.9053 0.7956 0.8667 0.9467 0.8906 0.9219 0.9492 0.8962 0.9308 0.9585 0.9043
0.8906 1.1719 0.94 0.9339 0.9097 1.0 1.0625 0.9822 1.0473 1.0828 1.1065 0.9022 0.9244 0.96
> n=750 m=5 05/06/2021 14:27:06
3.0 2.6939 2.3281 1.1598 1.1327 1.2245 0.9343 0.7325 0.6653 0.6901 0.7149 0.6881 0.6176 0.5917
4.1875 5.3125 2.9722 2.4898 2.7551 3.0 2.625 2.3333 2.4321 2.5556 2.716 2.7901 2.39 2.42
2.1667 2.1633 1.9688 1.7284 1.58 1.4545 1.1361 0.9467 0.9911 0.8374 0.8616 0.8962 0.8395 0.8611
1.13 1.42 1.0414 0.9694 0.8516 0.8304 0.8086 0.5992 0.5822 0.536 0.4707 0.4885 0.4533 0.4744
2.5556 3.1667 2.7551 1.71 1.5207 1.6777 1.8512 2.0165 1.8056 1.8819 1.9583 2.0208 1.7988 1.8639
2.4694 3.2041 2.9219 2.24 2.0661 1.4439 1.5816 1.6735 1.5244 1.4141 1.4766 1.3841 1.4325 1.4844
1.0247 0.9256 0.6489 0.6125 0.5225 0.5102 0.5578 0.5455 0.564 0.48 0.4704 0.4609 0.4554 0.36
3.4167 4.3333 2.9062 3.3125 2.9383 3.0988 3.284 3.4568 2.5868 2.7107 2.4236 2.1775 2.2604 2.051
2.3889 1.4444 1.6667 1.6 1.3056 1.4444 1.5139 1.426 1.3061 0.9827 0.8393 0.8753 0.84 0.6805
1.5306 0.8194 0.9722 0.8469 0.9082 0.7852 0.7647 0.8339 0.7994 0.8488 0.8172 0.8476 0.8864 0.9252
> n=750 m=5 05/06/2021 16:17:28
2.5278 2.2449 1.8272 2.1111 2.3333 2.5432 2.7407 2.41 2.56 2.76 2.4711 1.8935 1.3672 1.2526
3.75 2.3056 2.102 2.4082 2.5102 2.6939 2.8571 2.9592 3.1429 3.3061 2.1605 2.1852 2.284 1.99
1.9388 1.875 2.1719 2.4531 2.7031 2.9375 3.125 2.6543 2.34 2.42 2.1488 2.3058 2.0347 1.8462
1.5938 0.8876 0.7778 0.8622 0.9378 0.8443 0.7562 0.7325 0.6144 0.6503 0.6372 0.6208 0.64 0.6169
3.75 1.9592 2.1837 1.8906 1.6914 1.8148 1.66 1.5041 1.4097 1.1327 0.8478 0.7901 0.695 0.725
2.0 2.0312 1.9383 1.83 1.95 1.3254 1.2551 1.3367 1.4031 1.449 1.5102 1.5816 1.6531 1.5244
1.4321 1.1042 1.3194 1.4514 1.4201 1.3724 1.28 1.3556 1.4222 1.48 1.5378 1.4102 1.4766 1.3806
1.21 0.7689 0.737 0.7469 0.7562 0.7575 0.6465 0.5226 0.4656 0.4558 0.4776 0.5005 0.514 0.5276
2.0 1.6406 1.5802 0.852 0.9745 0.832 0.716 0.6787 0.6625 0.6327 0.6136 0.6364 0.6181 0.5955
1.125 1.1975 1.22 1.37 1.2727 1.3636 1.4793 1.3194 1.4167 1.3254 1.4142 1.4911 1.3367 1.3571
> n=750 m=5 03/01/2022 13:21:46
1.6939 1.6719 1.36 0.9645 0.9439 0.9333 1.0089 1.1156 1.0664 1.1055 1.0346 0.9003 0.8475 0.6493
2.2 2.76 1.2963 1.124 1.2149 0.9941 0.7383 0.7128 0.7543 0.7377 0.7747 0.7341 0.7756 0.678
1.0781 0.8017 0.8125 0.7929 0.7111 0.7911 0.8756 0.832 0.7751 0.63 0.6575 0.6236 0.6553 0.6384
3.48 2.3469 2.0625 1.405 1.3056 1.284 0.9648 1.0078 1.0547 1.1094 1.0346 0.9753 0.7959 0.8231
1.5309 1.0972 0.9156 0.9102 0.715 0.7279 0.719 0.6192 0.6095 0.5912 0.5482 0.5779 0.5078 0.4689
2.2041 1.8025 1.77 1.99 1.8099 1.9091 2.0579 1.2889 1.3778 1.44 1.2284 1.0554 0.9206 0.8719
1.6944 1.5714 1.8367 1.3457 1.28 1.1818 1.2975 1.0237 0.7695 0.7301 0.679 0.5975 0.6275 0.635
2.9444 2.7551 2.0988 2.0 1.5833 1.4675 1.3878 1.0588 0.9938 0.885 0.8594 0.8957 0.7378 0.7056
2.7222 2.5306 2.9184 2.0988 1.86 2.03 1.8926 2.0165 1.3724 1.0173 1.0692 0.9169 0.9501 0.9972
1.3438 0.6356 0.6159 0.6204 0.5725 0.6125 0.6675 0.7175 0.6405 0.6674 0.5744 0.5213 0.5405 0.4935
> n=750 m=5 05/01/2022 14:20:54
1.3878 1.3594 1.2963 1.4444 1.37 1.49 1.55 1.3636 1.2569 1.2917 1.1953 1.102 0.9023 0.7901
2.4722 2.8889 2.551 1.8889 1.7 1.5289 1.4167 1.3136 1.4379 1.5444 1.28 1.2031 1.2227 1.2617
1.7407 1.79 1.1633 1.1289 1.24 1.3467 1.1453 1.0957 0.955 0.7807 0.7517 0.7408 0.7728 0.7411
1.3438 1.6094 1.5309 1.8148 1.66 1.5207 1.3681 0.9778 1.0089 0.9375 0.8893 0.7645 0.6689 0.6893
4.44 5.56 6.56 5.0833 3.3438 3.5469 3.7812 3.9688 4.0938 4.25 3.5679 3.6914 2.6612 2.7355
1.0413 1.1528 0.9067 0.9219 1.0391 0.6984 0.5833 0.5503 0.5487 0.5816 0.6022 0.5918 0.5767 0.5068
2.9722 3.6111 3.3061 2.8906 2.5309 1.4793 1.5799 1.4388 1.3822 1.2617 1.1834 1.263 1.1821 1.2191
1.7031 1.281 1.1361 1.1276 1.2296 0.9446 0.8227 0.8587 0.771 0.8186 0.8639 0.9184 0.794 0.7168
4.04 2.2969 1.4959 1.4514 1.1067 1.1911 1.1523 1.09 0.9335 0.905 0.95 0.9875 0.9524 0.9864
1.898 2.4898 2.7959 3.102 2.6875 2.5062 2.19 2.32 2.0331 1.8403 1.9167 1.7337 1.5765 1.6224
