> n=5000 m=5 07/06/2021 11:11:59
2.1406 2.2969 2.5 2.321 2.5309 2.7531 2.37 2.53 2.68 2.79 2.4298 2.5537 2.6529 2.7273 2.8099 2.142 2.1598 2.2189 2.2604 2.2781 2.3432 2.4083 2.4497 2.5385 2.568 2.6331 2.6746 2.7337 2.7811 2.8166 2.8402 2.8757 2.9053 2.9586 2.6276 2.648 2.6786 2.3911 2.44 2.48 2.5067 2.5289 2.2852 2.3047 2.3086 2.3164 2.3281 2.3359 2.3594 2.3828 2.4062 2.4297 2.4375 2.1972 2.2042 2.218 2.2353 2.0309 2.037 2.0463 2.0586 2.0741 2.108 2.1173 2.1235 1.9363 1.9418 1.964 1.964 1.9861 2.0 2.0055 1.835 1.85 1.8625 1.8775 1.7279 1.7415 1.7528 1.7687 1.78 1.8073 1.8186 1.8345 1.8503 1.8571 1.8685 1.8821 1.8912 1.9048 1.9138 1.9206 1.7707 1.7789 1.7872 1.7955 1.8037 1.6692
2.6122 2.3906 2.2346 1.94 1.7355 1.8512 1.9669 1.7639 1.6154 1.6746 1.5714 1.648 1.6888 1.4023 1.418 1.457 1.4766 1.5273 1.582 1.6055 1.4602 1.4844 1.3704 1.3889 1.4043 1.429 1.2175 1.1429 1.1678 1.1882 1.1116 1.126 1.1508 1.1529 1.1736 1.1839 1.1963 1.2087 1.2252 1.1456 1.1588 1.1682 1.0868 1.0938 1.1024 1.1146 1.1285 1.1372 1.1389 1.1476 1.1562 1.1684 1.1858 1.1104 1.0385 1.0459 1.0503 1.0636 1.0666 1.0123 1.0192 1.0261 1.0384 1.0412 1.0453 1.0535 1.0 1.0051 0.9536 0.9572 0.9643 0.9727 0.9762 0.871 0.8772 0.8803 0.8835 0.8928 0.8949 0.8991 0.9032 0.9095 0.9126 0.9157 0.9199 0.9251 0.9334 0.8867 0.8965 0.854 0.8641 0.8669 0.8261 0.7853 0.7878 0.7902 0.7935 0.7951
2.1389 1.7959 1.9388 1.7656 1.6173 1.3058 1.3802 1.0651 0.8164 0.6427 0.6125 0.5782 0.5873 0.5986 0.5369 0.5174 0.5347 0.5486 0.5344 0.5408 0.5456 0.5552 0.5414 0.5429 0.5533 0.5309 0.5102 0.5153 0.5204 0.5217 0.5006 0.5101 0.5113 0.5196 0.5232 0.5303 0.5303 0.5111 0.5189 0.5222 0.4995 0.5088 0.4863 0.4893 0.4932 0.4971 0.502 0.5059 0.4858 0.4885 0.4904 0.4977 0.5032 0.5087 0.5124 0.4931 0.4957 0.4974 0.5052 0.5061 0.5121 0.4947 0.4988 0.5037 0.5053 0.5069 0.5094 0.5102 0.5135 0.5151 0.52 0.5233 0.5241 0.5282 0.5298 0.464 0.4675 0.4504 0.4523 0.4536 0.4569 0.4589 0.4602 0.4602 0.4629 0.4642 0.4661 0.4714 0.4727 0.4753 0.4581 0.46 0.4612 0.4619 0.4625 0.4637 0.465 0.4669
2.4688 2.9375 3.3438 3.6562 3.1852 2.86 3.09 3.24 3.48 3.58 3.71 3.83 2.875 2.5503 2.0222 2.0533 2.12 2.1511 2.1956 1.9766 2.0273 2.0547 2.0859 2.1484 2.1641 2.2109 2.2578 2.2852 2.3164 2.3711 2.4414 2.4805 2.5078 2.2803 2.308 2.3287 2.1173 2.1512 1.9584 1.9806 1.9917 2.0166 2.0499 2.0776 2.0859 2.1108 2.1524 1.8163 1.8413 1.8481 1.8662 1.8844 1.9025 1.9184 1.9365 1.781 1.7955 1.812 1.8244 1.8347 1.8554 1.8678 1.8802 1.8884 1.907 1.9153 1.9277 1.9442 1.9566 1.9793 1.9979 2.0124 1.8658 1.8733 1.8866 1.896 1.9074 1.9187 1.9301 1.9452 1.9641 1.9754 1.9849 1.9905 1.8472 1.8628 1.8681 1.8802 1.8819 1.8976 1.9115 1.6553 1.6686 1.682 1.6923 1.6982 1.713 1.7204
2.3889 2.7222 3.0833 2.6327 2.7755 2.8776 3.0408 3.1837 3.4082 3.4898 3.6327 3.0 3.1406 3.2031 3.3281 3.4062 3.4844 3.6719 3.7344 3.7812 3.0741 2.59 2.64 2.2975 2.3223 2.0208 1.8047 1.8166 1.6378 1.648 1.648 1.6684 1.6786 1.7143 1.7347 1.7653 1.7806 1.801 1.8163 1.6267 1.6311 1.6667 1.6844 1.7022 1.7244 1.7511 1.7733 1.8 1.8222 1.8311 1.84 1.8578 1.6797 1.7031 1.7148 1.7344 1.7422 1.7617 1.7695 1.7891 1.8047 1.8359 1.654 1.6644 1.6747 1.6886 1.692 1.7024 1.7197 1.7266 1.7301 1.7336 1.7439 1.7543 1.7682 1.7785 1.7924 1.8028 1.6327 1.6451 1.6543 1.679 1.6914 1.7037 1.7284 1.7346 1.7438 1.7438 1.75 1.7623 1.7654 1.6066 1.6094 1.6177 1.4825 1.4875 1.495 1.4975
2.6 2.3056 2.6389 2.1633 2.3061 2.4694 2.551 2.1406 2.2188 1.9136 1.9383 1.65 1.4711 1.4876 1.5124 1.5537 1.562 1.4028 1.4236 1.4514 1.4792 1.4861 1.3373 1.355 1.3846 1.3964 1.4142 1.2857 1.3112 1.1778 1.2 1.0977 1.1211 1.1328 1.1367 1.1562 1.1719 1.1953 1.2148 1.1003 1.0093 1.0278 1.037 1.0494 1.071 1.0895 1.1019 1.1173 1.1327 1.1451 1.1574 1.1667 1.179 1.1852 1.0886 1.0997 1.1053 0.9478 0.9546 0.8905 0.8967 0.905 0.9132 0.9194 0.8563 0.862 0.8639 0.8752 0.8828 0.8885 0.8922 0.8941 0.9074 0.913 0.913 0.8542 0.8 0.8 0.8016 0.8032 0.7559 0.7633 0.7722 0.7722 0.7796 0.784 0.7885 0.7914 0.7914 0.7973 0.8003 0.8077 0.8107 0.8166 0.8195 0.824 0.8299 0.8314
4.0 4.68 5.2 5.56 4.1667 4.4722 4.7222 5.0278 5.3333 5.7222 6.0278 6.3056 6.5833 6.8056 7.1111 5.4898 5.6327 5.8367 5.9796 4.7812 5.0 5.1719 5.2656 5.3438 5.4531 5.5156 5.625 5.6875 5.7812 5.8594 5.9688 6.0625 6.125 6.2031 6.2656 6.2969 6.3281 5.1111 5.1235 5.1852 4.28 4.32 3.6694 3.1389 3.1806 2.7692 2.7929 2.8343 2.4898 2.5357 2.2489 2.2622 2.2889 2.3022 2.3333 2.3511 2.3778 2.1406 1.9239 1.5845 1.6039 1.626 1.6343 1.6482 1.6648 1.535 1.5475 1.4331 1.4444 1.4535 1.3492 1.3512 1.2495 1.0864 1.0896 1.096 1.0976 1.104 1.1072 1.1168 1.1216 1.1296 1.1376 1.144 1.0769 1.0151 1.0178 1.0219 1.0302 0.9707 0.977 0.9834 0.986 0.9872 0.9923 0.9949 0.9987 0.9394
3.44 3.8 4.0 4.56 4.84 5.08 5.36 5.76 6.04 2.7656 2.4198 2.5802 2.6667 2.7284 2.8272 2.8889 2.51 2.59 2.65 1.9306 1.9444 1.7278 1.5357 1.5816 1.602 1.6276 1.6531 1.6684 1.6888 1.5333 1.5556 1.5733 1.5733 1.4141 1.3183 1.3356 1.2191 1.2377 1.1551 1.075 1.0875 1.1 1.1175 1.12 1.135 1.1525 1.16 1.1775 1.195 1.205 1.2125 1.0331 1.0372 1.0455 1.0599 0.9924 1.0 1.0038 1.0113 1.0227 1.034 1.0416 1.051 1.0567 1.0643 1.0699 1.0737 1.0832 1.0907 1.0926 1.104 1.033 0.9616 0.9712 0.9776 0.984 0.9201 0.9275 0.9393 0.8848 0.8355 0.8393 0.8431 0.8431 0.7955 0.8014 0.8026 0.7589 0.7644 0.7263 0.7305 0.7336 0.7388 0.7409 0.7482 0.7523 0.7129 0.7139
2.0 2.2812 2.0741 2.358 2.19 2.33 2.1488 2.2397 2.281 2.3554 1.6378 1.3633 1.4102 1.4258 1.4766 1.3772 1.2654 1.2932 1.3241 1.3488 1.145 1.0794 1.1043 1.1293 1.1474 1.1633 1.1837 1.1973 1.1178 1.051 1.0681 1.0907 1.1002 1.1172 1.1285 1.1437 1.1569 1.1834 1.2023 1.2136 1.1302 1.0576 1.0688 1.0752 1.0848 1.0912 1.104 1.112 1.1152 1.1232 1.1392 1.1472 1.1616 1.1792 1.1808 1.1856 1.1888 1.2016 1.216 1.2304 1.2368 1.2432 1.2464 1.2544 1.2624 1.2752 1.2848 1.2848 1.2896 1.3008 1.3072 1.2278 1.2411 1.2485 1.2559 1.2678 1.2722 1.2781 1.284 1.2914 1.2959 1.2988 1.3062 1.2263 1.0809 1.082 1.0856 1.0267 0.974 0.9248 0.8779 0.7935 0.8 0.8049 0.8082 0.809 0.8122 0.8155
2.8 3.28 2.75 2.8889 3.0556 2.5306 1.7778 1.8642 1.9383 1.68 1.79 1.79 1.81 1.85 1.6116 1.6364 1.6612 1.7355 1.7686 1.7769 1.6042 1.6458 1.6667 1.6875 1.6944 1.7083 1.75 1.7708 1.5917 1.6154 1.6568 1.6805 1.6982 1.716 1.5153 1.5255 1.551 1.5663 1.5969 1.6276 1.6378 1.6531 1.6684 1.6735 1.6888 1.7092 1.7245 1.7449 1.7653 1.7755 1.7908 1.8265 1.8265 1.6489 1.6711 1.5039 1.3702 1.4014 1.4083 1.4152 1.4187 1.4256 1.4291 1.4498 1.4637 1.4775 1.4948 1.5052 1.5156 1.2604 1.1625 1.1725 1.18 1.1925 1.2025 1.2075 1.2125 1.215 1.22 1.23 1.2425 1.2575 1.26 1.2625 1.27 1.275 1.275 1.1837 1.1882 1.195 1.2041 1.2086 1.2132 1.22 1.2268 1.2268 1.2313 1.2404
4.28 3.6389 3.9722 4.3333 4.6111 5.1667 4.1429 4.2449 3.5469 3.037 3.1358 3.3086 3.4444 3.5679 3.642 3.7654 3.9012 4.0741 4.1235 4.2963 4.3951 4.5556 4.6914 4.7531 4.8025 4.8395 4.8889 4.9012 4.9383 4.9877 5.0494 5.1481 5.2469 5.3704 5.4568 5.5679 5.6049 5.6543 5.6914 5.7284 5.8148 5.8519 5.9136 5.9877 6.0988 6.1235 6.2346 6.284 6.3333 6.3827 6.4074 6.4815 6.5185 6.5926 6.6667 6.716 6.7901 6.8395 6.9506 7.0247 7.0617 5.83 5.89 5.9 5.95 5.99 6.03 6.05 6.07 6.11 6.13 6.17 6.23 6.31 6.38 6.39 6.46 6.47 6.52 6.57 6.6 6.64 5.5537 5.5868 5.6198 5.6612 5.6942 5.7355 5.7438 4.8819 4.9236 4.9653 4.9931 5.0139 5.0417 5.0764 5.1042 5.1319
2.1094 1.68 1.86 1.99 1.5486 1.6597 1.7708 1.5976 1.6627 1.6864 1.7515 1.6429 1.7041 1.7602 1.6089 1.6533 1.3599 1.391 1.4291 1.3395 1.3858 1.4167 1.4383 1.4722 1.3989 1.4321 1.4515 1.365 1.385 1.3925 1.2812 1.2993 1.3197 1.3265 1.2417 1.2624 1.2831 1.1966 1.2117 1.2268 1.1389 1.1562 1.1632 1.1701 1.1823 1.191 1.2101 1.224 1.2413 1.2569 1.2674 1.276 1.192 1.1213 1.1287 1.0617 1.07 1.0809 1.0837 1.0268 1.037 1.0459 1.0536 1.0599 1.0676 1.074 1.0893 1.025 1.0333 1.0404 1.0488 0.9956 0.9978 0.9459 0.9501 0.9594 0.9636 0.9189 0.9238 0.9277 0.9297 0.8871 0.8935 0.8972 0.899 0.9036 0.8633 0.8694 0.8711 0.8763 0.8824 0.8858 0.8945 0.8971 0.9031 0.8629 0.8694 0.8727
1.2656 1.3906 1.08 1.17 1.29 1.0208 0.8571 0.7422 0.7059 0.7509 0.7751 0.7346 0.7685 0.7932 0.8241 0.8488 0.8673 0.8796 0.8981 0.9198 0.9352 0.9599 0.9846 0.8475 0.86 0.8725 0.8875 0.9125 0.9275 0.8685 0.8753 0.8347 0.845 0.7958 0.704 0.7136 0.7168 0.7216 0.7328 0.7376 0.6967 0.7041 0.7101 0.7175 0.7219 0.7263 0.7352 0.7426 0.75 0.7559 0.7618 0.7648 0.7648 0.7257 0.7298 0.7028 0.7092 0.6754 0.679 0.6478 0.6522 0.6567 0.66 0.6644 0.6733 0.6822 0.6524 0.6524 0.6545 0.6576 0.6618 0.6649 0.6681 0.6753 0.6774 0.6116 0.6152 0.6208 0.596 0.5986 0.6021 0.609 0.5804 0.5837 0.5878 0.5902 0.591 0.5943 0.5951 0.5959 0.571 0.571 0.5741 0.5772 0.5795 0.5826 0.5581 0.5402
2.0312 2.2969 2.5312 2.284 2.09 2.19 1.6944 1.574 1.4643 1.5051 1.5255 1.5867 1.4444 1.5022 1.56 1.4258 1.308 1.3564 1.3841 1.4014 1.4325 1.481 1.5087 1.392 1.4383 1.4722 1.4846 1.5216 1.4017 1.4238 1.2222 1.2517 1.0907 1.1153 1.1285 1.138 1.1569 1.1701 1.0972 1.1128 1.1337 1.1476 1.1597 1.088 1.0992 1.112 1.0503 0.9849 0.9931 1.0014 1.011 0.9554 0.9605 0.9668 0.9809 0.9346 0.9441 0.9453 0.9489 0.9 0.9044 0.91 0.8647 0.8668 0.8252 0.835 0.8379 0.8428 0.8062 0.8127 0.8209 0.8255 0.8283 0.7889 0.7527 0.7551 0.76 0.7649 0.7315 0.7338 0.7431 0.7539 0.7232 0.7268 0.7283 0.7319 0.7029 0.6785 0.6805 0.6844 0.6884 0.6917 0.6969 0.7022 0.7094 0.7114 0.716 0.6863
3.68 4.16 4.4 3.5833 3.9444 4.0833 4.6389 4.9444 5.1389 5.2222 5.5833 5.8611 6.1111 4.7959 5.0 5.102 5.2245 5.4082 4.2969 4.4531 4.5625 3.8395 4.0 4.0864 4.1605 4.2222 4.2716 4.3827 4.4321 4.4815 4.5185 3.75 3.83 3.2727 3.2975 3.3388 3.3636 3.4215 3.5041 3.5455 3.5868 3.6281 3.1111 3.1319 2.7396 2.7456 2.4337 2.4439 2.4592 2.4643 2.5102 2.2267 2.2533 2.2756 2.2889 2.0508 2.0625 2.0781 2.0938 2.1172 2.1328 2.1328 2.168 2.1914 2.2148 2.2422 2.2578 2.2695 2.293 2.3086 2.332 2.3594 2.3789 2.3906 2.4141 2.418 2.4453 2.4609 2.4688 2.4766 2.4961 2.5078 2.2526 2.263 2.2768 2.2837 2.2907 2.3045 2.3218 2.3391 2.3668 2.3702 2.3806 2.3875 2.4048 2.4221 2.4325 2.4394
2.1224 2.3878 2.6122 2.9184 3.1429 3.3061 3.6327 3.0625 3.2031 3.3125 2.36 2.44 2.48 2.54 2.2066 2.2562 1.9653 2.0069 1.7751 1.7988 1.8462 1.8521 1.9172 1.9527 1.9763 2.0178 1.7908 1.8316 1.6578 1.6978 1.7333 1.76 1.7733 1.6172 1.6445 1.6602 1.6875 1.5329 1.5363 1.5467 1.5675 1.5848 1.4537 1.466 1.4815 1.5031 1.5185 1.3878 1.4017 1.4044 1.4238 1.4404 1.4515 1.3375 1.35 1.35 1.375 1.38 1.395 1.4075 1.4125 1.42 1.425 1.425 1.45 1.3356 1.3424 1.3515 1.3605 1.3628 1.3696 1.381 1.3968 1.2934 1.2996 1.2996 1.3037 1.312 1.2174 1.2268 1.2344 1.1528 1.1562 1.1615 1.1684 1.1788 1.191 1.1962 1.2014 1.12 1.0547 1.0607 1.0636 0.9986 1.011 1.0165 1.0192 1.0206
3.56 2.5306 2.8571 3.1429 3.4286 3.5306 3.6122 2.9844 3.125 3.25 2.7531 2.4 2.49 2.56 2.1901 2.2314 2.2975 2.3636 2.0972 2.1319 1.8757 1.8935 1.9586 2.0296 2.0592 1.8316 1.8776 1.9286 1.9643 1.4118 1.4256 1.3056 1.2078 1.2161 1.2271 1.13 1.1525 1.0635 1.0771 1.0952 1.1111 1.1202 1.1224 1.0496 1.0579 1.0682 1.0785 1.0992 1.1054 1.1157 1.0397 1.0454 1.0491 1.0605 1.0718 1.0851 1.0964 1.026 1.033 1.0365 1.0469 1.0503 1.0538 1.059 1.0694 1.0712 1.0032 1.016 1.0208 1.0336 1.04 1.0464 1.0576 1.064 1.0688 1.0 1.0074 0.9465 0.9506 0.9575 0.963 0.9712 0.9767 0.9835 0.989 0.9918 0.9959 0.9388 0.9413 0.9452 0.9503 0.9554 0.9643 0.9707 0.9144 0.9203 0.9215 0.9239
1.8438 1.51 1.4132 1.3819 1.5069 1.4024 1.1733 1.0898 1.125 1.1719 1.0247 0.9834 0.9275 0.98 1.0175 1.05 0.9955 0.9318 0.8333 0.7872 0.747 0.7604 0.7284 0.6623 0.6742 0.6511 0.6656 0.6767 0.623 0.5996 0.607 0.6143 0.6208 0.6299 0.6081 0.5878 0.5918 0.5679 0.5478 0.5566 0.5148 0.5194 0.5233 0.4878 0.47 0.4538 0.4597 0.464 0.4684 0.4705 0.4576 0.4607 0.4644 0.4695 0.4737 0.4757 0.4762 0.4617 0.4494 0.4382 0.4423 0.4441 0.4477 0.4349 0.4384 0.4405 0.4423 0.4449 0.4462 0.4327 0.4208 0.4232 0.4256 0.4284 0.4312 0.4332 0.4356 0.4396 0.4306 0.4183 0.4205 0.4076 0.4098 0.4119 0.4147 0.4165 0.4183 0.4204 0.4229 0.4254 0.415 0.3913 0.382 0.3835 0.3844 0.3863 0.3751 0.3654
3.6944 3.2449 2.7656 3.1094 3.2812 3.4219 3.5938 3.0247 2.58 2.68 2.72 2.3388 2.1042 2.1458 1.929 1.9882 2.0355 2.0947 2.1538 2.1953 1.9796 2.0102 1.8044 1.6328 1.3673 1.3827 1.2715 1.2936 1.1925 1.21 1.23 1.2425 1.2625 1.275 1.1905 1.2109 1.2313 1.2472 1.1653 1.1798 1.0983 1.1078 1.1172 1.0434 1.0556 0.9904 0.9364 0.8793 0.8253 0.8316 0.8406 0.8495 0.8014 0.8086 0.8181 0.8228 0.8312 0.7461 0.7534 0.7148 0.6832 0.6896 0.6278 0.631 0.6359 0.6142 0.6181 0.6235 0.6296 0.6312 0.6358 0.6373 0.6397 0.6466 0.6535 0.6597 0.6304 0.634 0.608 0.6129 0.617 0.6212 0.626 0.6288 0.6295 0.6343 0.6088 0.6134 0.6174 0.5693 0.5729 0.5758 0.5327 0.536 0.537 0.5191 0.5212 0.5274
4.92 3.102 2.7812 3.0 3.2188 2.7778 2.9753 2.2149 2.2645 2.3306 2.3884 1.8402 1.9112 1.9527 1.9882 2.0651 2.1065 2.1657 2.2249 2.2485 2.2722 2.051 1.8756 1.7266 1.75 1.793 1.8281 1.654 1.6851 1.7232 1.7474 1.6204 1.6358 1.6543 1.6759 1.6975 1.7222 1.7438 1.7562 1.6122 1.6371 1.6593 1.3991 1.4172 1.4331 1.4444 1.449 1.4626 1.3636 1.2665 1.1806 1.1927 1.1104 1.0444 1.0547 1.0666 1.0769 1.0096 1.0206 1.0247 1.0329 1.0398 1.0453 0.9911 0.9962 1.0064 1.0166 1.0204 1.0255 1.0319 1.0344 1.0395 0.9822 0.9881 0.9356 0.94 0.9478 0.95 0.9567 0.96 0.9667 0.9733 0.9778 0.9811 0.9844 0.9956 1.0022 1.01 0.9584 0.9594 0.9667 0.9698 0.876 0.8825 0.8852 0.8916 0.8953 0.899
> n=5000 m=5 07/06/2021 11:19:40
2.76 3.12 3.6 3.76 2.9444 3.1667 3.3611 3.5 3.6389 3.6667 3.7222 2.2812 2.4062 2.5469 1.82 1.89 1.95 1.3018 1.0578 1.0978 1.0078 1.0312 1.043 1.0703 1.082 1.0977 1.1055 1.1211 1.1289 1.1367 1.1484 1.1641 1.1914 1.2109 1.2227 1.128 1.0525 1.0648 1.0679 1.0802 1.0957 1.1111 1.0139 1.0222 0.94 0.96 0.965 0.985 1.005 1.0125 1.0375 0.9569 0.9637 0.9728 0.9819 0.9132 0.9194 0.9236 0.9256 0.9256 0.9277 0.9401 0.9442 0.9566 0.969 0.9773 0.9855 0.9168 0.9244 0.9282 0.9282 0.9319 0.9414 0.9471 0.9527 0.9641 0.9698 0.9792 0.9905 0.9943 0.9962 1.0038 1.0076 1.0132 1.0151 1.0189 0.9531 0.8417 0.8462 0.8491 0.8536 0.855 0.8565 0.858 0.8624 0.8669 0.8713 0.8743
2.3611 2.8333 3.3889 3.6667 4.0 4.3056 4.5833 4.7778 3.7551 2.4938 2.5926 2.642 2.716 2.8025 2.8765 2.9753 3.0741 3.1111 3.1975 3.2593 2.75 2.3554 2.0347 2.0625 2.0903 2.1181 2.1528 2.1875 1.9349 1.9527 1.9763 2.0059 2.0355 1.8061 1.8265 1.8469 1.8673 1.8827 1.9133 1.9337 1.9694 1.7467 1.7956 1.8222 1.8489 1.4948 1.5052 1.519 1.5294 1.5398 1.5571 1.429 1.3075 1.3324 1.349 1.245 1.255 1.2625 1.27 1.1791 1.1905 1.1973 1.2154 1.229 1.2313 1.1343 1.1364 1.1446 1.1467 1.155 1.1715 1.1839 1.188 1.2004 1.2066 1.1191 1.121 1.1229 1.1285 1.1285 1.1323 1.1418 1.1512 1.155 1.1569 1.1588 1.1701 1.172 1.1834 1.1871 1.206 1.2155 1.2193 1.2268 1.2306 1.2344 1.2363 1.1476
3.76 3.25 2.6735 2.8367 2.4688 2.6094 2.7656 2.8281 2.9688 3.125 3.3125 3.3906 3.6719 3.7344 3.9531 4.0 4.1094 4.1562 4.3281 4.4375 3.02 2.6033 2.3056 2.3194 2.375 2.0947 2.1243 2.142 2.1657 2.1953 2.2308 2.284 2.3077 2.3373 2.3846 1.88 1.9111 1.9244 1.9511 1.9778 2.0044 1.8359 1.8711 1.8711 1.8906 1.9023 1.9219 1.9453 1.9609 1.9766 1.6265 1.6296 1.6512 1.6636 1.6821 1.5319 1.5429 1.5568 1.5623 1.5789 1.5928 1.6011 1.6316 1.6399 1.6565 1.5175 1.525 1.535 1.5475 1.555 1.4354 1.4444 1.4558 1.4626 1.4694 1.4739 1.4807 1.3698 1.376 1.2817 1.2949 1.2083 1.2118 1.2205 1.224 1.2309 1.2361 1.2378 1.2413 1.2465 1.1664 1.1728 1.176 1.184 1.1904 1.1936 1.1968 1.2
2.8776 2.5469 1.87 2.02 2.19 1.4438 1.503 1.6095 1.7041 1.7456 1.7929 1.8757 1.9763 2.071 1.6311 1.6756 1.7333 1.7689 1.8178 1.8489 1.8978 1.9289 1.96 2.0089 2.0533 2.0756 2.0978 2.1378 2.16 1.7578 1.6019 1.6296 1.6605 1.6914 1.7191 1.7377 1.7562 1.6122 1.6399 1.3787 1.2872 1.3017 1.3161 1.3244 1.3409 1.3512 1.3616 1.376 1.3864 1.2892 1.3006 1.3081 1.3195 1.3289 1.3459 1.3573 1.3629 1.3686 1.2778 1.2899 1.2969 1.3125 1.3247 1.3368 1.2512 1.2672 1.1908 1.1982 1.2071 1.216 1.2219 1.2249 1.2308 1.2367 1.1674 1.1756 1.1866 1.1148 1.1212 1.1288 1.1339 1.1403 1.1467 1.1543 1.162 1.1696 1.1747 1.1824 1.1875 1.1964 1.1284 1.0656 1.0733 1.0756 1.0844 1.09 1.0956 1.1
3.4444 3.9167 4.4444 3.7551 4.0408 4.2857 3.6562 3.0741 3.2222 3.4074 3.4815 3.5432 3.679 3.8025 3.23 3.33 2.9008 2.5764 2.625 2.0765 2.1122 1.8844 1.9111 1.9244 1.9689 2.0 2.0267 2.0711 2.0978 2.1289 2.1422 2.1822 2.2222 2.2667 2.2889 2.0586 2.0703 1.8651 1.8754 1.8962 1.917 1.7562 1.7778 1.8086 1.6537 1.6593 1.6731 1.6787 1.6925 1.7036 1.57 1.58 1.5925 1.6025 1.615 1.6175 1.6375 1.6375 1.65 1.665 1.67 1.685 1.695 1.7075 1.72 1.725 1.73 1.7475 1.7575 1.76 1.7625 1.77 1.785 1.7925 1.8075 1.815 1.8275 1.8425 1.8525 1.88 1.8975 1.905 1.9125 1.92 1.935 1.9375 1.9475 1.9575 1.9675 1.9775 1.985 1.985 2.005 1.8413 1.8526 1.8617 1.8662 1.8776
2.68 2.92 3.4 3.64 4.08 4.36 4.56 3.5 3.6667 1.66 1.4793 1.3264 1.3819 1.4375 1.4931 1.5069 1.3432 1.3787 1.3846 1.4024 1.4379 1.4793 1.5089 1.3367 1.3571 1.3929 1.4031 1.4337 1.4541 1.4592 1.4847 1.4949 1.5153 1.5357 1.5357 1.551 1.5867 1.5918 1.6071 1.6173 1.6378 1.6582 1.6735 1.6888 1.7143 1.7602 1.7755 1.7959 1.8061 1.8112 1.8367 1.8418 1.8622 1.8827 1.898 1.6978 1.7022 1.7022 1.7156 1.7378 1.76 1.7689 1.8 1.8089 1.8222 1.8222 1.8311 1.8489 1.8533 1.8578 1.8622 1.8667 1.8756 1.8889 1.9022 1.9022 1.9067 1.9378 1.9422 1.96 1.9778 1.9822 1.9911 2.0267 2.0356 1.8203 1.8359 1.8438 1.8555 1.8594 1.6817 1.6886 1.7024 1.7128 1.7128 1.7163 1.7232 1.5648
4.32 2.7347 2.3594 2.2469 2.4198 1.8678 1.9174 2.0331 2.1736 1.9167 2.0278 2.125 2.1528 1.929 1.9763 2.0118 2.0533 2.0769 1.6444 1.4961 1.5195 1.543 1.5742 1.4325 1.4671 1.4913 1.5087 1.5294 1.5433 1.5675 1.5952 1.6228 1.6471 1.6713 1.6817 1.5401 1.5617 1.5833 1.446 1.4626 1.4765 1.4903 1.4986 1.5235 1.3925 1.4 1.2993 1.3061 1.3152 1.2211 1.2273 1.2335 1.1569 1.1701 1.1796 1.1853 1.1985 1.206 1.1285 1.056 0.9911 0.997 1.003 0.9465 0.9506 0.9534 0.9588 0.9657 0.9726 0.9781 0.9835 0.9945 1.0041 1.011 0.9592 0.9617 0.963 0.9668 0.9732 0.9796 0.8778 0.8304 0.8356 0.845 0.8027 0.8096 0.8184 0.8232 0.8291 0.833 0.8359 0.8379 0.8428 0.8457 0.8506 0.8555 0.8136 0.8173
2.6939 1.76 1.6694 1.3669 1.3163 1.2489 1.3111 1.2344 1.3125 1.375 1.2803 1.1914 1.1219 1.045 0.9977 1.0181 1.0544 0.9876 1.0041 0.8993 0.9062 0.9219 0.8848 0.9104 0.9216 0.9376 0.9536 0.9568 0.9712 0.9888 0.882 0.8444 0.852 0.8109 0.8264 0.8359 0.8466 0.8609 0.8763 0.8894 0.8444 0.8544 0.8622 0.8689 0.8744 0.88 0.8944 0.9022 0.9044 0.91 0.9111 0.9211 0.9356 0.9478 0.9095 0.8672 0.8274 0.8347 0.7967 0.7649 0.7682 0.7771 0.7461 0.7492 0.7546 0.7585 0.7631 0.7685 0.7363 0.74 0.7091 0.7126 0.7161 0.7202 0.7292 0.7334 0.7368 0.7431 0.7458 0.7179 0.7212 0.7239 0.7278 0.7324 0.7031 0.6794 0.6835 0.6913 0.6672 0.6723 0.6752 0.6769 0.6803 0.6831 0.6582 0.6641 0.6674 0.6685
3.68 3.2222 2.7143 2.898 2.4531 1.79 1.9 1.7107 1.5556 1.6042 1.6806 1.7153 1.75 1.5799 1.4082 1.4439 1.4745 1.3378 1.3689 1.4133 1.4489 1.5022 1.3906 1.4258 1.1728 1.0 1.005 1.02 1.035 0.9569 0.9705 0.8412 0.8488 0.8658 0.8809 0.8941 0.9093 0.8559 0.8733 0.8802 0.8368 0.8496 0.8624 0.8672 0.818 0.7805 0.7385 0.7449 0.7577 0.7628 0.7679 0.7704 0.6911 0.6978 0.7089 0.7133 0.7222 0.7267 0.7356 0.7024 0.7055 0.6748 0.6787 0.6474 0.6474 0.6529 0.6575 0.6639 0.6657 0.6703 0.6758 0.6804 0.6841 0.6574 0.6618 0.6696 0.6713 0.6765 0.6808 0.6851 0.6869 0.6981 0.7007 0.7016 0.705 0.6743 0.6776 0.68 0.6841 0.6865 0.689 0.6914 0.6947 0.6659 0.6682 0.6698 0.6705 0.6759
4.88 4.0278 3.3061 3.5102 2.4198 2.5309 2.7284 2.38 2.52 2.2066 1.9931 2.0764 2.1667 2.2639 2.3264 2.3819 2.4236 2.4861 2.5417 2.6319 2.6597 2.3669 2.3787 2.4083 2.432 2.4675 2.497 2.5444 2.5858 2.6272 2.6864 2.7041 2.7278 2.4337 2.4694 2.5306 2.5663 2.5969 2.3156 2.3733 2.4133 1.9412 1.9792 2.0 2.0104 2.0208 2.0519 2.0588 2.09 2.1038 2.1349 1.9537 1.966 1.9877 2.0154 2.0401 1.8615 1.867 1.715 1.7325 1.74 1.7675 1.6349 1.6531 1.5207 1.5289 1.5393 1.5537 1.5702 1.5785 1.5888 1.5992 1.6116 1.6219 1.6322 1.6426 1.6508 1.535 1.5388 1.5444 1.552 1.5577 1.5633 1.5766 1.5936 1.6049 1.6181 1.4 1.4096 1.4112 1.416 1.4256 1.432 1.4336 1.4448 1.4528 1.4592 1.4624
5.08 5.76 6.36 6.84 7.2 7.68 4.3469 4.6122 4.8163 5.102 4.1562 4.2656 4.375 4.5156 4.6719 4.7344 4.875 4.9688 5.0781 5.2031 5.2812 5.3438 5.4375 4.4444 4.5185 4.5926 3.92 3.95 4.01 4.08 3.4545 3.4959 3.5289 3.5702 3.6364 3.6942 3.7025 3.7355 3.7934 3.8264 3.3264 3.3403 3.3819 3.4306 3.4514 3.5069 3.5278 3.5417 3.5972 3.6042 3.625 3.6597 3.7083 3.7222 3.7847 3.7917 3.8264 3.8819 3.9097 3.9167 3.9583 3.9931 4.0278 4.0833 4.1181 4.1528 4.1875 4.2083 4.2153 4.2639 4.2847 4.3125 4.3542 3.7929 3.8284 3.8757 3.4082 3.4184 3.4337 3.449 3.4694 3.4796 3.5051 3.5561 3.5867 3.6122 3.6276 3.6429 3.6735 3.6786 3.699 3.2533 3.2844 3.2933 3.3022 3.3333 3.36 3.3733
5.96 5.0556 4.1429 4.6531 5.0 5.1633 5.3878 5.6531 5.7959 6.1224 6.2449 6.4898 6.7551 6.9388 7.1224 7.2653 7.4694 7.6531 7.7551 7.9184 8.0 8.2653 8.3878 8.5306 8.7551 8.8571 8.9796 9.1429 9.2653 9.4694 9.6735 9.7551 9.8571 10.0408 10.1224 10.2041 10.3061 10.3878 10.551 10.6531 10.8571 11.0408 11.1633 11.2449 11.3469 11.4694 11.5306 11.6531 11.7755 11.898 12.0204 12.1837 12.2857 12.3469 12.449 12.4898 12.5306 12.6122 12.6939 12.8571 13.0 13.0612 13.2041 10.375 10.4688 10.5469 10.5938 10.6875 10.8125 10.8281 10.875 11.0 11.0781 11.1562 11.25 11.3281 11.4531 11.4688 11.4844 11.5938 11.625 11.6719 11.75 11.7969 11.875 11.9219 9.5062 9.5556 9.5679 9.5926 9.6296 9.6667 9.7284 9.7778 9.8395 9.9012 8.15 8.19
3.6667 4.3889 4.8333 3.9796 4.2041 2.8395 2.54 2.69 2.3719 1.8521 1.8994 1.9408 1.7551 1.4531 1.4922 1.25 1.2809 1.2994 1.3086 1.2161 1.1325 1.1675 1.1875 1.205 1.225 1.1406 1.161 1.1769 1.1012 1.1178 1.1467 1.1612 1.1798 1.188 1.1983 1.2087 1.1304 1.1399 1.1437 1.0712 1.0764 1.0128 1.0224 0.9571 0.9689 0.9882 0.9956 1.0044 1.0074 1.0237 0.9671 0.9726 0.9286 0.9401 0.9503 0.9617 0.9668 0.9732 0.9191 0.87 0.8778 0.8867 0.8933 0.8967 0.8512 0.8125 0.8184 0.8223 0.7851 0.7474 0.75 0.7552 0.7587 0.7638 0.7656 0.7682 0.7708 0.7742 0.7803 0.7872 0.7889 0.7933 0.7976 0.7592 0.6947 0.6648 0.6676 0.6738 0.678 0.6814 0.6542 0.6601 0.6601 0.6673 0.6739 0.65 0.6537 0.6294
2.1837 2.0156 1.8642 1.75 1.89 1.5278 1.2908 1.3724 1.4235 1.3111 1.3556 1.4133 1.3047 1.3438 1.375 1.4141 1.4375 1.4609 1.4844 1.5195 1.5391 1.4048 1.321 1.3457 1.2632 1.277 1.2909 1.3186 1.3518 1.2575 1.265 1.2825 1.295 1.2086 1.2245 1.1426 1.1508 1.1612 1.1777 1.1921 1.1115 1.1229 0.984 0.932 0.9467 0.9012 0.9108 0.8622 0.8661 0.7315 0.7419 0.7471 0.7523 0.7607 0.7638 0.77 0.7742 0.7773 0.7815 0.7836 0.7888 0.7919 0.796 0.8033 0.7666 0.73 0.7337 0.7374 0.7067 0.7119 0.7154 0.6873 0.6914 0.6939 0.698 0.7012 0.7045 0.711 0.7118 0.7127 0.7135 0.7167 0.7224 0.7282 0.7314 0.7363 0.7396 0.7404 0.7437 0.7461 0.7494 0.7518 0.7576 0.7261 0.7299 0.7315 0.7346 0.7369
4.8056 4.2245 3.75 4.2188 4.5469 4.875 5.1406 5.3125 4.4815 3.86 3.98 3.4298 3.4959 2.6923 2.7515 2.8107 2.5612 2.2933 2.3378 2.1094 2.1562 2.2148 2.25 2.2812 2.3242 2.1176 2.1522 2.1972 2.2491 2.2872 2.3322 2.3564 2.4014 2.1852 2.2315 2.25 2.2901 2.321 2.3457 2.3889 2.4198 2.02 2.0425 2.07 2.0825 2.0925 2.115 2.1375 1.966 1.9773 1.9955 2.0045 2.0113 2.0249 2.0385 2.0499 2.0612 2.0794 1.9318 1.9421 1.9628 1.9731 1.8223 1.8336 1.6997 1.7101 1.7257 1.7378 1.6288 1.64 1.648 1.6608 1.6672 1.6832 1.6944 1.5828 1.5932 1.6021 1.6154 1.5171 1.5295 1.5418 1.5583 1.5679 1.5761 1.5857 1.4936 1.5013 1.5077 1.4185 1.3367 1.34 1.3433 1.3478 1.3544 1.3611 1.3622 1.3767
1.2469 1.0661 1.0694 1.2153 1.2778 1.1775 1.0089 0.9492 0.9844 1.0195 0.8006 0.8199 0.8393 0.8643 0.8864 0.903 0.7891 0.805 0.8209 0.8458 0.7934 0.8058 0.758 0.7788 0.7883 0.7552 0.7264 0.7328 0.6953 0.6982 0.7056 0.713 0.7234 0.7293 0.7441 0.747 0.7574 0.6811 0.6926 0.7028 0.7092 0.7156 0.7207 0.7258 0.7309 0.7372 0.7411 0.7063 0.6358 0.641 0.6472 0.6535 0.6618 0.667 0.6701 0.6357 0.6387 0.6445 0.6465 0.6494 0.6562 0.6336 0.6364 0.64 0.6428 0.6465 0.6501 0.6538 0.6621 0.6648 0.6341 0.6082 0.6131 0.618 0.5941 0.5988 0.6034 0.6073 0.6134 0.6173 0.6235 0.6281 0.6312 0.6343 0.6381 0.642 0.6451 0.6474 0.6505 0.6216 0.626 0.6011 0.6032 0.6108 0.6136 0.6157 0.6163 0.5904
3.3889 3.8889 3.2857 3.5714 3.0312 3.3125 2.8148 2.5 2.64 2.3388 2.438 2.4628 2.5372 2.6116 2.6777 2.3403 2.4028 2.4931 2.5208 2.2426 2.2722 2.2899 2.3609 2.3846 2.4201 2.4556 2.5207 2.574 2.5976 2.6331 2.6568 2.6805 2.7278 2.4337 2.4796 2.4898 2.5153 2.2444 1.8201 1.8408 1.8547 1.8824 1.8893 1.91 1.9135 1.7438 1.7531 1.7716 1.6205 1.4925 1.2686 1.2831 1.2893 1.3161 1.3326 1.3512 1.2533 1.2609 1.2798 1.293 1.2968 1.3081 1.3214 1.3308 1.3403 1.3535 1.3592 1.3667 1.2708 1.2778 1.2899 1.3003 1.3038 1.3212 1.3299 1.3333 1.342 1.2512 1.2528 1.2624 1.2672 1.2752 1.2816 1.296 1.3024 1.304 1.3104 1.2219 1.2293 1.1578 1.1605 1.0944 1.0982 1.1033 1.1071 1.0428 1.0476 0.9933
2.5102 2.8776 2.0741 1.92 2.07 2.23 2.32 2.0579 2.157 2.281 2.3884 2.4793 2.1875 1.9349 1.9882 2.0355 2.1065 1.9082 1.9439 1.9949 2.0306 2.0969 1.8978 1.9422 1.9733 1.9911 2.0178 2.04 2.0756 2.1022 2.1378 2.1644 2.2089 1.9961 2.0156 1.8166 1.8408 1.872 1.9066 1.9343 1.7623 1.7778 1.7994 1.8117 1.8333 1.6731 1.6898 1.7119 1.7368 1.61 1.6225 1.63 1.64 1.65 1.66 1.5238 1.5397 1.551 1.5692 1.4607 1.4711 1.4876 1.5 1.5103 1.2934 1.2986 1.1287 1.1346 1.07 1.0768 1.0823 1.0892 1.096 1.1015 1.107 1.1111 1.1152 1.1193 1.1248 1.1331 1.1372 1.1399 1.144 1.1481 1.1523 1.155 1.0906 1.0957 1.102 1.1071 1.111 1.1135 1.125 1.1327 1.1365 1.1429 1.1467 1.1518
4.56 5.08 5.44 6.0 3.6122 3.7959 3.2969 2.8148 2.9506 3.0494 2.68 2.74 2.89 2.92 2.99 3.07 3.13 2.6942 2.7438 2.8017 2.8264 2.1302 2.1834 2.213 2.2485 2.0 1.8 1.8178 1.84 1.8533 1.88 1.9111 1.9378 1.7305 1.75 1.7773 1.8008 1.8438 1.8633 1.8867 1.8984 1.918 1.9414 1.9531 1.9766 2.0117 2.0234 2.0273 2.0547 2.0664 2.0898 2.1172 2.1289 2.1484 2.1797 2.1914 2.2031 2.207 2.2188 2.0035 2.0138 1.8333 1.8488 1.858 1.8611 1.8765 1.5575 1.5625 1.5825 1.6025 1.6125 1.4785 1.4807 1.4921 1.4989 1.5079 1.5193 1.5329 1.5465 1.4256 1.4339 1.4442 1.4545 1.4711 1.4814 1.4876 1.4979 1.5021 1.5103 1.4026 1.4102 1.4216 1.4253 1.4329 1.4405 1.448 1.4537 1.4631
3.1667 1.8272 2.037 2.1975 2.3333 2.3951 2.5432 2.6667 2.7654 2.8519 2.44 2.157 1.8889 1.7101 1.7515 1.7811 1.8225 1.8521 1.9053 1.9527 2.0 2.0592 1.6533 1.7022 1.7289 1.7556 1.7867 1.8267 1.8489 1.9067 1.9289 1.7383 1.5917 1.6125 1.6298 1.6401 1.6505 1.6713 1.6851 1.7197 1.7474 1.7578 1.5988 1.6111 1.6358 1.6481 1.6698 1.5208 1.5346 1.5512 1.5596 1.5789 1.5956 1.615 1.6371 1.6454 1.651 1.6704 1.6981 1.7064 1.5625 1.4376 1.4535 1.4626 1.4739 1.4875 1.3822 1.3905 1.3946 1.4029 1.3119 1.3138 1.2153 1.217 1.2222 1.2309 1.2396 1.2448 1.2517 1.2587 1.2656 1.2726 1.192 1.1984 1.2032 1.2048 1.208 1.2176 1.2224 1.2304 1.2368 1.24 1.24 1.2448 1.1686 1.179 1.1029 1.1097
> n=5000 m=5 07/06/2021 11:25:51
2.5 1.3 1.1983 1.1597 0.8578 0.8125 0.7924 0.7562 0.7809 0.8086 0.7673 0.7978 0.8255 0.7775 0.7279 0.746 0.7551 0.7732 0.7846 0.7376 0.7541 0.7603 0.7686 0.7769 0.8037 0.8161 0.8202 0.8368 0.8492 0.7396 0.75 0.7587 0.7674 0.783 0.7917 0.8056 0.809 0.8229 0.7792 0.7872 0.7456 0.747 0.753 0.7604 0.7737 0.7855 0.7914 0.7973 0.8018 0.8062 0.818 0.8299 0.7805 0.7888 0.7984 0.7997 0.8038 0.8107 0.7755 0.7806 0.742 0.7515 0.7598 0.7646 0.7669 0.7753 0.7824 0.7883 0.7489 0.7578 0.7589 0.7644 0.7711 0.7315 0.7336 0.7357 0.744 0.7482 0.7513 0.7534 0.7544 0.7659 0.77 0.7721 0.7742 0.7773 0.7794 0.7825 0.7888 0.748 0.7089 0.7107 0.7135 0.6791 0.6808 0.6817 0.6498 0.6531
1.8367 2.0612 1.9062 1.7531 1.9383 2.0741 2.2716 1.7273 1.8182 1.8926 1.4615 1.1822 1.2044 1.1211 1.0415 1.0623 1.0969 1.1246 1.1626 0.9972 1.0194 1.0388 0.9575 0.9675 0.995 1.0125 1.03 1.0525 1.0775 1.0975 1.0159 1.0227 1.0385 1.0567 0.9263 0.9395 0.9565 0.9679 0.848 0.8512 0.8528 0.8624 0.8656 0.8752 0.8254 0.7423 0.7538 0.7679 0.7717 0.773 0.7742 0.7384 0.6629 0.6701 0.6764 0.6785 0.6795 0.6837 0.6878 0.6961 0.6993 0.7076 0.7107 0.6777 0.6826 0.6529 0.6547 0.6602 0.663 0.6703 0.6703 0.6419 0.6139 0.6188 0.6212 0.6237 0.6286 0.6011 0.6049 0.608 0.5836 0.5873 0.5931 0.5975 0.599 0.5727 0.5803 0.5859 0.5866 0.5893 0.5928 0.5942 0.597 0.6004 0.6025 0.606 0.6108 0.6143
4.44 3.75 4.0 4.4444 3.5918 4.0 4.1837 4.3265 3.6562 3.1111 2.69 2.79 2.91 3.04 3.07 3.17 3.21 3.32 2.8347 2.1775 2.2189 2.2722 2.0561 2.1173 2.1429 2.199 2.2347 2.25 2.0311 2.0489 2.08 2.1022 2.1244 2.1467 1.737 1.7578 1.7647 1.6142 1.6235 1.642 1.6698 1.6852 1.7006 1.713 1.716 1.7222 1.7469 1.5928 1.47 1.49 1.5 1.51 1.5325 1.5425 1.5475 1.5625 1.4467 1.4603 1.4739 1.4807 1.4875 1.276 1.1927 1.2049 1.2205 1.2326 1.2431 1.25 1.168 1.1792 1.1036 1.1109 1.0466 1.059 0.9358 0.9429 0.9501 0.9536 0.9596 0.9667 0.9762 0.9222 0.93 0.9356 0.9367 0.9411 0.8897 0.8949 0.9022 0.9116 0.9126 0.922 0.923 0.9272 0.9272 0.9365 0.9407 0.948
3.56 2.3878 2.5714 2.8367 3.0612 3.3061 3.551 3.7143 3.9592 3.2188 3.3438 3.4062 3.5 3.625 3.75 3.8438 3.9688 3.9688 4.125 4.2656 4.3438 4.4219 4.5625 4.6562 4.75 4.8594 4.9062 5.0312 5.1094 5.2031 5.2031 5.3125 5.4062 5.5156 5.625 5.7031 5.7969 5.8125 4.716 3.93 3.96 4.01 4.07 4.11 4.16 4.2 4.23 4.25 4.28 3.6281 3.6694 3.6942 3.7273 3.7521 3.7851 3.8182 3.8678 3.9008 3.9504 3.9835 3.9917 4.0331 3.4583 3.4861 3.5139 3.5417 3.5764 3.6181 3.625 3.6458 3.6528 3.7083 3.7361 3.7569 3.7708 3.7917 3.8056 3.8125 3.8264 3.3136 3.3314 3.3609 3.3964 3.4024 3.4201 3.4379 3.4556 3.4675 3.497 3.5266 3.5266 3.5444 3.5562 3.5799 3.5917 3.6095 3.6213 3.645
4.2 2.7755 3.1224 2.6875 2.358 2.3827 2.5309 2.6296 2.7654 2.9877 2.58 2.68 2.0 2.0208 1.8047 1.8698 1.699 1.7347 1.7806 1.6133 1.6578 1.5195 1.3979 1.2994 1.3148 1.3241 1.3395 1.2299 1.2438 1.2548 1.2604 1.277 1.175 1.19 1.2125 1.225 1.1383 1.1429 1.1565 1.1723 1.1973 1.2086 1.2222 1.2268 1.229 1.2494 1.2562 1.1756 1.1818 1.1963 1.1096 1.1134 1.1229 1.138 1.1474 1.1607 1.0799 1.0064 1.016 1.0224 1.0336 1.0464 1.0544 1.0576 1.0624 1.0688 1.0816 1.0896 1.1008 1.1136 1.1232 1.1312 1.1344 0.9324 0.8811 0.8835 0.8847 0.8882 0.8444 0.8478 0.8567 0.8578 0.8611 0.8179 0.7793 0.7803 0.7832 0.7881 0.7511 0.7557 0.7567 0.764 0.7658 0.7695 0.7713 0.7796 0.7824 0.7457
3.0612 3.5714 3.1562 2.36 1.8889 1.9861 1.858 1.7551 1.8163 1.3668 1.1745 1.1994 0.9711 0.9282 0.9509 0.9849 1.0208 0.9688 1.0 1.0122 1.0226 1.0399 1.0712 1.0972 1.1128 1.125 0.9926 1.0089 1.0311 1.0399 0.9247 0.8835 0.796 0.8044 0.8189 0.7822 0.7594 0.7723 0.7815 0.7888 0.7998 0.7664 0.7751 0.7437 0.751 0.76 0.7722 0.778 0.791 0.7577 0.7623 0.7312 0.7015 0.6752 0.6798 0.6857 0.6897 0.6989 0.7022 0.7081 0.7147 0.7179 0.7226 0.7311 0.739 0.7112 0.7175 0.7275 0.7356 0.7438 0.7456 0.7506 0.7531 0.7581 0.7625 0.765 0.7712 0.7762 0.7819 0.7875 0.7944 0.8 0.8037 0.8075 0.8113 0.8162 0.8187 0.7864 0.7912 0.7971 0.8013 0.7721 0.7772 0.7789 0.7806 0.7857 0.7566 0.762
2.2653 2.0781 1.61 1.5289 1.4236 1.1582 1.0844 1.1156 1.0312 0.8796 0.8393 0.7234 0.7415 0.7066 0.7231 0.6994 0.7183 0.7391 0.7467 0.7732 0.7902 0.811 0.7743 0.6953 0.6667 0.6735 0.6416 0.6231 0.6373 0.6433 0.6156 0.5931 0.6067 0.616 0.5957 0.5702 0.5776 0.5877 0.5657 0.5718 0.577 0.5592 0.5649 0.5682 0.5471 0.523 0.5014 0.5076 0.5125 0.4918 0.4944 0.4977 0.5016 0.503 0.5076 0.4931 0.4771 0.4836 0.4683 0.47 0.4751 0.4796 0.4662 0.4514 0.437 0.44 0.4449 0.4499 0.4386 0.4251 0.4278 0.4167 0.4048 0.4061 0.4077 0.4086 0.3968 0.3996 0.4008 0.4044 0.4068 0.372 0.3628 0.3554 0.3574 0.359 0.3633 0.365 0.3666 0.3676 0.3683 0.3481 0.3503 0.3422 0.3338 0.3355 0.3375 0.3393
5.0 5.72 3.4082 3.6735 4.0408 4.2653 4.5306 3.0494 2.65 2.8 2.9 3.03 3.11 2.6777 2.7686 2.8182 2.8595 2.9174 2.9587 3.0248 3.0992 2.051 2.102 2.1429 2.1837 2.2296 1.7891 1.8086 1.832 1.8633 1.8867 1.918 1.9492 1.9805 2.0234 2.0664 2.0898 2.1211 1.7315 1.7531 1.7747 1.784 1.6427 1.6565 1.6787 1.6981 1.7064 1.7341 1.7507 1.7618 1.7812 1.7978 1.8089 1.8338 1.8532 1.8698 1.715 1.7325 1.7425 1.6145 1.6145 1.4938 1.5083 1.5269 1.5372 1.5475 1.5558 1.4442 1.4556 1.4669 1.4802 1.4934 1.5066 1.5255 1.5312 1.5388 1.4306 1.3376 1.3424 1.3488 1.352 1.3568 1.3616 1.368 1.3856 1.3984 1.4064 1.4112 1.3225 1.3284 1.3358 1.3462 1.3536 1.2675 1.2743 1.2757 1.2785 1.2798
1.7812 2.0781 2.3281 1.76 1.6033 1.719 1.7686 1.8678 1.9669 2.0413 1.8403 1.8958 1.7041 1.7219 1.7396 1.4356 1.4578 1.48 1.5244 1.5689 1.6222 1.6578 1.6933 1.72 1.7467 1.7822 1.8044 1.8356 1.6602 1.6875 1.7109 1.5536 1.5882 1.4383 1.463 1.4846 1.5062 1.3989 1.4183 1.3325 1.3525 1.3575 1.365 1.3825 1.4 1.2902 1.2971 1.3197 1.3333 1.3401 1.3515 1.2521 1.2603 1.2707 1.189 1.1966 1.2098 1.2231 1.2363 1.1476 1.1528 1.1615 1.1701 1.1875 1.1962 1.1997 1.2101 1.2135 1.2205 1.1424 1.1472 1.1536 1.0137 1.0178 1.0288 1.0329 1.0398 1.0398 1.0412 1.0453 0.9885 0.9911 0.9974 0.9987 1.0051 1.0128 1.0179 1.0217 1.0268 1.0332 1.037 1.0446 1.0472 1.051 1.0536 1.0587 1.0612 1.0676
6.64 5.5556 4.9388 5.4082 5.7347 6.0 3.28 3.46 3.6 3.79 3.93 4.1 4.2 4.35 4.48 4.58 4.69 4.83 4.94 5.0 4.2975 4.3471 4.4545 3.8681 3.4024 3.4675 3.0918 3.1429 3.1939 3.2245 2.8889 2.9467 2.9778 3.0178 2.4083 2.4567 2.4913 2.5017 2.526 2.3025 2.3179 2.1191 2.1496 2.1828 2.1994 2.2244 2.2493 2.277 2.2909 2.3213 2.3518 2.3657 2.4017 2.4266 2.4626 2.4792 2.4931 2.5097 2.5402 2.32 2.3375 2.3525 2.3775 2.3875 2.4 2.42 2.425 2.4425 2.45 2.46 2.48 2.4925 2.5025 2.5225 2.535 2.55 2.5625 2.575 2.5825 2.595 2.6125 2.3991 2.415 2.4263 2.2335 2.2541 2.2686 2.2851 2.2996 2.3202 2.3285 2.3388 2.3574 2.3678 2.1815 2.1815 2.2004 2.2098
2.8611 1.5802 1.7037 1.8148 1.9383 2.0741 2.1975 1.7107 1.8264 1.9421 1.7708 1.8403 1.875 1.8958 1.9167 1.9861 2.0208 1.5612 1.602 1.6378 1.6735 1.7143 1.7449 1.7704 1.8112 1.8265 1.64 1.6844 1.7067 1.7244 1.7467 1.7822 1.8 1.8222 1.8489 1.8711 1.8844 1.7031 1.7266 1.7539 1.7617 1.7812 1.7852 1.8203 1.8438 1.875 1.8984 1.9102 1.9531 1.9648 1.9883 2.0 1.8235 1.8408 1.6605 1.5263 1.5402 1.5596 1.5679 1.5789 1.5817 1.5928 1.4625 1.475 1.4875 1.3832 1.39 1.4036 1.415 1.424 1.4399 1.449 1.4671 1.4739 1.3636 1.3698 1.3698 1.3781 1.3781 1.3802 1.3884 1.3946 1.4008 1.4132 1.4174 1.4277 1.438 1.4401 1.4545 1.4607 1.3478 1.3535 1.3648 1.3743 1.3819 1.3951 1.3989 1.4026
1.9 2.22 2.0744 1.7278 1.6531 1.7806 1.6978 1.7378 1.8133 1.668 1.5502 1.6194 1.5123 1.5401 1.5679 1.6204 1.5208 1.4275 1.455 1.3855 1.415 1.4376 1.3492 1.3678 1.3946 1.4236 1.3554 1.276 1.2934 1.3194 1.2512 1.2656 1.2056 1.2234 1.2411 1.253 1.1084 1.0499 1.0022 1.0156 1.0278 1.0322 0.9802 0.9917 0.9027 0.8642 0.8711 0.8772 0.8858 0.891 0.8979 0.9092 0.9152 0.8759 0.8833 0.8914 0.8996 0.9086 0.9143 0.9159 0.9241 0.9331 0.9371 0.9494 0.9066 0.9097 0.9182 0.8824 0.8483 0.8518 0.8573 0.8615 0.8277 0.7615 0.768 0.7404 0.7123 0.7177 0.7204 0.7263 0.7312 0.7361 0.7388 0.7431 0.7154 0.7206 0.7242 0.7262 0.7299 0.7345 0.7397 0.7151 0.7165 0.6933 0.6682 0.6709 0.6467 0.6497
3.7778 4.3889 4.9444 5.3333 5.7222 6.0278 4.8571 4.9796 5.3061 4.25 3.5679 3.716 3.8272 3.19 2.7603 2.8512 2.9421 3.0083 3.0579 3.1322 2.7708 2.8264 2.8819 2.9375 3.0208 3.0764 3.125 3.1736 2.7929 2.4745 2.5255 2.5714 2.6122 2.6429 2.6837 2.7194 2.7449 2.7755 2.7959 2.852 2.8776 2.9184 2.949 2.9898 2.6844 2.7022 2.418 2.4375 2.4453 2.457 2.4766 2.4961 2.2388 2.2561 2.2941 2.3045 2.3218 2.3391 2.346 2.3599 2.3806 2.1574 2.1728 2.1821 2.2037 2.0194 2.0332 2.0499 2.0609 2.0693 2.0803 2.0886 2.1025 2.1163 2.1302 2.1524 2.169 2.1828 2.1994 2.205 2.2105 2.2355 2.2438 2.2548 2.2715 2.2881 2.2964 2.313 2.3269 2.3463 2.3601 2.3795 2.3934 2.4072 2.4155 2.4238 2.4377 2.4543
1.4286 1.6122 1.4062 1.2469 1.12 1.15 0.9917 1.0413 1.0139 1.0278 1.0556 1.0764 0.9763 0.9941 1.0178 1.0237 0.9184 0.9337 0.8667 0.8667 0.8889 0.8125 0.7612 0.7612 0.7682 0.782 0.7924 0.7958 0.8097 0.8166 0.7685 0.7258 0.7341 0.68 0.6875 0.6925 0.695 0.7075 0.71 0.715 0.7175 0.678 0.6343 0.6446 0.657 0.6612 0.6632 0.6798 0.686 0.6942 0.6942 0.6503 0.656 0.6578 0.6181 0.6302 0.6372 0.6424 0.6476 0.658 0.6208 0.6208 0.6256 0.6256 0.6304 0.6368 0.6384 0.6432 0.6464 0.6464 0.648 0.6592 0.6656 0.6672 0.6768 0.6391 0.642 0.6479 0.6553 0.6598 0.6627 0.6255 0.6269 0.5944 0.5672 0.5684 0.5696 0.54 0.5411 0.5444 0.5478 0.55 0.5544 0.5578 0.5622 0.5359 0.539 0.539
3.0 2.6327 3.0204 3.3061 3.7551 4.0816 3.3906 3.625 3.0617 2.67 2.76 2.438 2.1736 2.25 2.0178 1.8367 1.4961 1.5234 1.5508 1.5781 1.5977 1.6406 1.4948 1.526 1.5571 1.4444 1.4568 1.4722 1.4815 1.5 1.5216 1.5309 1.4044 1.4238 1.4349 1.4626 1.4792 1.4903 1.5097 1.518 1.5346 1.5457 1.554 1.5679 1.5928 1.615 1.6427 1.651 1.6565 1.6648 1.5275 1.545 1.4331 1.4512 1.4671 1.3657 1.2703 1.191 1.1962 1.2049 1.1248 1.1376 1.1376 1.1488 1.1568 1.1648 1.176 1.1808 1.1872 1.1936 1.2 1.2096 1.2224 1.2352 1.248 1.2592 1.2656 1.272 1.28 1.2912 1.2944 1.2992 1.3072 1.3104 1.2249 1.2293 1.2322 1.2411 1.247 1.1701 1.1742 1.177 1.1852 1.1907 1.1989 1.2058 1.2167 1.2222
1.96 1.96 1.1719 1.0741 1.1975 1.11 1.0248 0.9306 0.8639 0.929 0.9527 0.9822 0.9882 0.8267 0.8444 0.88 0.8844 0.9333 0.9422 0.875 0.8867 0.8945 0.9062 0.9297 0.9648 0.8962 0.9308 0.9516 0.9758 0.9105 0.9105 0.8476 0.856 0.8753 0.8809 0.83 0.7778 0.78 0.7417 0.6919 0.6919 0.6957 0.6994 0.7089 0.724 0.7372 0.7391 0.7486 0.7543 0.7656 0.7788 0.7396 0.7465 0.7587 0.7622 0.7639 0.7656 0.7264 0.7344 0.7504 0.7536 0.76 0.7664 0.716 0.7234 0.6859 0.6927 0.6671 0.6696 0.6722 0.6722 0.6811 0.6445 0.648 0.6564 0.59 0.5942 0.5703 0.5703 0.5723 0.5732 0.5752 0.584 0.5574 0.5346 0.5389 0.5167 0.5216 0.5249 0.5249 0.5039 0.5077 0.5093 0.4894 0.4923 0.4945 0.4953 0.4982
2.16 1.0494 1.0 0.9587 0.7194 0.6667 0.7289 0.5988 0.6296 0.6605 0.6975 0.6759 0.6077 0.6054 0.626 0.6426 0.657 0.6591 0.6219 0.6295 0.6446 0.5824 0.5038 0.5102 0.4622 0.4722 0.4778 0.4778 0.4641 0.4766 0.46 0.4389 0.4247 0.4317 0.4412 0.4269 0.431 0.4367 0.4384 0.4408 0.4424 0.4473 0.4514 0.4383 0.4244 0.412 0.4155 0.4183 0.4197 0.4238 0.4273 0.4349 0.4044 0.4113 0.415 0.4213 0.4087 0.3946 0.3673 0.3426 0.345 0.3478 0.3516 0.353 0.3445 0.3472 0.349 0.3517 0.3526 0.3567 0.3576 0.3599 0.3503 0.3537 0.355 0.3572 0.3482 0.3494 0.3412 0.342 0.344 0.3456 0.3472 0.3161 0.2995 0.2921 0.2956 0.2975 0.2988 0.2997 0.3017 0.3048 0.3055 0.3077 0.308 0.3096 0.3016 0.3032
2.75 2.4898 2.7755 2.898 3.0204 3.3265 3.6531 3.7755 4.0204 4.1429 3.375 3.5469 3.6719 3.7812 3.875 3.2099 3.358 3.4815 3.5185 3.6049 3.03 2.5868 2.25 1.9941 2.0296 1.6133 1.6489 1.6622 1.6889 1.7289 1.5625 1.3025 1.3179 1.2216 1.2355 1.2493 1.2715 1.2881 1.3075 1.215 1.2425 1.255 1.275 1.1837 1.1136 1.1281 1.1426 1.0737 1.0832 1.0983 1.1134 1.0417 1.0521 0.9856 0.9904 0.9349 0.9408 0.9512 0.9586 0.9601 0.9763 0.9867 0.9911 0.9314 0.9355 0.9396 0.941 0.9465 0.9479 0.9575 0.9018 0.9082 0.9145 0.9247 0.9413 0.9477 0.9566 0.9643 0.912 0.8722 0.8778 0.8833 0.8878 0.8933 0.8967 0.9 0.9056 0.9111 0.9144 0.8626 0.8647 0.8668 0.8271 0.8301 0.833 0.834 0.834 0.8379
2.7959 2.0617 1.1327 1.2143 1.0625 1.0346 0.7231 0.7541 0.7278 0.6997 0.6832 0.6583 0.6433 0.6626 0.6052 0.6219 0.5734 0.5848 0.5409 0.5277 0.5167 0.529 0.5123 0.482 0.4721 0.4612 0.465 0.4491 0.4086 0.4122 0.3894 0.3672 0.372 0.3504 0.3121 0.3152 0.3196 0.3234 0.3157 0.3203 0.3246 0.3176 0.3115 0.3044 0.2976 0.2846 0.2802 0.2764 0.2807 0.2759 0.2783 0.2812 0.2691 0.2646 0.2667 0.2632 0.2643 0.2658 0.2615 0.2642 0.2653 0.2602 0.2563 0.2517 0.2539 0.2513 0.2535 0.2543 0.2396 0.2269 0.2277 0.2288 0.2245 0.2219 0.2228 0.2239 0.2245 0.225 0.2172 0.2182 0.2153 0.2161 0.2173 0.2185 0.2149 0.2156 0.2093 0.2106 0.2118 0.213 0.214 0.2155 0.216 0.2101 0.2116 0.2084 0.2089 0.2101
5.52 4.7778 5.3611 5.8333 3.7344 2.67 2.0694 1.9053 1.9586 1.801 1.6756 1.6933 1.7689 1.6016 1.2299 1.145 0.9876 1.0145 0.9584 0.8624 0.8864 0.8432 0.8639 0.8757 0.8964 0.8546 0.8163 0.8316 0.8444 0.8109 0.7722 0.7844 0.7967 0.7217 0.7314 0.7441 0.6773 0.6877 0.6281 0.6358 0.6427 0.6194 0.626 0.6297 0.634 0.5884 0.597 0.5781 0.5856 0.5669 0.5729 0.5556 0.5624 0.5675 0.5737 0.5794 0.5839 0.5663 0.5722 0.5738 0.5776 0.5814 0.5857 0.5906 0.5928 0.6003 0.609 0.6149 0.623 0.5773 0.5378 0.5419 0.5437 0.5282 0.5135 0.4806 0.4833 0.4723 0.4763 0.4778 0.466 0.4527 0.4551 0.4564 0.4595 0.4633 0.4657 0.4688 0.4572 0.4592 0.4467 0.4493 0.4496 0.4512 0.438 0.4392 0.4423 0.4313
> n=5000 m=5 07/06/2021 11:36:43
1.6939 1.2593 1.3333 1.27 1.2066 1.0 1.0651 1.0153 0.9511 0.9689 1.0222 0.9492 0.957 0.9727 0.9805 1.0039 0.9481 0.9792 0.9167 0.9352 0.9475 0.9722 1.0062 1.034 0.9723 0.9917 1.0055 0.8594 0.8079 0.8223 0.8326 0.8388 0.8512 0.8636 0.876 0.8946 0.905 0.9236 0.9298 0.8639 0.8733 0.8752 0.8847 0.8281 0.8368 0.7888 0.792 0.8032 0.8144 0.7692 0.7751 0.7825 0.784 0.7944 0.7973 0.7531 0.713 0.7194 0.727 0.7321 0.7321 0.736 0.7411 0.7423 0.7513 0.7589 0.7602 0.764 0.7679 0.773 0.7806 0.787 0.7455 0.7527 0.7551 0.7562 0.7646 0.7244 0.7267 0.7289 0.7322 0.7367 0.7411 0.7456 0.7467 0.7478 0.7511 0.7567 0.7211 0.7222 0.7274 0.7336 0.6992 0.7002 0.7012 0.6685 0.6685 0.6768
> n=5000 m=5 07/06/2021 11:38:34
2.1389 1.6406 1.3 1.0903 1.0355 1.0 1.0663 1.148 1.2041 1.2704 1.3367 1.24 1.1602 1.207 1.2227 1.2852 1.3359 1.3633 1.2699 1.308 1.3356 1.3772 1.4118 1.2932 1.1994 1.0227 1.0454 1.0567 1.068 0.9959 0.9414 0.949 0.9603 0.9754 0.9149 0.9219 0.8656 0.8736 0.8816 0.8928 0.8992 0.8491 0.8536 0.8639 0.8713 0.8802 0.8876 0.8979 0.9009 0.9127 0.9201 0.9216 0.9246 0.8724 0.8793 0.8834 0.8999 0.9026 0.9081 0.8559 0.8635 0.8699 0.8852 0.8916 0.8466 0.849 0.8514 0.8585 0.768 0.7305 0.6644 0.6678 0.6696 0.6739 0.6791 0.6825 0.6219 0.6258 0.6304 0.6327 0.6343 0.6381 0.6092 0.6114 0.615 0.5914 0.5949 0.5963 0.5997 0.6039 0.6073 0.6101 0.615 0.617 0.6191 0.6212 0.6219 0.6253
> n=5000 m=5 07/06/2021 11:43:37
3.2 3.56 2.8056 2.3878 2.5102 2.7347 1.9877 2.1728 1.88 1.98 2.12 1.8678 1.7361 1.5385 1.6095 1.4847 1.5153 1.2383 1.2578 1.1661 1.1903 1.2111 1.2215 1.2388 1.2561 1.0526 1.0693 1.0831 1.1025 1.0225 1.035 0.8967 0.7899 0.7986 0.7056 0.7115 0.7175 0.7322 0.7367 0.7078 0.7119 0.7174 0.7188 0.7229 0.6913 0.7015 0.7092 0.7156 0.6801 0.6544 0.6589 0.6667 0.6756 0.6767 0.6483 0.6566 0.6629 0.666 0.6722 0.6733 0.6436 0.6475 0.6523 0.6533 0.5917 0.5417 0.5471 0.5486 0.5509 0.5571 0.561 0.5656 0.5679 0.571 0.5741 0.5772 0.5802 0.5856 0.5887 0.5941 0.5972 0.6034 0.6065 0.6103 0.6119 0.615 0.6173 0.5917 0.5658 0.5706 0.5503 0.5523 0.5542 0.5575 0.5588 0.5369 0.5381 0.5425
> n=5000 m=5 07/06/2021 11:53:59
2.5102 1.62 0.9289 0.9297 0.8997 0.9343 0.8338 0.8 0.719 0.6938 0.6701 0.6496 0.5638 0.5778 0.5893 0.5444 0.5276 0.539 0.5578 0.5713 0.5557 0.5674 0.5037 0.4907 0.4946 0.5054 0.4872 0.4953 0.4827 0.4688 0.4753 0.4806 0.4852 0.4911 0.4964 0.48 0.4676 0.4381 0.4413 0.444 0.4516 0.4247 0.4291 0.4015 0.4038 0.4061 0.3971 0.3997 0.4028 0.3923 0.3804 0.3828 0.384 0.3741 0.3632 0.3549 0.3481 0.3512 0.3326 0.3351 0.3281 0.3219 0.316 0.3013 0.2945 0.2882 0.2834 0.2786 0.2732 0.2682 0.2641 0.2522 0.2482 0.2501 0.2521 0.2471 0.2483 0.2438 0.2449 0.2354 0.232 0.2245 0.2257 0.227 0.2273 0.2234 0.224 0.2254 0.2269 0.2237 0.2244 0.2212 0.2177 0.2186 0.2189 0.2195 0.2174 0.2179
1.7222 1.2812 1.1975 1.2716 1.0331 1.1157 1.0556 0.9882 0.84 0.8008 0.8594 0.8906 0.8984 0.8443 0.6349 0.6417 0.6136 0.6198 0.5841 0.5955 0.6087 0.6276 0.592 0.6042 0.6146 0.5952 0.616 0.6224 0.6021 0.605 0.6154 0.5898 0.5676 0.5727 0.5918 0.5672 0.5707 0.5803 0.5826 0.5838 0.5276 0.5338 0.5349 0.5421 0.5536 0.5283 0.5087 0.5124 0.4896 0.4727 0.4767 0.4405 0.4434 0.4294 0.4301 0.4129 0.4149 0.4168 0.4188 0.4201 0.4241 0.428 0.4144 0.4169 0.3883 0.3917 0.3929 0.3968 0.3845 0.3894 0.3921 0.3796 0.3827 0.3853 0.3879 0.3905 0.3941 0.3941 0.3951 0.3847 0.3752 0.3671 0.3699 0.3607 0.3641 0.3553 0.3578 0.3586 0.3615 0.3508 0.3512 0.3406 0.3426 0.3441 0.3449 0.3476 0.3491 0.3518
3.5278 4.1111 4.5278 3.0 3.2656 3.4375 2.39 2.124 2.2149 1.7278 1.5867 1.6173 1.4844 1.5378 1.5733 1.457 1.5 1.543 1.5898 1.6211 1.5156 1.5363 1.5571 1.5882 1.6194 1.6505 1.6678 1.2725 1.295 1.2041 1.22 1.2381 1.2562 1.2789 1.2902 1.2971 1.3152 1.3288 1.3401 1.3492 1.3696 1.3741 1.2769 1.1966 1.2042 1.2098 1.2231 1.242 1.1597 1.1771 1.1892 1.2031 1.2066 1.2153 1.217 1.068 1.074 1.0932 1.0302 1.037 1.0466 1.0631 0.9987 1.0051 1.0102 0.9011 0.8543 0.8595 0.8232 0.7934 0.7998 0.8053 0.809 0.7699 0.776 0.7794 0.7872 0.7145 0.7199 0.7222 0.7284 0.7346 0.7431 0.7461 0.7129 0.7151 0.6863 0.6891 0.6911 0.6925 0.664 0.64 0.6412 0.6444 0.6494 0.6544 0.6575 0.6588
2.1389 1.8367 2.0 1.6719 1.26 1.1736 0.9527 0.9822 0.9541 0.9949 0.9067 0.9244 0.9556 0.9689 1.0133 1.0489 1.0711 1.0078 0.8611 0.8765 0.8858 0.8283 0.8421 0.8476 0.856 0.7925 0.8125 0.7642 0.7732 0.7778 0.7273 0.7355 0.7438 0.75 0.616 0.624 0.6336 0.64 0.6496 0.6544 0.5898 0.5599 0.5651 0.5676 0.5727 0.574 0.547 0.5482 0.5612 0.566 0.5755 0.5815 0.5898 0.5945 0.5981 0.6005 0.6064 0.6136 0.5889 0.5922 0.5978 0.5765 0.5786 0.5827 0.5879 0.5911 0.5963 0.5994 0.6015 0.6129 0.6243 0.6368 0.642 0.6452 0.6524 0.6211 0.625 0.6309 0.6367 0.6426 0.6475 0.6504 0.6553 0.6641 0.668 0.6699 0.6748 0.6446 0.6465 0.5625 0.564 0.564 0.5671 0.5702 0.5718 0.5733 0.5756 0.5779
> n=5000 m=5 07/06/2021 11:54:40
2.8889 3.3333 2.8163 1.73 0.9023 0.8581 0.7994 0.72 0.6939 0.6276 0.6484 0.6181 0.6406 0.6441 0.6208 0.6036 0.6183 0.5676 0.5529 0.513 0.498 0.4784 0.4885 0.4506 0.4329 0.4193 0.3925 0.3997 0.3772 0.3656 0.373 0.3683 0.3457 0.3365 0.3199 0.3115 0.3153 0.3195 0.3136 0.3068 0.3091 0.3055 0.3084 0.311 0.3132 0.3136 0.3188 0.3214 0.3258 0.3277 0.3299 0.3117 0.3141 0.3074 0.3091 0.3127 0.3071 0.3087 0.3022 0.3035 0.2961 0.2979 0.2922 0.2947 0.2892 0.2922 0.2925 0.2933 0.2859 0.287 0.2736 0.2764 0.2794 0.2822 0.2832 0.2855 0.2862 0.2872 0.288 0.2892 0.291 0.2923 0.2948 0.2965 0.2978 0.2908 0.2927 0.2944 0.2961 0.2966 0.2976 0.2981 0.2993 0.3008 0.3018 0.303 0.3042 0.2966
1.5918 1.8571 1.6406 1.4691 1.5432 1.33 1.1736 1.2066 1.2479 1.3058 1.3636 1.438 1.5207 1.595 1.6364 1.719 1.3314 1.3609 1.4201 1.4438 1.4675 1.497 1.5266 1.5621 1.6154 1.4388 1.3022 1.3289 1.3956 1.4178 1.4489 1.3086 1.3281 1.3477 1.3672 1.3867 1.4062 1.301 1.0886 1.108 1.1191 1.133 1.1357 1.04 1.05 1.055 1.0625 1.075 0.9256 0.9318 0.8715 0.8847 0.8922 0.896 0.9074 0.9149 0.8559 0.8646 0.8128 0.8192 0.8208 0.824 0.8304 0.8304 0.784 0.7899 0.7944 0.749 0.749 0.7545 0.7572 0.7613 0.7654 0.7723 0.7283 0.6873 0.6956 0.6622 0.6656 0.6711 0.6733 0.6767 0.6462 0.5877 0.5923 0.596 0.596 0.5987 0.6024 0.6061 0.6116 0.6162 0.618 0.6189 0.6244 0.629 0.6309 0.6354
2.6111 2.8889 3.0556 3.25 3.5556 3.7778 4.0 4.1667 4.3333 4.4722 4.5833 4.6944 4.8333 4.9167 5.0278 5.1944 4.0408 4.1633 4.2245 4.3469 4.449 4.5306 4.5714 4.6939 4.7959 3.7969 3.8594 3.9062 3.9531 3.9531 3.9531 3.2469 3.2593 3.3457 3.3704 3.4568 3.4938 2.89 2.4628 2.4793 2.4959 2.5124 2.5455 2.5702 2.5868 2.6198 2.6529 2.6694 2.6942 2.7438 2.7686 2.7851 2.3819 2.3958 2.0888 1.8418 1.8418 1.8622 1.8622 1.8878 1.8929 1.898 1.9082 1.9235 1.9286 1.9541 1.9592 1.9592 1.9694 1.9796 1.9847 2.0 1.7822 1.7867 1.8089 1.8133 1.8267 1.8489 1.8667 1.8844 1.9067 1.9289 1.9467 1.9556 1.9689 1.9733 1.9867 1.9867 2.0 2.0222 2.0356 2.0444 2.0667 2.0756 2.0889 2.1022 2.1067 1.8711
2.4722 1.7188 1.5432 1.39 1.0972 1.1597 1.2014 1.0947 1.1598 1.2071 0.9956 1.0178 1.0667 0.9844 0.9961 1.0156 0.9343 0.795 0.8172 0.8338 0.8504 0.8643 0.815 0.84 0.85 0.8625 0.8825 0.9025 0.925 0.9325 0.95 0.898 0.9116 0.9206 0.9252 0.932 0.8781 0.9029 0.9132 0.9215 0.8658 0.8194 0.7204 0.7249 0.7337 0.7411 0.747 0.7544 0.7202 0.7284 0.7353 0.7421 0.7028 0.7066 0.7207 0.7219 0.7258 0.7334 0.7372 0.7487 0.7551 0.7577 0.7628 0.7704 0.7022 0.7078 0.7122 0.7144 0.7211 0.7256 0.73 0.7322 0.7367 0.7034 0.7055 0.6719 0.6738 0.6816 0.6547 0.6575 0.6612 0.6639 0.6676 0.6713 0.6731 0.6786 0.6823 0.6522 0.6245 0.5995 0.6042 0.6065 0.6096 0.6111 0.6165 0.6211 0.6242 0.6265
2.8 2.25 2.0408 2.102 2.2653 1.642 1.48 1.6 1.67 1.78 1.5785 1.6281 1.719 1.7769 1.8512 1.876 1.9091 1.9835 1.7708 1.574 1.6154 1.6272 1.449 1.4796 1.4847 1.5 1.5204 1.5357 1.551 1.5663 1.4178 1.4489 1.4844 1.4978 1.5111 1.5289 1.5467 1.5644 1.5867 1.6044 1.6267 1.6311 1.6622 1.6933 1.7111 1.7333 1.7378 1.7511 1.7689 1.7822 1.7956 1.84 1.8622 1.8756 1.9022 1.9111 1.9467 1.9867 2.0 2.0311 2.0711 2.0933 2.0933 2.0978 2.1244 1.8984 1.9141 1.9258 1.9453 1.7578 1.7716 1.7751 1.7889 1.7924 1.8028 1.8201 1.8304 1.8443 1.8547 1.8581 1.8616 1.8789 1.8789 1.7099 1.716 1.7284 1.5762 1.59 1.5983 1.46 1.4675 1.48 1.4925 1.4975 1.5075 1.515 1.52 1.53
2.2222 2.5556 2.8611 3.0833 3.2778 2.7755 2.9184 3.1633 2.6719 2.8281 2.9219 3.0 3.0469 3.1094 3.25 3.3594 2.7531 2.8025 2.36 2.4 2.0744 2.0909 2.124 2.157 2.2066 2.2479 2.281 2.3636 2.3802 2.4298 2.4545 2.5124 2.5207 2.5289 2.5868 2.25 2.2847 2.3125 2.3333 2.3542 2.3819 2.4167 2.4444 2.1479 2.1598 2.1775 2.1893 2.2012 2.2308 2.2485 2.0051 2.0102 2.0255 2.0357 2.0612 2.0765 2.1071 2.1224 1.8978 1.707 1.7188 1.5606 1.5709 1.5813 1.5882 1.5917 1.609 1.6298 1.6505 1.6574 1.6747 1.692 1.6955 1.7163 1.7232 1.7266 1.5679 1.571 1.5741 1.5741 1.4321 1.4432 1.4543 1.4654 1.4681 1.4709 1.4765 1.4848 1.4848 1.4903 1.4958 1.5042 1.5208 1.5263 1.5291 1.5319 1.5402 1.5457
2.9796 1.3958 1.5972 1.6875 1.8542 2.0208 1.6684 1.7347 1.4258 1.4922 1.2685 1.2963 1.3395 1.2548 1.2992 1.3241 1.3546 1.3767 1.31 1.3525 1.2608 1.2971 1.2314 1.25 1.2748 1.2996 1.3306 1.345 1.2552 1.2817 1.2911 1.3043 1.2205 1.2344 1.2656 1.2847 1.2986 1.2224 1.2336 1.2496 1.2736 1.2928 1.304 1.3136 1.3264 1.3376 1.352 1.3664 1.3728 1.392 1.4064 1.1607 1.1773 1.1888 1.1201 1.132 1.1367 1.1403 1.1558 1.1617 1.0989 1.0395 1.0458 1.0 1.0137 1.0205 0.9697 0.9213 0.9273 0.9308 0.9343 0.9412 0.9455 0.9516 0.9567 0.9593 0.9135 0.9208 0.9257 0.9306 0.9355 0.9445 0.9535 0.9584 0.9649 0.9698 0.9731 0.9267 0.9336 0.9406 0.9468 0.9506 0.9576 0.9645 0.9676 0.9753 0.9823 0.9853
2.96 2.6667 2.4898 2.6735 2.2969 2.4219 2.5312 2.5938 2.6875 2.2716 2.3951 2.5309 2.6667 2.716 2.34 2.0826 2.1322 2.2066 2.2562 2.314 2.3967 2.4545 2.5207 2.5702 2.5868 2.6364 2.6694 2.7273 2.8264 2.4444 2.4722 2.5139 2.2308 1.9643 1.7511 1.7689 1.7956 1.6172 1.6406 1.6484 1.5156 1.4043 1.429 1.4414 1.463 1.4907 1.5031 1.5185 1.4017 1.4155 1.4238 1.446 1.4598 1.4709 1.4765 1.4848 1.4931 1.3825 1.3925 1.3925 1.4175 1.42 1.4375 1.445 1.45 1.4675 1.475 1.475 1.4825 1.4875 1.5 1.515 1.3923 1.4036 1.2996 1.2079 1.2117 1.1267 1.1337 1.1389 1.0656 1.0768 1.0848 1.0864 1.0976 1.0311 1.0355 1.0399 1.0429 1.0473 1.0503 1.0562 1.0636 1.0666 1.068 1.074 1.0123 1.0137
1.9592 1.5556 1.2397 1.3554 1.1124 1.051 1.1071 1.1531 1.08 1.0 1.0469 1.1094 1.0588 1.0934 0.928 0.9501 0.9778 0.8503 0.8685 0.8912 0.898 0.7883 0.7104 0.7296 0.744 0.7101 0.713 0.6735 0.6831 0.6886 0.6968 0.7023 0.6747 0.6837 0.6952 0.7003 0.7092 0.713 0.679 0.6478 0.6533 0.6622 0.6656 0.6722 0.6867 0.6944 0.6618 0.666 0.6681 0.6722 0.6396 0.6426 0.6455 0.6504 0.6217 0.5698 0.5486 0.5532 0.5563 0.5625 0.5633 0.5648 0.5679 0.5435 0.5478 0.5493 0.5508 0.5573 0.5395 0.545 0.5247 0.5299 0.5345 0.5385 0.5411 0.5457 0.5477 0.5269 0.53 0.5306 0.5338 0.5375 0.5381 0.54 0.5175 0.5187 0.5211 0.5023 0.5062 0.5102 0.5125 0.5142 0.5176 0.4986 0.5014 0.4866 0.4892 0.4912
2.4898 2.25 2.0123 1.86 2.07 1.8843 1.3316 1.2533 1.1836 1.1315 1.1696 1.036 1.0693 0.9297 0.9546 0.9751 0.9887 1.0 1.0295 0.9814 0.8681 0.8288 0.8384 0.8512 0.8121 0.7245 0.736 0.6968 0.7087 0.7182 0.6514 0.6618 0.6712 0.6416 0.6208 0.6263 0.6327 0.6099 0.6176 0.628 0.6358 0.6436 0.622 0.6269 0.631 0.6384 0.6473 0.6498 0.6588 0.6645 0.6702 0.6759 0.6816 0.6873 0.6355 0.6457 0.6198 0.6219 0.6267 0.6337 0.6385 0.644 0.6496 0.6266 0.6305 0.6119 0.6162 0.5979 0.5771 0.5782 0.5816 0.5619 0.5663 0.5684 0.5711 0.5722 0.5558 0.5579 0.5599 0.563 0.5661 0.5462 0.5486 0.5506 0.5531 0.5546 0.557 0.5383 0.5397 0.5416 0.543 0.5444 0.5454 0.5487 0.5529 0.5328 0.5351 0.5378
3.76 1.6543 1.8519 1.75 1.91 1.7851 1.5833 1.6667 1.5089 1.4082 1.5102 1.4 1.2969 1.3555 1.3945 1.4336 1.3149 1.3391 1.2469 1.1496 1.1662 1.1911 1.105 1.1175 1.125 0.9793 0.7984 0.8112 0.7692 0.7929 0.7973 0.8092 0.8195 0.8284 0.7833 0.797 0.7589 0.7325 0.7384 0.7056 0.6691 0.6795 0.6889 0.6972 0.7034 0.7066 0.718 0.6836 0.6914 0.7002 0.7109 0.7158 0.7188 0.7256 0.6896 0.66 0.6687 0.673 0.6457 0.6506 0.6211 0.6258 0.6012 0.6077 0.6107 0.6121 0.618 0.6231 0.572 0.55 0.5531 0.5354 0.536 0.5384 0.5431 0.5485 0.5532 0.5562 0.5586 0.5598 0.564 0.5454 0.5488 0.551 0.5527 0.5561 0.5595 0.5629 0.5663 0.5709 0.5754 0.5777 0.5581 0.5614 0.5641 0.5657 0.57 0.5717
1.6389 1.449 1.375 1.4531 0.9917 0.8958 0.9167 0.7755 0.7378 0.6797 0.5457 0.4807 0.4989 0.5102 0.4612 0.4497 0.4112 0.4216 0.432 0.4467 0.4056 0.4082 0.4133 0.4171 0.4286 0.4349 0.3967 0.3871 0.3721 0.3609 0.3355 0.342 0.3326 0.3356 0.3364 0.3236 0.3265 0.3302 0.3389 0.3477 0.3254 0.3287 0.3307 0.3366 0.3399 0.3325 0.3375 0.3394 0.3419 0.345 0.3343 0.3349 0.3254 0.3311 0.3333 0.3345 0.339 0.3218 0.3244 0.3264 0.32 0.301 0.3033 0.3047 0.2973 0.3012 0.303 0.2945 0.2957 0.299 0.302 0.304 0.2956 0.2988 0.2903 0.284 0.2862 0.2874 0.2896 0.2933 0.294 0.2962 0.2805 0.275 0.276 0.2767 0.271 0.2565 0.2583 0.2531 0.2481 0.2489 0.2435 0.2435 0.2396 0.2406 0.2419 0.243
2.2222 1.6719 1.8281 2.0312 2.1406 1.9877 2.1111 2.2222 2.284 2.358 2.03 1.8347 1.9174 1.7083 1.5266 1.3878 1.4235 1.2933 1.1953 1.2344 1.0154 1.0432 1.0586 0.9025 0.92 0.9225 0.95 0.9625 0.9825 0.9925 1.005 1.015 1.035 1.045 0.9728 0.9819 0.9955 0.9318 0.9401 0.9442 0.9649 0.969 0.9752 0.9876 0.9959 1.0165 1.0269 1.0393 1.0434 0.9887 1.0 1.0113 0.88 0.8912 0.904 0.8491 0.8565 0.8654 0.8698 0.8258 0.8299 0.8354 0.8477 0.8573 0.8601 0.8138 0.8189 0.824 0.8355 0.8406 0.7979 0.805 0.8098 0.8157 0.8205 0.824 0.8312 0.8323 0.8395 0.7978 0.8044 0.8122 0.8133 0.8244 0.8322 0.8389 0.84 0.7971 0.8012 0.8054 0.8065 0.8127 0.8158 0.82 0.8273 0.8345 0.8377 0.8398
3.0278 1.7284 1.4793 1.213 1.3136 1.0711 1.0312 0.892 0.9321 0.892 0.7314 0.7624 0.724 0.6927 0.6228 0.6391 0.6583 0.6033 0.5803 0.5969 0.5442 0.5273 0.5106 0.4931 0.4568 0.4691 0.4753 0.4861 0.4938 0.5008 0.5046 0.5108 0.4945 0.4806 0.4513 0.4537 0.4562 0.4612 0.4681 0.4738 0.4794 0.4664 0.4546 0.4592 0.4467 0.4521 0.4543 0.4257 0.4281 0.4164 0.4206 0.4225 0.4282 0.4296 0.4329 0.4353 0.4395 0.4423 0.4457 0.449 0.4504 0.4391 0.4432 0.4169 0.4211 0.3952 0.3839 0.3759 0.3649 0.3673 0.3683 0.3717 0.3626 0.364 0.366 0.3679 0.3686 0.3594 0.3407 0.343 0.346 0.3469 0.339 0.3308 0.3328 0.3353 0.3375 0.3403 0.3425 0.3351 0.3367 0.3392 0.3235 0.3248 0.3268 0.328 0.3293 0.3301
3.3889 3.0 2.2716 2.5062 2.6667 2.35 1.8264 1.9028 1.7396 1.5969 1.6582 1.5733 1.6356 1.5156 1.5547 1.5703 1.6016 1.6367 1.6484 1.6992 1.5502 1.5917 1.21 1.0537 0.9981 1.0208 1.0284 0.9809 0.9931 1.0035 0.9488 0.9632 0.992 0.8779 0.8355 0.8431 0.8508 0.8559 0.8121 0.7767 0.7889 0.7967 0.8022 0.8089 0.8189 0.7794 0.7856 0.748 0.7559 0.7646 0.7705 0.7734 0.7803 0.7852 0.7979 0.8057 0.8164 0.8291 0.835 0.8389 0.8506 0.8516 0.8574 0.8228 0.832 0.8402 0.8457 0.8531 0.8613 0.8659 0.8733 0.8797 0.8861 0.8916 0.8972 0.9027 0.9109 0.9183 0.8746 0.878 0.8815 0.8867 0.891 0.8979 0.9014 0.91 0.917 0.9204 0.9265 0.9369 0.8971 0.8526 0.8565 0.8588 0.7839 0.7488 0.7515 0.7541
3.1111 2.2031 2.4375 2.1852 2.2963 2.13 1.6806 1.7917 1.8542 1.9444 1.7456 1.8402 1.699 1.3867 1.2976 1.2099 1.25 1.2685 1.284 1.095 1.0272 0.9711 0.9876 0.875 0.8192 0.7722 0.7914 0.8003 0.8062 0.8121 0.824 0.7874 0.8011 0.764 0.7325 0.7444 0.6805 0.6514 0.6602 0.666 0.6391 0.6125 0.6194 0.6332 0.6384 0.609 0.6139 0.6229 0.6294 0.6034 0.6073 0.6103 0.5609 0.5651 0.5686 0.5734 0.5776 0.5831 0.5873 0.5928 0.5963 0.574 0.5819 0.5832 0.5851 0.5884 0.5943 0.5996 0.6042 0.6068 0.5837 0.5651 0.5693 0.5741 0.5522 0.5533 0.5556 0.5578 0.5595 0.5635 0.5435 0.5479 0.5511 0.5549 0.5608 0.5439 0.547 0.5517 0.5548 0.5568 0.5378 0.5208 0.5241 0.5079 0.5093 0.4931 0.4802 0.4823
2.5 1.5185 1.48 1.54 1.66 1.3333 1.1071 1.1939 1.1422 1.2044 1.1211 1.1445 1.1875 1.1073 1.1349 1.1834 1.2215 1.2422 1.2561 1.2734 1.3114 1.3564 1.3841 1.2716 1.2901 1.2022 1.205 1.2604 1.2825 1.2992 1.3269 1.3435 1.3657 1.4017 1.4266 1.2154 1.1364 1.1467 1.1632 1.1756 1.188 1.2025 1.2149 1.2211 1.2314 1.2314 1.155 1.1645 1.1739 1.1834 1.1928 1.1966 1.2155 1.225 1.2363 1.242 1.2552 1.088 1.0976 1.104 1.0325 1.0399 0.9849 0.9945 0.9973 0.9452 0.9503 0.9528 0.9617 0.9656 0.9707 0.9191 0.9287 0.9322 0.937 0.9405 0.8944 0.9 0.9056 0.9133 0.9178 0.9233 0.9244 0.9278 0.9322 0.94 0.9467 0.9556 0.9611 0.9105 0.9147 0.9209 0.923 0.9324 0.9355 0.9396 0.9396 0.9428
3.7222 2.5781 2.9531 3.2344 2.8148 2.5 1.9167 1.7692 1.6429 1.5111 1.5778 1.6044 1.6444 1.2654 1.1884 1.1075 1.1325 1.1625 1.0952 1.0393 1.0475 1.0764 1.0189 1.0359 1.0586 1.0851 1.0191 1.0295 0.9083 0.8601 0.8711 0.8779 0.8861 0.8944 0.9053 0.8597 0.8661 0.8276 0.8359 0.8 0.8122 0.8211 0.7825 0.7529 0.7607 0.7676 0.7346 0.7392 0.7447 0.7521 0.7567 0.7612 0.7266 0.7318 0.6698 0.6775 0.6852 0.6898 0.7006 0.7045 0.7106 0.6859 0.6896 0.6954 0.6648 0.641 0.6162 0.6238 0.6269 0.63 0.6362 0.6157 0.5969 0.6015 0.6071 0.61 0.6162 0.6207 0.6236 0.6281 0.6321 0.6355 0.6383 0.6395 0.6423 0.644 0.648 0.6519 0.6548 0.657 0.6587 0.636 0.6157 0.5951 0.5965 0.5784 0.5827 0.5846
3.52 2.9722 2.6327 2.7959 3.102 3.3878 2.8125 2.8281 2.4074 2.09 1.8595 1.9174 1.9752 2.0413 2.0579 2.1405 2.1818 1.9306 1.9653 2.0069 2.0347 2.0694 2.1458 2.1806 2.2222 2.2708 2.3264 2.3611 2.3889 2.4097 2.4792 2.5347 2.5764 2.625 2.6597 2.7153 2.7361 2.7917 2.4615 2.1837 1.7617 1.7812 1.7969 1.6228 1.6332 1.6505 1.5154 1.5247 1.4072 1.3025 1.2177 1.2404 1.157 1.1632 1.1653 1.1756 1.1798 1.1942 1.1963 1.2149 1.1285 1.1323 1.1474 1.1607 1.0868 1.0868 1.0938 1.1007 1.1042 1.1059 1.1128 1.0496 1.0544 1.0544 0.9926 1.0015 1.0089 1.0148 1.0237 1.0281 0.9671 0.9753 0.9794 0.9822 0.9904 0.9959 1.0 0.9413 0.9452 0.9503 0.9541 0.9566 0.9643 0.9707 0.9144 0.8633 0.8722 0.8262
2.9722 2.5306 2.7551 2.4375 1.89 1.92 1.7273 1.5694 1.4556 1.0898 0.9352 0.8125 0.825 0.8525 0.8095 0.781 0.8079 0.775 0.7902 0.8091 0.8242 0.8412 0.8582 0.8771 0.8885 0.9036 0.9093 0.8698 0.8872 0.908 0.8576 0.8688 0.88 0.8462 0.858 0.8669 0.8217 0.8313 0.7857 0.7586 0.7741 0.7848 0.7943 0.799 0.7589 0.7644 0.7711 0.7789 0.7388 0.744 0.7503 0.7534 0.7596 0.7638 0.768 0.7752 0.7784 0.7815 0.7877 0.7919 0.796 0.8002 0.8117 0.8169 0.821 0.8241 0.8293 0.8366 0.8429 0.847 0.8047 0.7658 0.7704 0.7741 0.7029 0.6767 0.6813 0.6844 0.689 0.6921 0.6952 0.6983 0.7014 0.706 0.7076 0.7122 0.716 0.683 0.6874 0.691 0.6947 0.6998 0.6697 0.6724 0.6156 0.6219 0.576 0.5549
