0 0 0 0 0 0 0 8 17 28 26 36 33 44 33 38 21 36 31 36 32 37 24 26 26 13 16 19 20 13 13 16 12 10 11 5 6 8 13 8 0 10 2 6 4 3 2 1 1 2 0 1 2 1 0 0 0 0 0 0 0 0 1
0 0 0 0 0 0 2 3 8 19 28 25 37 34 35 35 39 56 40 36 31 35 33 36 22 19 14 22 21 11 16 14 12 13 5 7 4 3 6 2 4 2 5 3 5 0 3 1 1 0 0 0 1 2 1
0 0 0 0 0 0 0 5 5 19 31 35 37 31 45 49 45 47 40 32 36 28 31 31 19 21 14 17 12 17 13 6 7 9 11 7 6 8 4 7 3 3 3 2 4 1 3 0 0 0 1 0 0 1 0 1 1 0 0 0 0 1 1 0 0 0 0 0 1
0 0 0 0 0 0 0 6 17 18 26 34 54 50 51 61 67 40 49 37 29 33 29 28 27 16 9 7 10 7 5 9 6 5 1 5 2 7 1 2 0 3
0 0 0 0 0 0 1 5 14 18 25 45 32 45 40 51 51 42 53 38 34 39 21 26 22 28 17 17 11 19 9 11 11 4 2 1 2 3 1 1 1 2 1 4 0 1 1 1 1
0 0 0 0 0 0 0 5 8 22 30 28 35 47 46 59 49 50 38 35 36 33 26 23 15 22 24 13 15 12 5 21 7 10 6 9 1 6 3 5 3 0 1 1 1 0 0 0 1
0 0 0 0 0 0 1 5 13 25 30 30 38 35 49 49 46 37 38 38 33 28 32 27 25 25 19 17 18 16 16 12 6 9 3 5 4 5 3 3 4 2 0 0 2 0 0 0 0 1 1 0 0 1
0 0 0 0 0 0 0 9 9 19 33 26 36 43 56 55 54 57 49 38 29 33 31 20 20 19 17 18 17 14 9 7 2 8 6 3 7 1 0 0 1 2 0 0 0 1 0 0 2
0 0 0 0 0 0 0 5 6 21 34 43 45 43 44 54 48 31 55 30 41 27 37 28 19 18 15 14 13 10 12 12 9 4 7 1 6 4 2 0 5 2 2 0 1 0 0 2 0 0 0 0 0 0 0 1
0 0 0 0 0 0 1 2 8 17 32 36 37 34 48 46 47 48 33 42 32 30 33 29 17 21 20 18 13 14 10 8 14 6 10 6 6 4 5 4 1 3 2 4 1 1 1 2 0 1 1 0 1 1 0 0 0 0 0 0 0 1
0 0 0 0 0 0 0 5 13 16 27 32 34 55 44 52 48 38 42 47 45 22 36 35 20 19 24 15 9 14 9 4 7 9 8 2 4 2 3 2 2 0 2 1 1 1 0 1 1
0 0 0 0 0 0 1 4 10 19 36 24 35 53 42 38 52 52 46 34 44 39 22 27 30 19 22 17 23 7 5 12 12 4 2 4 5 0 1 2 1 1 2 1 2 0 0 0 0 0 0 0 0 0 0 1
0 0 0 0 0 0 2 2 11 15 33 41 50 51 45 52 57 43 50 36 31 25 29 29 24 19 22 19 10 6 7 7 7 3 4 4 3 3 1 2 1 2 1 0 0 0 1 1 1 0 0 0 0 0 1
0 0 0 0 0 0 4 8 12 25 20 31 40 42 59 59 57 52 39 42 39 40 23 19 23 16 9 15 8 13 14 8 5 3 4 5 1 3 2 3 3 1 0 1 0 0 1 1 0 0 1
0 0 0 0 0 0 1 6 11 25 28 37 52 46 53 58 38 59 33 39 43 26 27 28 27 16 15 12 10 10 5 11 6 4 5 2 3 5 1 1 1 1 1 1 2 1 0 0 0 0 0 0 1
0 0 0 0 0 0 2 5 11 19 27 23 36 36 51 32 40 35 29 32 39 30 30 32 27 19 16 22 20 10 17 19 7 8 7 6 5 6 2 7 8 4 1 5 3 2 1 5 1 3 3 1 0 3 0 0 1 2 0 0 0 0 0 1
0 0 0 0 0 0 2 4 8 18 29 46 39 62 42 66 42 59 40 34 29 26 24 18 22 23 11 22 15 5 9 7 9 5 4 1 1 7 2 0 0 5 2 3 3 0 0 1 2 0 2 0 0 1 0 0 0 0 1
0 0 0 0 0 0 2 5 14 18 22 37 43 47 50 43 41 55 45 40 43 16 13 16 20 20 23 18 18 10 16 9 17 6 11 8 6 2 3 5 2 0 2 0 1 0 2 2
0 0 0 0 0 0 1 3 14 22 27 30 37 43 46 62 50 45 54 52 42 14 27 21 20 15 17 16 10 13 8 10 6 9 5 3 5 5 6 2 3 1 1 0 1 2 1 1 0 0 1
0 0 0 0 0 0 0 6 13 22 30 29 40 39 43 67 51 56 56 47 44 29 15 27 23 17 15 10 10 9 8 11 1 5 9 2 4 0 4 2 3 0 2 1 0 1
0 0 0 0 0 0 0 6 10 20 31 36 46 40 47 43 43 36 51 57 44 40 25 26 25 17 19 11 13 12 14 7 6 4 4 6 5 4 0 0 1 0 0 0 0 2
0 0 0 0 0 0 0 4 8 21 26 56 31 35 42 47 34 46 48 35 36 40 23 27 19 24 22 17 19 8 11 11 9 3 5 6 2 8 5 1 1 2 4 5 2 2 0 1 1 0 0 0 1 0 0 2 0 0 0 1
0 0 0 0 0 0 0 3 15 22 32 39 52 43 39 44 43 35 52 41 34 29 33 21 17 16 16 19 17 13 4 12 4 5 7 5 5 5 6 2 2 2 4 6 1 0 1 0 0 0 0 2 0 0 0 0 1 1 0 0 0 0 0 0 0 0 1
0 0 0 0 0 0 0 5 11 26 32 31 35 50 38 42 52 32 45 37 36 31 24 30 22 22 16 16 16 13 13 11 6 7 4 11 5 7 3 3 1 5 1 3 2 3 0 0 2 0 0 1 0 0 0 0 0 0 0 0 1
0 0 0 0 0 0 1 7 14 24 31 29 50 47 62 57 62 48 57 32 37 33 26 22 18 15 10 14 12 7 5 6 3 6 4 1 2 1 1 0 3 0 1 1 1 1
0 0 0 0 0 0 1 4 10 20 33 36 37 54 39 45 47 52 39 41 42 19 36 29 18 29 20 12 8 16 12 12 7 5 5 4 4 3 3 1 2 2 0 0 0 1 1 0 0 0 1 1
0 0 0 0 0 0 0 3 13 24 34 50 43 39 38 44 40 27 39 29 43 26 32 27 15 18 18 19 14 17 11 8 14 6 8 9 6 8 5 3 2 3 2 3 3 1 0 0 1 1 0 1 1 1 1 1
0 0 0 0 0 0 2 6 8 27 28 28 34 48 52 60 57 64 60 46 47 29 37 25 13 12 11 7 14 8 2 2 4 5 3 3 3 3 0 1 0 0 1 0 0 0 0 0 0 0 1
0 0 0 0 0 0 0 4 7 25 21 36 42 44 29 50 49 42 40 32 38 43 25 32 22 19 19 22 17 11 11 8 7 7 5 7 8 4 6 4 3 1 3 1 0 0 4 0 0 0 0 1 1 0 0 0 1
0 0 0 0 0 0 0 6 12 27 35 32 45 34 35 46 50 34 37 28 35 29 33 36 20 27 19 17 15 10 15 10 11 5 10 7 6 6 3 3 0 4 1 0 0 0 0 2 0 1 0 1 0 2 0 0 1 0 0 0 1
