433 1109 1103 728 471 343 243 170 133 78 45 47 29 25 13 10 8 3 4 2 2 0 0 1 0 0 0 1
416 1090 1036 728 458 338 218 186 144 95 85 56 53 24 28 10 10 6 6 4 3 1 4 0 2
427 1147 1119 705 471 326 203 162 125 92 56 49 32 27 15 12 10 9 3 1 4 4 2
433 1122 1127 743 466 344 231 158 99 89 51 28 31 31 11 12 7 4 5 4 4 0 0 0 0 0 0 0 0 1
447 1148 1122 725 499 283 220 154 92 98 58 41 37 18 19 9 12 9 3 4 2 0 0 0 0 0 0 0 0 0 1
436 1092 1149 723 441 294 208 176 105 93 73 48 30 39 27 18 14 16 8 5 0 1 1 2 1 0 0 0 0 0 1
420 1101 1114 702 423 298 198 137 120 101 84 70 55 62 40 19 6 11 11 5 6 4 2 4 5 0 1 0 0 0 0 0 1 0 0 0 0 0 1
395 1102 1065 728 476 305 228 179 134 108 66 57 28 31 22 31 11 9 4 5 1 5 4 3 0 2 1 0 0 0 0 0 1
441 1066 1133 729 474 324 221 160 111 98 69 52 45 27 13 17 9 4 3 2 1 1 1
387 1155 1019 673 462 345 236 160 138 106 62 81 59 46 20 15 8 8 4 5 6 1 2 0 0 1 2
450 1113 1157 692 474 294 191 152 99 73 50 38 42 39 28 20 10 25 15 11 3 8 3 3 2 0 3 1 2 2 0 1
414 1088 1128 749 488 300 214 171 113 104 80 44 29 20 24 10 8 5 5 3 2 0 2
420 1060 1062 777 463 287 269 155 124 98 81 56 39 14 27 22 20 6 4 4 3 4 2 2 1 0 1
404 1139 1106 710 436 322 200 140 122 97 64 56 62 50 32 20 14 7 6 1 4 0 6 2 1
427 1051 1080 725 460 310 232 184 142 99 81 67 22 33 36 16 11 5 1 3 7 4 2 1 0 1 0 0 1
431 1142 1140 695 416 316 247 192 105 109 76 35 34 24 9 15 9 3 2 0 1
402 1120 1095 745 476 322 204 145 100 110 61 42 37 50 22 21 14 8 4 4 8 2 2 2 4 0 0 0 0 0 0 0 0 0 0 0 0 0 0 0 1
401 1060 1116 732 498 311 234 156 111 78 67 51 52 49 30 24 9 8 2 2 2 2 1 3 0 0 0 1 0 0 0 0 0 0 0 0 1
414 1101 1133 702 451 293 244 171 129 80 62 54 45 30 16 24 17 9 4 7 1 4 2 2 0 4 1 0 1
418 1103 1088 719 510 340 242 149 125 91 58 37 20 22 27 12 10 11 7 4 1 2 2 2 0 0 0 0 1
441 1112 1057 711 492 344 222 180 115 78 68 72 32 26 18 11 7 7 3 2 1 1 0 0 0 0 0 0 0 0 0 0 0 0 1
372 1111 1043 720 442 310 239 141 142 91 76 60 43 31 33 20 37 23 13 10 8 8 6 8 5 3 2 2 0 0 0 1 0 0 0 0 0 0 1
406 1132 1098 742 447 313 219 155 111 88 68 64 52 37 22 16 12 4 10 5
445 1081 1085 728 471 322 232 141 133 97 73 57 49 31 17 14 6 9 3 4 1 0 0 2
380 1107 1071 699 412 339 242 172 151 95 66 51 58 33 20 10 11 27 17 12 8 5 4 3 0 1 4 1 1 0 0 1
430 1149 1095 754 493 302 210 152 137 92 41 50 27 18 20 12 7 2 3 2 3 0 0 1 0 0 1
393 1039 1079 733 468 324 238 136 126 104 78 50 51 41 32 34 33 9 5 10 3 6 3 2 0 0 1 0 0 1 1 0 1
415 1118 1121 706 434 341 239 139 121 92 72 70 39 29 21 15 11 3 7 3 2 1 0 1 0 0 0 0 0 1
405 1126 1087 766 449 309 196 170 117 95 67 53 38 38 33 13 12 7 8 4 5 1 0 2
410 1107 1082 751 432 306 219 132 110 87 70 81 41 37 24 37 26 14 10 4 2 3 5 3 2 2 0 2 1 1
417 1065 1079 744 479 314 243 167 118 95 48 61 53 36 25 17 17 8 6 1 1 4 1 0 2
427 1125 1064 764 499 290 202 141 105 87 58 42 34 45 36 31 17 10 6 5 5 0 2 0 1 1 0 2 0 0 2
417 1138 1153 727 413 285 225 141 106 105 76 44 39 35 26 22 12 7 13 6 1 4 1 0 1 3 0 0 0 0 0 1
416 1056 1053 756 480 320 226 168 125 115 94 74 33 25 17 10 12 7 4 1 2 2 2 2 1
411 1112 1081 738 468 313 214 155 109 90 63 48 37 34 27 42 20 11 8 8 6 0 2 3 0 0 0 0 1
436 1064 1098 749 505 299 203 154 131 92 78 58 44 28 22 9 9 8 5 3 4 1 0 0 0 1
422 1063 1140 733 463 297 216 146 118 83 72 49 43 50 32 22 17 10 7 6 4 3 0 1 0 0 0 2 0 2
423 1122 1137 773 471 318 199 162 113 78 73 41 31 20 12 10 5 5 4 2 0 1 1
418 1173 1053 750 486 325 184 146 88 88 86 46 40 43 21 19 13 6 5 4 2 2 1 0 0 0 1 0 0 1
447 1135 1157 707 489 321 241 152 116 87 56 31 22 15 10 7 1 3 2 0 0 0 2
418 1137 1079 739 475 309 221 154 104 80 86 79 36 27 12 16 6 4 4 5 6 1 1 1 0 0 0 1
443 1109 1072 762 504 332 229 156 87 70 74 58 42 30 8 7 7 3 3 2 0 2 0 0 0 0 1
431 1135 1129 716 475 300 221 170 106 95 60 45 40 26 19 7 9 6 3 2 4 2
414 1135 1058 713 486 304 189 156 129 88 77 62 53 42 31 18 15 10 4 4 1 5 6 0 0 0 0 0 0 0 0 0 0 0 0 0 1
420 1108 1080 739 444 309 233 144 119 75 53 52 57 33 26 32 22 15 13 5 9 2 5 3 0 2 0 1
399 1124 1133 679 466 321 216 184 125 91 86 49 27 30 24 13 9 5 5 5 1 1 3 1 1 0 1 0 0 0 0 2
452 1082 1075 756 496 310 218 165 123 105 80 45 24 26 15 8 5 7 4 2 1 1 0 0 1
424 1107 1055 744 426 334 248 176 140 98 59 40 51 30 17 14 11 9 8 4 1 3 0 0 1 1
429 1104 1134 733 458 307 221 152 118 93 65 44 31 22 22 21 22 4 6 5 5 1 2 0 1 0 0 0 0 1
450 1121 1121 732 497 306 194 182 105 86 67 41 34 20 13 11 7 4 4 1 2 1 1 0 1
