0 0 0 0 0 0 0 1 12 32 20 44 46 47 70 55 43 45 41 41 41 25 24 20 20 16 15 14 13 10 5 9 5 8 6 3 2 2 2 2 3 1 0 2 0 0 0 1 1 1 2 0 1
0 0 0 0 0 0 0 3 16 22 25 30 40 32 50 42 50 55 52 39 36 30 25 29 23 17 22 15 19 12 13 11 10 7 2 5 4 2 0 4 1 1 0 2 1 0 1 0 0 1 2
0 0 0 0 0 0 0 2 5 13 30 30 51 41 33 53 50 58 42 44 37 37 37 30 17 28 19 16 8 13 8 9 8 6 3 4 2 2 2 4 2 2 0 0 1 0 0 1 2 0 0 0 1
0 0 0 0 0 0 0 2 9 21 27 49 39 52 52 49 56 63 38 44 32 27 20 30 24 22 19 11 11 12 7 4 10 3 8 1 4 1 0 1 1 0 1 0 0 0 0 0 1
0 0 0 0 0 0 0 3 9 21 28 34 33 39 55 43 51 50 40 38 31 26 27 35 24 25 17 11 13 8 16 7 15 8 4 8 7 3 2 6 2 2 2 2 1 0 1 2 0 0 0 0 1 0 1
0 0 0 0 0 0 0 7 7 30 30 29 29 46 38 39 44 52 48 30 39 28 37 19 25 26 20 19 12 12 10 8 6 11 9 6 7 6 2 2 3 0 0 3 1 2 1 1 2 0 0 2 0 1 1 0 0 0 1
0 0 0 0 0 0 0 4 15 18 28 26 33 37 41 36 37 51 42 47 35 26 41 23 30 34 23 11 14 19 14 10 10 7 4 5 2 3 2 5 3 1 1 4 3 1 2 1 0 0 0 0 1 0 0 0 1
0 0 0 0 0 0 0 5 15 14 26 39 32 43 60 38 36 34 45 37 31 21 21 26 17 16 16 16 13 9 11 12 11 12 11 11 3 9 4 7 6 7 5 7 2 3 0 3 5 0 1 1 1 0 2 2 0 1 0 0 0 0 0 0 0 0 0 0 3 0 0 0 0 0 0 0 1
0 0 0 0 0 0 0 3 10 15 22 32 48 60 55 74 45 60 42 42 39 30 19 30 15 20 11 6 7 13 11 6 7 4 7 4 1 2 2 1 1 0 2 3 0 0 0 0 0 0 0 1 0 0 0 0 0 0 1
0 0 0 0 0 0 1 1 8 22 32 45 44 52 39 49 56 39 44 32 34 29 25 28 22 18 17 14 12 13 15 9 10 3 14 4 4 2 2 2 0 1 0 2 2 0 2 1 1 0 0 0 0 0 0 0 1
