> n=5000 m=5 07/06/2021 11:11:59
13.3333 13.3333 13.6667 12.7143 13.1429 13.2857 12.625 12.875 12.875 12.3333 12.5556 12.5556 12.7778 12.3 12.5 12.5 12.7 12.7 12.8 12.9 12.2727 12.4545 12.6364 12.6364 12.7273 12.0833 12.4167 11.9231 12.0 11.6429 11.6429 11.6429 11.7143 11.7857 11.7857 11.7857 11.5333 11.6 11.6667 11.7333 11.8 11.9333 12.0 12.1333 12.3333 12.4 12.0625 12.1875 12.1875 12.1875 12.25 12.4375 12.4375 12.5 12.625 12.8125 12.5882 12.5882 12.7647 12.8235 12.8235 12.8824 12.9412 12.9412 13.2353 13.2941 12.9444 12.5789 12.6842 12.55 12.6 12.6 12.85 12.95 13.05 13.05 13.05 13.05 13.05 13.15
34.6 35.2 36.0 36.8 36.8 36.8 36.8 37.2 37.2 38.6 39.2 40.2 41.4 41.6 42.6 43.2 43.8 44.2 44.4 45.0 45.6 46.8 47.2 47.6 48.2 48.8 49.4 49.6 50.4 51.4 51.6 52.0 52.4 45.6667 40.5714 41.1429 41.2857 41.8571 34.1111 34.4444 34.6667 34.7778 34.8889 35.7778 35.8889 36.1111 36.2222 36.4444 36.7778 37.0 37.4444 37.5556 38.0 38.4444 38.7778 39.1111 39.3333 39.7778 39.8889 40.2222 36.9 36.9 36.9 37.0 37.2 37.2 37.5 37.5 37.7 37.8 38.1 38.4 38.8 38.8 39.1 39.1 39.1 39.3 39.4 39.7
19.6667 20.0 20.3333 18.2857 18.7143 19.2857 19.5714 19.8571 20.0 20.1429 20.2857 21.0 21.4286 21.7143 22.0 22.1429 22.2857 22.4286 22.7143 23.2857 23.4286 23.5714 20.1111 20.3333 20.6667 19.2 19.4 19.6 20.0 20.1 20.3 20.3 19.2727 19.4545 19.6364 19.8182 20.0909 20.1818 20.3636 20.5455 20.7273 18.4615 18.5385 18.6154 18.6154 18.6154 18.6154 18.8462 18.8462 18.8462 19.2308 19.2308 19.4615 19.4615 19.6154 18.7857 18.8571 19.0 19.1429 19.2857 19.5 19.5714 19.5714 19.9286 20.1429 20.1429 20.4286 20.4286 20.5714 20.5714 20.6429 20.6429 20.7857 21.0 21.0714 21.0714 21.2143 21.2143 21.2143 21.3571
11.3333 11.6667 12.1667 12.6667 11.8571 12.2857 12.7143 12.7143 13.0 13.0 13.2857 13.5714 13.5714 13.0 13.375 13.5 13.75 13.5556 13.7778 13.7778 13.8889 14.0 14.2222 14.2222 14.2222 14.3333 14.3333 13.7 13.8 14.0 14.0 14.3 14.4 14.4 14.4 14.6 14.6 14.0909 14.1818 14.3636 14.3636 14.3636 14.6364 14.8182 14.9091 15.0 15.2727 15.2727 15.2727 15.2727 15.2727 15.3636 15.4545 15.5455 15.7273 15.8182 16.1818 16.2727 16.2727 16.2727 16.2727 16.3636 16.4545 16.5455 16.5455 16.5455 16.5455 16.6364 16.7273 16.7273 16.7273 16.7273 16.7273 16.7273 16.9091 15.9167 15.9167 15.9167 15.9167 16.0
10.2 10.0 10.5 10.6667 11.1667 11.3333 11.3333 11.8333 11.2857 11.2857 11.5714 11.5714 11.7143 11.8571 12.0 12.2857 12.2857 11.625 11.75 12.0 11.4444 11.6667 11.8889 12.1111 12.3333 12.3333 12.3333 12.3333 12.5556 12.5556 12.6667 12.8889 13.0 13.2222 13.4444 13.5556 14.0 14.1111 14.1111 14.1111 14.1111 14.1111 14.1111 14.1111 14.1111 14.2222 14.2222 14.4444 14.4444 14.5556 14.6667 14.6667 14.7778 14.8889 14.8889 15.0 15.2222 15.2222 15.2222 15.4444 15.4444 15.5556 15.5556 15.5556 15.5556 15.5556 15.6667 15.6667 15.0 15.1 15.1 15.2 15.4 15.5 15.7 15.9 15.9 15.9 16.0 16.0
10.6 10.6 10.8 10.8 11.0 11.2 11.4 11.4 11.4 11.4 11.6 11.8 11.8 12.0 12.0 12.0 12.0 12.4 12.4 12.6 12.6 12.8 13.0 13.0 13.0 13.4 13.6 13.6 14.0 14.0 14.0 14.0 14.2 14.2 14.4 14.4 14.4 14.4 14.4 14.8 15.0 15.4 15.4 15.4 15.6 14.6667 14.6667 14.8333 15.1667 15.5 15.5 15.5 16.0 16.0 16.0 16.1667 16.3333 16.3333 16.6667 16.8333 16.8333 17.0 17.0 17.0 17.1667 17.3333 17.3333 17.3333 18.1667 18.1667 18.3333 18.5 18.6667 18.6667 18.8333 18.8333 19.0 19.0 19.0 19.1667
23.0 23.2 23.6 24.4 25.2 20.1429 20.5714 20.8571 21.1429 21.8571 22.2857 21.0 21.25 21.5 20.0 20.3333 20.3333 20.7778 21.2222 21.4444 21.4444 21.6667 21.6667 21.6667 21.8889 22.3333 22.7778 22.7778 23.0 23.2222 23.5556 24.0 24.1111 24.2222 22.6 22.6 22.9 22.9 21.4545 21.5455 21.6364 21.7273 22.1818 22.3636 22.3636 22.4545 22.6364 22.7273 22.9091 23.1818 23.3636 23.3636 23.3636 23.3636 23.3636 23.5455 23.9091 23.9091 24.0 24.3636 24.4545 24.6364 24.7273 24.7273 25.0 25.0909 25.1818 25.2727 23.75 23.9167 24.0833 24.1667 24.3333 24.4167 24.5833 24.6667 24.6667 24.75 24.75 25.0
23.2 24.0 25.0 25.0 25.6 26.0 27.0 24.0 24.0 25.0 25.1667 25.5 25.8333 26.5 24.1429 24.2857 24.4286 22.75 23.25 23.375 23.375 22.2222 22.5556 22.5556 21.3 21.5 21.5 21.6 21.8 21.9 22.2 22.3 22.5 22.5 22.9 23.3 23.3 23.3 23.6 23.6 23.8 23.9 23.9 24.0 24.3 22.8182 22.9091 23.0 23.1818 23.1818 23.3636 23.5455 23.6364 23.7273 23.8182 24.0 24.0 24.0909 24.0909 24.0909 24.0909 24.3636 24.3636 24.5455 24.8182 24.8182 25.0 25.0909 25.4545 25.4545 24.3333 24.3333 24.5 24.75 24.8333 24.8333 24.8333 24.8333 25.0 25.0833
12.0 12.8 12.1667 12.3333 12.3333 12.3333 12.6667 12.6667 12.8333 13.0 13.1667 12.2857 12.2857 12.4286 12.4286 12.4286 12.8571 12.8571 12.8571 13.0 12.1111 12.2222 12.2222 12.6667 12.2 11.8182 11.8182 12.0 12.0 12.0909 11.5833 11.6667 11.8333 11.8333 11.8333 11.3846 11.5385 11.6154 11.6923 11.6923 11.6923 11.6923 11.7692 11.8462 11.8462 11.9231 11.9231 12.0 12.0 12.1538 12.1538 12.3077 12.3846 12.3846 12.3846 12.4615 12.5385 12.5385 12.2857 12.2857 12.2857 12.2857 12.2857 12.4286 12.4286 12.4286 12.4286 12.4286 12.4286 12.5 12.5 12.6429 12.7143 12.7857 12.7857 12.7857 12.3333 12.3333 12.4 12.4
11.0 11.3333 10.375 10.625 11.125 11.0 11.3333 11.5556 12.2222 11.6 11.7 11.9 12.1 12.1 12.3 12.7 12.9 13.2 13.6 13.6 14.0 14.0 14.0 14.4 13.7273 13.8182 14.0 14.0 14.1818 14.2727 14.2727 14.3636 14.3636 14.4545 14.7273 14.7273 14.8182 14.9091 14.9091 15.0909 14.25 14.3333 14.4167 14.4167 14.0 13.7143 13.7857 13.8571 13.8571 13.8571 14.0 14.0 14.0 14.0714 14.2857 14.5714 14.5714 14.7143 14.7143 14.7143 14.2 14.3333 14.4 14.5333 14.7333 14.7333 14.8667 14.9333 14.5625 14.5625 14.8125 14.9375 14.9375 14.9375 14.9375 15.0 15.0 15.0625 15.125 15.1875
16.4 17.2 17.4 15.5 16.1667 16.1667 15.1429 14.5 14.625 15.125 14.3333 14.5556 14.6667 14.8889 15.1111 15.4444 15.5556 15.7778 14.8 14.0909 14.1818 14.1818 14.1818 14.3636 14.5455 14.7273 13.9231 14.0 13.7857 13.7857 13.9286 13.9286 14.1429 14.2143 14.5 14.7143 14.9286 15.2143 15.2857 14.7333 15.0 15.2667 15.3333 15.5333 15.6667 15.6667 15.8667 16.0 16.2 16.2 16.2 16.2 15.75 15.9375 16.0 16.0625 16.1875 16.1875 16.3125 16.3125 16.5 16.5625 16.6875 16.2353 16.4706 16.5294 16.1667 16.1667 16.2222 16.2778 16.3889 16.3889 16.3889 16.4444 16.5556 16.5556 16.6667 16.8889 16.8889 17.0556
11.8 12.6 11.5 11.6667 11.8333 12.5 12.5 12.6667 12.8333 13.1667 13.1667 13.8333 13.8333 14.0 12.7143 13.1429 13.4286 13.7143 14.1429 14.2857 14.2857 15.2857 15.4286 15.7143 16.1429 16.1429 14.1111 14.2222 14.4444 14.5556 14.8889 14.8889 14.8889 15.0 15.0 15.0 15.0 15.2222 14.3 13.7273 13.7273 13.7273 13.7273 13.7273 13.8182 14.0 14.2727 14.2727 14.3636 14.4545 14.4545 14.4545 14.4545 14.9091 14.9091 15.0909 15.0909 15.1818 15.1818 15.1818 15.1818 15.1818 15.3636 15.4545 15.4545 15.5455 15.5455 15.6364 15.8182 15.9091 16.0 16.0 16.0909 16.1818 16.2727 16.2727 16.2727 16.4545 16.5455 16.5455
21.4 21.6 21.8 22.2 22.8 22.8 23.0 23.6 24.4 24.8 25.4 25.4 26.0 26.2 26.8 27.2 27.6 27.8 28.4 28.8 29.2 29.8 30.0 30.6 30.8 31.2 31.4 32.2 32.8 32.8 33.4 33.6 34.2 34.4 34.4 34.8 34.8 34.8 35.4 35.6 35.8 36.2 36.4 36.6 36.6 36.8 37.0 32.0 28.2857 28.2857 28.5714 28.8571 29.0 29.0 29.4286 29.7143 30.1429 30.2857 30.5714 30.7143 31.0 31.1429 31.2857 31.2857 31.4286 31.4286 31.7143 31.8571 32.1429 29.25 29.375 29.375 29.375 29.625 29.75 29.875 30.125 30.625 30.75 30.875
42.2 42.8 37.5 38.0 39.6667 41.1667 41.6667 41.8333 42.1667 42.6667 43.5 44.1667 44.5 45.6667 46.0 47.1667 41.8571 42.1429 42.5714 43.0 43.1429 43.7143 44.4286 45.1429 45.8571 46.1429 46.8571 47.2857 47.8571 47.8571 48.5714 48.8571 49.5714 49.7143 50.1429 50.7143 51.8571 46.375 46.625 46.75 47.125 47.75 48.125 48.625 48.75 48.875 49.125 49.375 49.875 50.5 50.75 51.0 51.375 51.75 52.0 52.25 52.625 53.0 53.25 53.625 54.25 54.5 55.25 56.5 57.125 57.375 57.625 57.75 58.0 58.375 58.5 58.75 58.875 59.25 53.5556 53.6667 53.7778 53.8889 54.5556 54.7778
35.2 35.8 36.2 37.2 38.0 38.8 39.6 40.2 40.8 41.8 42.2 43.0 43.6 44.0 44.8 45.2 45.2 45.6 47.4 48.0 49.0 49.6 50.2 51.0 51.6 52.0 52.0 52.2 53.6 53.8 54.4 54.6 54.8 55.2 55.6 55.6 55.6 56.0 56.4 57.0 57.8 58.0 58.2 58.2 58.8 59.4 60.0 60.4 61.0 61.4 61.8 61.8 62.8 63.6 63.6 63.6 64.0 64.6 64.6 64.8 65.0 65.4 66.0 66.2 67.0 67.0 67.2 67.6 67.8 68.4 68.8 69.2 69.6 69.6 69.6 69.8 70.4 71.0 71.6 71.6
15.2 15.8 16.8 17.0 17.4 17.6 17.8 18.4 18.8 19.2 19.8 19.8 20.4 20.6 21.0 21.6 21.8 22.2 22.2 22.2 22.2 22.2 22.2 22.2 22.2 22.6 22.6 22.8 23.0 23.2 23.2 23.6 23.8 24.0 24.6 25.4 25.6 26.0 26.0 26.2 26.6 26.6 26.8 27.0 27.0 27.2 27.2 27.4 27.4 27.6 27.8 28.2 28.6 29.0 29.2 29.4 29.6 29.8 30.0 30.2 31.0 31.0 31.6 31.6 32.0 32.0 28.0 28.0 25.0 25.0 25.0 25.1429 25.2857 25.8571 26.0 26.0 26.4286 24.125 24.25 24.375
13.4 13.6 13.6 14.0 14.4 14.4 14.4 14.6 14.6 15.0 15.0 15.4 15.6 15.8 16.0 16.0 16.0 14.3333 14.3333 14.5 14.5 13.5714 13.5714 13.7143 13.8571 14.0 12.875 12.875 12.875 13.0 13.25 13.625 13.75 14.0 14.0 14.125 14.375 14.5 14.625 14.625 14.75 15.0 15.0 15.0 13.8889 13.8889 14.0 14.2222 14.2222 14.3333 14.4444 14.4444 14.4444 13.9 14.0 14.1 14.1 14.1 14.1 14.1 13.6364 13.6364 13.7273 13.7273 13.7273 13.7273 13.7273 13.8182 13.8182 13.8182 14.0909 14.0909 14.1818 14.2727 14.4545 14.4545 14.4545 14.5455 14.6364 14.6364
11.2 11.4 11.8 11.0 11.5 11.8333 11.1429 11.2857 10.625 10.7778 10.7778 10.7778 10.7778 10.7778 10.8889 10.6 10.2727 10.5455 10.5455 10.7273 10.7273 10.8182 10.9091 11.0909 11.1818 11.2727 11.3636 11.7273 12.1818 12.2727 12.4545 12.4545 12.6364 12.6364 12.8182 13.3636 13.4545 13.5455 13.1667 13.25 13.5 13.5 13.6667 13.2308 13.2308 13.3077 13.4615 13.4615 13.6154 13.6923 13.7692 14.0 14.1538 14.1538 14.3077 14.3077 14.3846 14.6154 14.6154 14.6923 14.6923 14.6923 14.7692 14.8462 14.8462 14.8462 15.0769 15.0769 15.3077 15.3077 15.5385 15.6154 15.6923 15.6923 15.6923 15.6923 15.6923 15.7692 15.0 15.1429
22.8 23.2 23.4 23.8 24.8 25.2 25.6 25.8 26.8 27.2 27.6 28.2 28.8 29.2 29.4 29.6 30.0 30.4 30.8 31.4 27.1667 27.1667 27.5 28.0 28.6667 29.3333 29.6667 30.0 30.0 30.0 30.1667 30.3333 31.0 31.3333 31.6667 25.25 25.75 26.25 26.625 27.0 27.25 27.875 28.375 28.625 24.5 24.5 24.6 23.0 23.0909 23.2727 23.5455 23.7273 24.2727 24.3636 24.5455 24.7273 25.0909 25.3636 22.5385 22.6154 22.6923 22.9231 23.0 23.3846 23.3846 23.4615 22.1429 22.1429 22.4286 22.5 22.6429 22.9286 21.8667 21.8667 21.9333 21.9333 22.0667 21.25 21.3125 21.4375
33.8 30.1667 30.6667 27.5714 25.375 25.875 24.0 24.3333 24.6667 24.8889 25.3333 25.4444 25.8889 22.9091 23.2727 23.3636 23.5455 24.0 24.2727 24.5455 25.2727 25.9091 26.2727 26.5455 26.9091 27.1818 27.5455 27.9091 28.1818 28.1818 28.4545 28.8182 29.0 29.6364 30.0909 28.1667 28.5 28.75 29.25 29.4167 29.5 29.6667 29.8333 30.0 30.0833 30.4167 30.8333 31.0 31.1667 31.4167 31.75 32.3333 32.5 32.5833 32.8333 33.1667 33.1667 33.5 33.5833 34.0 34.3333 34.4167 34.4167 34.5 34.8333 35.0 35.0 35.0 35.1667 35.3333 35.5833 35.6667 36.0833 36.3333 36.3333 36.6667 36.9167 37.25 37.4167 37.5833
> n=5000 m=5 07/06/2021 11:19:40
38.4 38.8 39.8 41.0 31.7143 32.1429 32.7143 33.7143 34.4286 31.5 32.5 33.0 30.0 30.1111 30.4444 31.0 31.1111 31.6667 32.0 32.4444 33.2222 33.6667 29.0 29.1818 29.4545 29.6364 30.0 30.5455 30.7273 30.9091 31.1818 31.4545 31.5455 31.7273 31.9091 32.0909 32.2727 32.5455 32.6364 33.1818 33.4545 33.8182 34.0 34.2727 34.4545 35.0909 35.4545 35.8182 36.0909 37.0909 37.3636 37.4545 37.6364 37.8182 38.2727 38.3636 38.6364 39.0 39.2727 39.5455 39.6364 40.0909 40.4545 40.6364 40.9091 41.0909 41.3636 41.7273 42.0 42.1818 42.3636 42.6364 42.8182 42.9091 43.0 43.6364 43.6364 43.7273 43.7273 44.0
35.2 35.4 36.4 37.4 38.2 39.6 40.4 42.2 43.4 43.8 44.6 45.2 46.2 47.2 47.4 48.0 48.2 48.4 49.0 49.6 50.2 51.0 51.4 52.2 53.2 53.6 54.8 55.2 56.2 57.6 57.8 58.6 58.8 60.0 60.6 61.0 61.4 61.6 53.5 54.0 54.3333 55.1667 55.5 56.0 56.3333 56.8333 49.8571 49.8571 50.8571 51.0 51.0 51.0 51.4286 51.5714 52.1429 52.4286 52.7143 53.2857 53.7143 54.2857 54.7143 55.0 55.5714 55.7143 56.0 56.2857 57.0 57.2857 57.8571 58.1429 58.7143 59.0 59.5714 60.1429 60.2857 60.5714 60.8571 61.2857 61.4286 62.1429
30.3333 27.1429 27.2857 25.375 26.25 24.8889 25.6667 26.3333 26.7778 27.5556 27.7778 28.1111 28.8889 26.8 26.9 27.1 27.6 28.2 28.3 28.8 29.2 29.4 29.5 29.8 30.2 30.7 31.0 31.1 31.2 31.3 31.5 31.8 32.0 32.6 32.9 33.0 33.4 33.5 33.7 34.2 34.3 34.7 34.8 35.2 35.2 35.8 36.4 36.6 36.8 37.1 37.2 37.4 37.7 37.9 38.1 38.5 38.7 38.9 39.2 39.3 39.3 39.4 39.6 39.7 36.8182 34.3333 34.4167 34.4167 34.5833 34.5833 34.75 32.6154 32.7692 33.0769 33.3077 33.3077 33.5385 33.8462 34.0769 34.3846
39.6 40.2 41.6 42.4 43.6 45.4 47.2 47.8 48.8 49.4 49.4 42.5 37.5714 38.4286 39.0 39.7143 40.1429 40.1429 40.4286 40.8571 41.0 41.7143 42.0 42.4286 42.8571 43.1429 43.7143 44.1429 44.7143 44.8571 44.8571 45.4286 45.8571 46.4286 46.7143 47.0 47.7143 48.0 48.2857 48.7143 49.5714 50.0 50.4286 50.7143 51.1429 51.2857 51.7143 52.5714 53.0 53.0 53.4286 53.8571 53.8571 54.0 54.4286 54.7143 55.2857 55.4286 56.0 56.5714 57.1429 57.7143 58.0 58.2857 58.5714 59.1429 60.0 60.4286 60.5714 61.1429 61.2857 61.7143 62.2857 62.4286 62.5714 62.7143 63.2857 63.2857 63.5714 63.8571
11.0 11.0 11.2 11.6 12.2 12.8 12.1667 11.4286 11.4286 11.4286 11.5714 11.8571 11.375 11.625 11.875 12.0 12.125 12.375 12.5 12.625 12.875 13.0 13.0 13.125 13.375 12.8889 13.0 12.2 12.4 12.5 12.5 12.7 12.7 12.7 12.8 12.9 13.3 13.4 13.7 13.7 13.8 13.8 14.0 14.1 14.1 13.2727 13.2727 13.2727 13.4545 13.4545 13.5455 13.5455 13.5455 13.6364 13.6364 13.7273 13.8182 14.0 14.0909 14.0909 14.0909 14.6364 14.6364 14.7273 14.7273 14.8182 14.9091 14.9091 15.0 15.0909 15.2727 15.4545 15.4545 15.5455 15.6364 14.75 14.8333 15.0833 15.25 15.25
21.2 19.0 19.5 19.8333 18.0 18.5714 19.1429 19.5714 18.0 18.5 19.0 19.125 19.625 20.25 21.0 21.5 21.625 22.125 22.25 22.5 22.875 23.0 23.375 23.75 24.0 24.25 24.5 24.875 24.875 24.875 24.875 25.125 25.25 25.875 26.25 26.625 26.875 27.0 27.5 27.75 27.75 27.75 27.875 28.125 28.375 28.625 28.875 29.5 29.875 30.0 30.0 30.375 30.5 30.75 31.0 31.125 31.5 31.875 29.4444 29.5556 29.6667 29.6667 30.0 30.1111 30.5556 30.6667 30.6667 31.0 31.4444 31.4444 31.6667 31.8889 32.3333 32.8889 33.1111 33.2222 33.3333 33.6667 33.8889 33.8889
19.2 20.2 20.8 21.8 22.4 23.0 23.8 24.0 24.4 24.8 25.2 25.4 25.8 26.6 27.0 27.6 28.4 28.6 28.6 28.8 29.4 29.8 30.0 30.4 30.4 31.2 31.4 31.8 32.2 32.4 32.6 32.8 33.0 33.0 33.6 33.8 34.4 34.6 34.8 35.6 36.0 36.4 36.6 36.8 36.8 36.8 37.2 37.6 37.6 38.2 38.4 38.6 38.6 38.8 39.0 39.0 39.2 39.2 33.8333 34.0 34.0 34.1667 34.3333 35.1667 35.1667 35.6667 36.1667 36.3333 36.3333 36.3333 36.5 36.6667 36.6667 36.6667 37.0 37.0 37.1667 37.1667 37.5 37.6667
9.8 9.8 9.8 9.8 10.2 10.2 9.6667 9.6667 9.6667 9.6667 9.6667 9.7143 10.0 10.1429 10.2857 10.2857 10.2857 10.2857 10.2857 10.4286 10.5714 11.0 11.2857 11.2857 11.2857 11.5714 11.5714 11.5714 11.5714 11.7143 12.0 12.1429 12.2857 11.5 11.5 11.5 11.5 11.875 12.0 12.0 12.0 12.0 12.0 12.125 12.125 12.25 12.25 12.25 12.25 12.375 12.5 12.75 12.75 12.75 12.75 12.875 12.875 12.1111 12.2222 12.6667 12.7778 12.7778 12.7778 12.7778 13.0 13.1111 13.1111 13.1111 12.7 12.7 12.7 12.7 12.8 12.8 13.0 13.1 13.1 13.2 13.2 13.2
25.0 22.0 22.5 23.1667 23.5 23.8333 24.3333 24.5 24.8333 25.0 22.4286 23.1429 23.4286 24.1429 24.5714 25.0 25.5714 26.2857 26.8571 27.2857 27.5714 27.8571 25.25 25.25 23.2222 23.2222 23.4444 23.4444 23.7778 24.3333 24.5556 24.6667 24.7778 24.8889 25.1111 25.1111 25.1111 25.5556 25.8889 23.9 24.0 24.4 24.8 25.0 25.2 25.3 25.4 25.4 25.5 25.8 25.9 24.3636 23.1667 23.25 23.25 23.6667 23.9167 22.6923 21.6429 20.6667 20.8 20.8667 21.0667 21.0667 21.2 21.2667 21.4 20.625 20.6875 20.75 20.8125 20.9375 21.0 21.0 21.125 21.125 21.25 21.3125 21.3125 21.5
20.6 20.6 21.0 21.2 21.6 22.0 22.8 23.0 23.4 23.4 20.5 20.5 20.8333 21.0 21.3333 21.6667 21.6667 22.0 20.1429 20.4286 20.5714 21.0 21.4286 21.7143 22.0 22.2857 22.4286 22.4286 22.8571 23.1429 23.2857 23.4286 23.5714 23.5714 23.7143 21.625 21.875 21.875 22.125 22.125 22.5 22.625 22.875 23.0 23.125 21.5556 21.6667 21.7778 22.1111 22.1111 22.4444 22.5556 22.7778 22.8889 23.2222 23.5556 23.6667 23.8889 24.0 24.1111 24.1111 24.2222 24.3333 24.5556 24.7778 24.7778 23.0 23.2 23.7 23.9 23.9 24.1 24.1 24.2 24.3 24.5 24.5 24.5 22.9091 23.0909
11.3333 11.5 12.0 12.0 12.1667 12.3333 12.5 13.3333 13.6667 14.1667 14.1667 14.3333 14.6667 14.6667 14.6667 14.8333 13.7143 13.8571 14.4286 14.4286 14.8571 13.875 14.25 14.625 13.8889 13.8889 14.0 14.0 13.3 13.5 13.6 13.7 13.7 13.1818 13.1818 13.1818 13.1818 13.4545 13.5455 13.8182 13.8182 13.8182 13.8182 14.0 14.2727 14.3636 14.3636 14.4545 13.8333 13.9167 13.5385 13.6923 13.6923 13.8462 13.8462 13.8462 13.9231 14.0769 14.4615 14.6154 15.0 15.0 14.5714 14.5714 14.5714 14.5714 14.5714 14.7143 14.7857 14.8571 14.8571 14.9286 15.0 15.0 15.0 15.0 15.0714 15.0714 15.1429 14.6667
25.4 26.2 26.6 27.2 27.8 28.2 28.4 29.2 29.6 30.0 30.0 30.4 30.8 31.2 27.5 27.6667 27.8333 24.8571 25.2857 25.4286 25.7143 25.8571 26.1429 26.1429 26.7143 24.375 24.75 25.0 25.125 25.125 23.3333 23.7778 24.1111 24.4444 24.6667 24.8889 25.0 25.4444 25.4444 25.5556 25.6667 26.2222 26.4444 26.4444 26.6667 26.7778 27.0 27.2222 27.4444 27.6667 27.8889 27.8889 28.3333 28.5556 28.6667 29.1111 29.4444 29.7778 30.1111 30.2222 30.7778 28.6 28.7 28.7 28.8 28.9 29.0 29.1 29.3 29.7 29.8 29.8 30.0 30.3 30.3 30.4 30.6 30.6 30.6 30.8
10.2 10.2 10.2 10.2 10.4 10.6 10.6 10.6 10.3333 10.6667 10.8333 11.5 11.6667 12.0 12.0 12.5 12.6667 12.6667 12.6667 11.8571 11.8571 12.1429 12.5714 12.5714 12.7143 12.7143 12.8571 12.8571 12.8571 12.8571 13.0 13.0 13.0 12.5 12.625 12.875 13.0 13.0 13.125 13.125 12.6667 12.7778 12.3 12.4 12.4 12.4 12.5 12.6 12.6 12.6 12.7 12.7 12.9 13.0 13.0 13.1 13.2 13.2 13.2 13.4 13.4 13.4 13.4 13.4 13.5 13.6 13.7 13.7 13.7 13.9 13.9 13.9 14.0 14.0 14.0 14.1 13.5455 13.5455 13.8182 13.8182
26.0 26.8 27.0 27.2 28.4 29.2 25.8333 26.0 23.4286 23.7143 24.7143 25.1429 25.1429 25.7143 25.8571 27.0 27.0 27.1429 27.8571 28.0 25.625 25.75 23.5556 23.6667 24.0 22.6 21.2727 21.4545 21.6364 21.8182 21.9091 22.1818 22.5455 22.5455 22.5455 21.5 21.5 21.6667 21.8333 21.8333 21.9167 22.0833 22.25 22.3333 21.1538 20.0714 20.2143 20.2857 20.4286 20.5 20.7143 20.8571 20.8571 20.0667 19.3125 19.375 19.5625 19.6875 19.75 19.9375 19.9375 20.0 18.5556 18.5556 18.6111 18.7222 18.9444 19.1111 19.2222 19.2222 18.5263 17.9 17.95 18.0 18.1 18.2 18.25 18.3 18.3 18.5
22.4 23.0 23.8 21.5 22.1667 22.8333 23.3333 23.8333 24.0 24.0 24.0 24.3333 24.5 24.5 25.1667 26.0 26.1667 26.3333 26.5 27.1667 27.3333 22.125 22.375 22.5 22.625 22.75 23.25 24.0 24.25 24.625 23.0 23.7778 22.0 22.2 22.4 22.7 22.7 22.8 22.8 23.0 23.2 23.2 23.4 23.5 23.8 24.0 24.2 24.6 23.1818 22.1667 22.25 22.4167 21.1538 21.2308 20.5 20.5714 19.6667 20.0667 20.0667 20.2 20.2667 20.4 20.4 20.4 20.4 20.4667 20.6 20.7333 20.8 20.8667 20.8667 20.9333 20.0625 20.1875 20.1875 20.375 20.375 20.375 19.7647 19.3333
15.0 15.2 15.4 15.6 15.6 16.0 14.1667 14.5 14.5 14.6667 15.0 15.1667 15.3333 15.6667 15.6667 15.8333 15.8333 15.8333 16.1667 16.3333 16.6667 17.0 17.0 17.1667 17.3333 17.6667 16.2857 16.4286 16.4286 16.8571 17.0 17.0 17.1429 17.5714 17.5714 18.0 18.2857 18.5714 18.5714 18.7143 18.8571 19.0 16.4444 16.4444 16.4444 16.5556 16.7778 16.8889 17.1111 17.1111 17.3333 17.3333 17.4444 16.5 16.5 16.5 16.5 16.5 16.8 16.9 16.9 16.9 16.9 16.9 17.0 15.9091 15.9091 16.0 16.0 16.0 16.0909 16.3636 16.7273 16.7273 16.0833 16.1667 16.3333 16.3333 16.3333 16.3333
36.8 38.4 39.4 40.6 41.2 42.2 43.4 44.0 44.8 46.4 47.8 48.2 49.4 50.0 43.1667 43.5 43.8333 44.5 39.7143 40.2857 40.4286 40.7143 41.1429 41.5714 41.7143 41.8571 42.2857 42.2857 42.7143 43.1429 43.5714 44.5714 44.7143 45.4286 46.1429 46.4286 46.8571 47.1429 47.8571 48.7143 49.4286 50.4286 50.7143 50.8571 51.1429 51.2857 51.7143 51.7143 52.0 52.1429 52.5714 47.125 48.0 48.25 48.25 48.875 49.125 44.8889 45.1111 45.5556 45.7778 46.0 46.3333 46.5556 47.1111 47.2222 47.4444 47.8889 44.1 44.4 44.6 44.7 44.8 45.1 45.4 45.5 45.7 45.9 46.1 46.3
34.6 36.4 37.2 37.8 30.0 31.1429 31.4286 31.7143 33.1429 33.5714 34.0 34.2857 34.2857 34.7143 31.625 32.0 32.75 33.0 33.25 33.5 33.75 34.25 34.75 32.2222 33.0 33.2222 33.5556 30.9 31.2 31.6 32.0 30.0909 30.5455 30.6364 30.7273 30.7273 31.0 31.0909 31.1818 31.1818 29.5833 29.8333 30.0 30.25 30.3333 30.5833 30.6667 30.9167 31.1667 31.3333 31.3333 31.4167 31.5 31.8333 32.0833 32.3333 32.5 32.6667 32.75 32.8333 33.0 33.0 33.1667 33.1667 33.25 33.3333 33.6667 33.75 33.9167 33.9167 34.0 34.0833 34.3333 34.3333 34.3333 34.5 34.6667 34.8333 35.1667 33.6154
33.0 33.8 34.2 29.6667 30.1667 26.7143 24.625 25.125 25.25 23.6667 24.2222 24.5556 25.0 25.6667 26.0 26.2222 24.3 24.6 24.8 25.1 25.2 25.4 25.4 25.6 25.7 26.0 26.4 26.6 26.7 27.0 25.0909 25.2727 25.5455 25.6364 24.25 24.3333 24.5 24.5 24.9167 25.0 25.25 25.4167 25.5833 25.5833 25.9167 25.9167 26.0 26.25 24.8462 25.2308 25.3077 24.0714 24.2857 24.5714 24.7857 25.0 25.0 25.3571 25.5714 25.5714 25.7143 25.9286 26.3571 26.4286 26.5714 25.4 25.5333 25.6667 25.7333 25.8 25.8667 26.0667 26.4 25.375 25.5 25.5625 25.875 26.0625 26.0625 26.1875
7.6667 7.8333 7.8333 8.5 8.5 8.5 8.5 8.8333 8.8333 8.8333 9.0 9.6667 9.6667 9.0 9.125 9.375 9.75 9.875 9.875 10.125 10.125 10.125 10.125 10.25 10.0 10.2222 9.9 10.0 10.0 10.1 10.2 10.3 10.4 10.3636 10.3636 10.5455 10.5455 10.5455 10.6364 10.6364 10.6364 10.6364 10.6364 10.6364 10.7273 10.7273 10.3333 10.3333 10.3333 10.4167 10.4167 10.5 10.5 10.6667 10.6667 10.6667 10.6667 10.8333 10.9167 10.9167 11.0 11.0 11.5 11.75 11.8333 11.4286 11.4286 11.4286 11.7143 11.7857 11.7857 11.8571 11.6667 11.7333 11.5 11.5 11.5625 11.625 11.625 11.6875
> n=5000 m=5 07/06/2021 11:25:51
11.6 11.8 11.6667 11.8333 12.0 12.5 12.5 12.1429 11.625 11.1111 11.1111 11.1111 11.3333 11.7778 11.8889 11.3 11.0 11.0 11.0909 11.2727 11.3636 11.5455 11.5455 11.6364 11.6364 11.9091 12.0909 12.0909 12.1818 12.2727 12.2727 12.3636 12.3636 12.7273 12.8182 12.8182 12.8182 12.8182 12.9091 13.3636 13.4545 13.7273 13.7273 13.7273 13.9091 14.0 13.5 13.75 13.9167 14.0833 14.0833 14.3333 14.4167 14.5833 14.6667 14.6667 14.9167 14.3077 14.3077 14.3077 14.3077 13.9286 13.9286 14.0 14.0 14.0 14.1429 14.2143 14.3571 14.4286 14.4286 14.5 14.5714 14.6429 14.6429 14.8571 14.8571 14.9286 15.0714 14.4
28.4 25.1667 25.8333 26.1667 26.6667 27.5 28.6667 29.1667 29.6667 31.1667 31.8333 32.1667 32.5 29.1429 29.4286 30.0 27.875 28.125 28.75 28.875 29.25 29.5 29.75 29.75 29.875 30.125 30.375 31.0 31.125 31.125 31.375 31.5 32.0 32.5 32.625 32.875 33.25 33.625 34.25 34.875 35.0 35.0 35.25 35.875 36.125 36.125 36.5 36.5 36.5 36.625 36.875 37.625 38.0 38.375 38.75 39.0 39.25 39.625 39.875 39.875 39.875 40.0 40.25 40.625 41.25 41.25 41.625 41.75 42.125 42.625 43.125 43.5 43.875 44.125 44.375 44.625 44.75 40.6667 40.8889 41.1111
33.8 29.3333 30.1667 30.8333 31.5 31.8333 29.0 29.4286 29.8571 30.1429 30.7143 31.5714 31.8571 32.2857 33.2857 33.7143 34.1429 34.4286 34.7143 35.2857 35.5714 36.0 32.75 33.0 30.4444 30.5556 31.0 28.7 28.9 29.2 29.6 29.9 30.1 27.9091 28.2727 28.4545 28.6364 28.8182 28.9091 29.1818 29.8182 26.6923 26.9231 27.1538 27.3077 26.2143 26.3571 26.4286 26.7143 26.9286 27.0 27.1429 27.1429 27.2143 27.3571 27.5714 27.7143 27.9286 28.0 26.6667 26.6667 26.7333 27.0 27.0667 27.1333 27.3333 27.4 27.6 26.5625 26.6875 26.875 27.0625 27.1875 27.1875 27.4375 27.4375 27.5625 27.625 27.8125 26.4706
22.8 23.4 24.2 25.2 25.8 26.4 27.4 27.8 27.8 28.2 28.8 29.4 29.4 25.5 25.6667 26.6667 26.8333 27.1667 28.1667 28.6667 28.8333 29.1667 29.3333 29.3333 29.6667 30.5 30.8333 31.3333 31.5 28.4286 28.7143 29.2857 29.5714 29.7143 30.0 30.2857 30.4286 30.8571 31.1429 28.0 28.5 28.75 29.0 29.25 29.375 29.5 27.0 27.1111 27.3333 27.3333 27.5556 27.7778 27.8889 28.1111 28.1111 28.2222 28.4444 28.7778 28.7778 29.0 29.3333 29.4444 29.4444 29.5556 29.7778 30.2222 30.4444 30.7778 31.2222 31.4444 31.4444 31.6667 31.7778 31.8889 32.1111 32.1111 32.2222 32.4444 32.5556 32.7778
44.6 45.6 46.6 48.0 49.0 49.8 50.6 51.2 51.8 52.8 53.4 53.6 54.0 54.4 55.4 56.4 58.0 58.6 59.4 60.0 61.4 62.0 63.4 64.0 54.5 54.8333 55.1667 55.5 56.0 57.0 57.5 59.0 59.3333 60.0 60.5 53.4286 54.2857 54.8571 55.1429 55.5714 56.2857 56.4286 57.0 57.5714 58.1429 58.4286 51.875 52.625 52.875 53.375 54.0 54.375 54.75 55.0 55.0 55.375 55.625 55.625 56.125 56.25 51.0 51.3333 51.6667 52.0 52.3333 52.5556 53.2222 53.5556 53.7778 54.0 54.3333 54.3333 54.5556 54.8889 50.3 50.5 50.9 51.5 51.6 52.3
32.8 33.4 35.0 35.8 36.6 37.0 37.2 37.8 39.0 39.2 39.8 41.0 41.4 41.8 42.0 42.8 43.0 43.6 44.2 44.4 45.2 45.6 46.2 46.6 47.6 48.2 48.8 42.0 42.8333 43.1667 38.5714 39.2857 39.5714 40.1429 40.4286 40.7143 36.75 36.875 37.0 37.625 37.75 37.875 38.5 38.75 39.125 39.25 39.25 39.5 39.75 40.0 40.125 40.75 41.0 41.0 41.25 41.5 41.625 41.875 42.375 42.5 42.75 43.0 43.0 43.0 43.375 43.875 44.0 44.25 44.5 44.75 45.125 45.375 45.5 45.625 46.0 46.375 46.5 46.5 46.625 46.875
10.0 10.2 10.4 10.8 10.8 11.4 11.8 12.2 11.3333 11.6667 11.8333 11.8333 12.3333 12.3333 11.5714 12.2857 12.4286 12.8571 13.1429 12.25 12.75 12.75 12.75 13.0 12.2222 12.2222 12.2222 12.4444 12.4444 12.6667 12.4 12.6 12.6 13.0 13.1 13.2 13.2 13.4 13.1818 13.1818 13.1818 13.1818 13.2727 13.2727 12.8333 12.8333 13.0 13.0833 13.1667 13.5 13.75 13.9167 13.9167 13.9167 14.0 14.0 14.0833 14.0833 14.1667 14.25 14.3333 14.3333 14.3333 14.3333 14.3333 14.4167 14.5833 14.6667 14.8333 15.0 15.0 15.0 15.25 15.3333 15.5 15.5 15.5833 15.5833 15.6667 15.75
48.6 50.2 51.2 44.6667 45.6667 46.6667 47.8333 49.5 50.6667 51.1667 52.1667 53.6667 54.3333 55.3333 56.8333 57.0 58.3333 58.8333 59.6667 60.6667 61.6667 62.3333 64.1667 65.0 57.4286 58.7143 58.8571 59.4286 60.0 60.1429 60.5714 61.2857 62.0 62.4286 63.4286 63.5714 64.2857 64.5714 64.8571 65.1429 66.0 66.5714 67.1429 60.125 60.625 60.875 61.5 61.875 62.375 62.625 62.875 63.0 63.625 63.875 64.625 65.0 65.625 66.0 59.6667 60.2222 60.7778 61.0 61.3333 61.4444 61.8889 62.3333 62.8889 63.1111 63.2222 63.4444 63.7778 64.1111 64.2222 64.6667 65.0 65.2222 65.3333 60.0 60.5 60.8
8.8 8.1667 8.6667 8.8333 8.8333 8.8333 9.1667 9.1667 9.1667 10.0 9.5714 9.5714 9.5714 9.5714 9.5714 9.5714 9.7143 9.7143 9.7143 9.7143 9.7143 10.0 10.1429 10.1429 10.2857 10.2857 10.4286 9.875 10.25 10.75 10.75 10.875 11.25 11.25 11.375 11.375 11.5 12.0 11.3333 11.3333 11.4444 11.7778 11.7778 11.7778 11.8889 11.8889 12.0 12.0 12.0 12.1111 12.2222 12.2222 12.2222 11.2727 11.2727 11.4545 11.5455 11.25 11.3333 11.4167 11.5 11.5 11.5 11.5 11.5 11.5 11.5 11.75 11.75 11.9167 11.9167 11.9167 12.0833 12.0833 12.25 12.25 12.25 12.3333 12.3333 12.3333
16.8 17.2 17.2 17.2 17.8 18.2 18.6 19.0 19.6 20.4 20.4 20.6 20.8 20.8 21.4 21.8 22.0 22.2 22.4 23.0 23.4 24.2 24.8 24.8 25.0 25.0 25.2 25.8 26.2 26.6 26.6 26.6 26.8 26.8 26.8 27.0 27.0 27.2 27.2 27.2 27.4 27.4 27.8 27.8 27.8 28.2 28.6 28.6 28.6 29.0 29.4 29.6 29.8 30.2 30.4 30.6 30.8 31.2 31.4 31.8 31.8 31.8 32.2 32.2 32.2 32.2 32.2 32.8 32.8 32.8 33.0 33.4 33.4 33.6 33.8 34.0 34.0 34.2 34.4 34.4
25.2 21.8333 22.3333 23.0 23.5 24.0 24.0 24.0 24.1667 21.5714 20.125 18.8889 19.5556 19.7778 18.8 19.0 19.1 19.6 20.1 20.3 20.8 21.1 21.5 21.7 21.9 22.1 22.4 22.6 22.6 23.0 23.1 23.5 23.6 23.7 23.9 22.5455 23.2727 23.4545 23.5455 23.7273 24.0 24.2727 24.4545 24.6364 24.6364 23.4167 23.4167 23.5833 23.6667 24.0 24.0833 24.0833 24.0833 24.25 24.3333 24.3333 24.3333 24.6667 24.8333 24.8333 25.0 23.6923 23.7692 23.9231 24.0 24.0769 24.1538 24.1538 24.2308 24.3846 24.6923 24.9231 25.1538 25.2308 25.3077 24.0714 24.2143 24.2143 24.4286 24.5
42.8 37.3333 38.3333 38.8333 39.1667 40.1667 40.8333 41.3333 41.6667 42.8333 43.3333 43.3333 44.1667 45.0 45.6667 46.1667 47.3333 47.8333 48.5 48.6667 49.3333 49.8333 51.0 51.1667 51.6667 52.3333 52.6667 53.0 47.1429 47.5714 48.0 48.7143 44.0 44.375 45.0 45.5 46.375 46.75 47.125 48.0 48.375 49.0 49.125 40.8 41.2 41.5 41.5 41.8 42.0 42.2 42.9 43.3 43.5 43.5 43.5 43.8 44.2 44.7 44.8 44.9 44.9 45.4 46.0 46.1 46.2 46.6 46.8 47.0 47.4 47.6 47.7 47.8 48.4 48.7 48.8 48.9 49.4 49.6 49.8 50.3
16.6 16.8 16.8 15.0 15.1667 15.3333 14.4286 14.4286 14.5714 13.625 13.0 13.0 13.5 13.5 13.8 14.0 14.0 14.2 14.4 14.5 15.0 15.0 15.5 15.9 16.1 16.1 15.1818 15.3636 15.6364 15.0833 15.3333 15.4167 15.5833 15.75 15.8333 16.0 16.0833 16.25 16.6667 16.6667 16.9167 16.9167 16.0769 16.3077 16.3077 16.4615 16.5385 16.6154 16.7692 16.7692 16.8462 16.8462 16.8462 16.9231 17.1538 17.1538 17.5385 18.0 18.0769 18.0769 18.1538 18.1538 18.4615 17.5 17.5714 17.6429 17.8571 18.0 18.0 18.0 18.0 18.0714 18.4286 18.5714 18.5714 18.5714 18.7143 18.8571 18.8571 18.8571
23.2 20.8333 22.0 19.8571 19.8571 18.375 18.375 18.625 18.875 19.0 19.375 18.2222 18.3333 18.5556 18.8889 19.1111 19.5556 19.6667 20.0 19.0 19.1 19.1 19.1 19.3 18.1818 18.1818 18.1818 18.2727 18.3636 17.3333 17.5 17.5 17.5 16.9231 16.9231 17.0 17.1538 17.2308 17.3846 16.5714 16.7143 16.7857 16.8571 17.1429 17.4286 17.5 17.0667 17.3333 16.625 16.9375 17.1875 17.4375 16.7647 16.9412 17.1176 17.2353 17.2941 16.8889 17.0 17.0556 17.1111 17.2222 17.3333 17.5 17.7778 17.8333 17.8333 17.9444 17.9444 18.0 18.0556 18.2222 18.4444 18.5 17.8947 18.0 18.0526 18.0526 18.0526 17.85
39.8 41.2 41.8 43.0 43.2 44.2 38.5 39.3333 40.1667 40.8333 41.0 41.6667 42.3333 43.1667 43.5 44.5 45.0 40.0 40.1429 40.7143 41.1429 41.4286 41.8571 37.625 38.0 38.375 39.125 39.25 39.625 39.875 40.125 36.7778 37.1111 37.5556 37.8889 38.0 38.5556 39.0 39.4444 40.0 40.0 40.2222 40.3333 41.0 41.3333 41.5556 38.7 38.9 36.4545 36.9091 37.0 37.2727 37.4545 35.0 35.4167 35.6667 35.9167 36.25 36.4167 36.4167 36.5 36.9167 36.9167 37.0 37.1667 37.1667 37.1667 37.4167 37.4167 37.6667 37.75 38.0 38.0833 38.0833 38.0833 38.0833 38.4167 38.9167 36.4615 36.5385
19.4 19.8 20.6 21.2 21.2 21.2 21.6 22.0 22.4 23.2 23.2 23.4 24.4 24.8 24.8 25.0 25.2 25.4 25.4 25.4 22.8333 23.0 23.0 23.5 23.8333 24.0 24.0 24.0 24.0 24.1667 24.6667 25.0 25.0 25.3333 25.3333 25.5 26.0 26.0 26.1667 26.6667 26.8333 27.1667 27.3333 27.5 24.8571 25.0 25.2857 25.2857 25.4286 25.7143 25.8571 23.375 23.625 23.75 24.25 24.75 25.25 25.375 25.375 25.5 25.625 25.875 25.875 25.875 26.125 26.25 26.5 26.875 27.0 27.25 27.375 25.2222 25.3333 25.3333 25.3333 25.3333 25.6667 25.7778 25.7778 25.8889
16.0 16.2 16.2 17.0 17.0 17.8 18.4 18.8 19.2 19.2 19.6 20.0 21.0 22.0 19.5 19.5 19.5 19.6667 20.0 20.1667 21.1667 22.1667 22.3333 22.5 20.1429 20.2857 20.2857 20.5714 21.0 21.0 19.375 19.375 19.375 18.1111 18.1111 18.2222 18.4444 17.3 17.5 17.6 17.6 17.9 18.1 18.5 18.5 18.5 18.7 19.0 19.4 19.6 19.6 19.6 19.8 20.2 20.4 20.4 20.6 20.7 20.9 21.2 21.5 20.0909 20.2727 20.3636 20.4545 20.5455 20.6364 20.7273 20.8182 20.9091 21.1818 21.1818 21.2727 21.2727 21.2727 21.2727 21.3636 21.3636 21.3636 21.3636
12.6 12.8 13.0 13.2 13.4 13.4 13.6 13.6 13.6 13.6 13.6 13.6 14.0 14.0 12.5 12.5 12.5 12.5 12.5 12.6667 12.8333 12.8333 12.8333 12.8333 12.8333 12.8333 12.8333 13.1667 13.1667 13.1667 13.5 13.5 13.5 13.6667 13.6667 13.6667 13.8333 14.0 14.0 14.0 14.5 14.6667 14.6667 14.6667 14.6667 14.8333 15.0 15.1667 15.1667 15.1667 15.6667 15.6667 15.6667 15.6667 16.1667 16.1667 16.5 16.5 16.5 16.5 16.5 16.5 16.5 16.6667 16.8333 17.1667 17.1667 17.6667 17.8333 17.8333 17.8333 17.8333 17.8333 18.1667 18.1667 16.5714 16.5714 16.8571 17.0 17.0
11.6667 11.6667 11.0 11.0 11.0 11.0 11.4286 11.4286 11.5714 12.0 12.1429 12.4286 12.5714 12.7143 12.7143 12.8571 13.1429 13.1429 13.5714 13.5714 13.5714 13.7143 14.0 14.2857 14.4286 14.5714 14.5714 14.7143 14.8571 14.8571 14.8571 15.0 15.0 15.1429 15.4286 15.4286 14.625 14.625 14.75 14.75 14.75 14.875 14.875 15.125 15.25 15.25 15.375 15.625 16.375 16.75 16.75 16.75 17.0 17.0 17.0 17.0 17.0 17.0 17.375 17.375 17.5 17.625 17.625 17.625 17.625 17.875 18.25 18.25 18.375 18.75 18.75 18.75 18.75 18.875 18.875 18.875 18.875 18.875 18.875 18.875
46.2 48.2 49.4 50.4 52.0 52.8 53.6 54.6 55.6 56.8 57.4 58.4 59.0 60.2 61.4 63.0 64.0 65.2 66.2 67.4 67.6 68.8 70.2 71.6 71.8 72.0 72.2 72.6 73.6 74.4 75.2 76.0 77.8 78.6 79.8 80.8 81.6 82.4 82.8 71.3333 72.0 72.1667 72.8333 73.3333 74.0 74.5 74.5 74.6667 65.4286 65.8571 66.5714 67.2857 59.625 60.0 60.375 60.75 61.25 61.5 61.75 62.625 63.125 63.375 64.125 64.125 64.5 64.625 65.125 65.625 65.875 66.375 66.625 67.0 67.375 67.75 67.875 68.25 68.5 68.75 69.125 69.375
> n=5000 m=5 07/06/2021 11:36:43
42.6 37.3333 37.6667 38.1667 39.5 40.3333 40.8333 41.1667 41.8333 42.5 43.1667 43.6667 44.5 39.5714 40.1429 40.4286 41.2857 41.7143 42.4286 43.7143 44.8571 45.2857 45.5714 41.375 41.75 42.25 42.75 43.125 43.625 43.875 44.25 40.3333 41.1111 41.7778 42.2222 42.8889 43.0 43.4444 43.5556 44.0 44.2222 40.6 40.8 41.2 41.7 42.1 42.7 39.6364 39.9091 40.2727 40.5455 40.8182 40.8182 41.0909 38.6667 38.8333 39.0 39.1667 39.4167 39.5 39.9167 40.1667 40.6667 41.0833 41.1667 41.4167 38.9231 39.0 39.1538 39.2308 39.6154 39.8462 40.0 40.3077 40.6154 40.6923 40.9231 41.0 41.1538 41.3846
> n=5000 m=5 07/06/2021 11:38:34
19.0 19.6 20.0 20.0 20.6 20.8 21.4 21.4 22.2 22.2 22.8 23.4 23.4 23.6 23.8 24.4 25.0 25.4 25.8 26.0 26.6 26.8 27.2 23.8333 23.8333 24.0 24.0 24.3333 25.0 25.1667 25.1667 25.1667 25.3333 25.6667 25.6667 26.3333 26.3333 26.3333 27.0 27.0 27.1667 27.1667 27.3333 27.3333 27.5 27.5 25.0 25.0 25.0 25.1429 25.7143 26.0 26.0 26.2857 26.2857 26.4286 26.8571 27.1429 27.1429 27.4286 25.125 25.25 25.375 25.5 25.5 25.5 25.625 25.75 25.75 25.75 25.875 25.875 25.875 25.875 26.25 26.25 26.5 26.5 26.625 26.625
> n=5000 m=5 07/06/2021 11:43:37
10.8 10.8 11.4 11.6 11.8 11.0 11.0 11.3333 11.3333 11.3333 11.8333 11.8333 12.0 12.5 12.5 12.5 12.6667 12.6667 12.8333 12.8333 13.0 13.1667 12.4286 12.7143 12.0 12.25 12.25 12.25 12.5 12.75 12.875 12.875 13.0 13.0 13.375 13.375 13.375 13.375 13.5 13.75 14.125 14.25 14.375 14.375 14.5 14.5 14.625 14.625 14.875 14.875 15.0 15.0 15.5 15.5 15.5 15.5 15.625 15.75 16.0 16.375 16.5 16.5 16.875 17.0 17.0 17.0 17.375 18.0 18.125 18.375 18.375 18.375 18.375 18.375 18.5 18.75 18.75 18.75 18.75 18.75
> n=5000 m=5 07/06/2021 11:53:59
13.4 13.8 13.8 14.4 15.0 15.2 15.6 15.6 15.6 15.8 16.4 16.8 17.0 17.4 18.0 18.6 19.0 19.4 19.8 20.0 20.0 20.4 20.4 20.6 20.6 21.0 21.2 21.4 21.4 21.4 21.4 21.4 21.8 21.8 22.0 22.4 22.6 22.6 22.6 23.2 23.6 23.8 24.2 24.2 24.4 24.4 24.4 24.4 24.4 24.6 24.6 24.8 25.2 25.2 25.2 25.8 25.8 25.8 25.8 26.0 26.2 26.2 26.4 26.8 26.8 27.0 27.0 27.0 27.2 27.2 27.2 27.2 27.4 27.6 27.6 27.8 27.8 28.2 28.4 28.4
27.8 22.2857 22.7143 22.8571 23.4286 23.7143 24.1429 24.2857 24.7143 22.375 22.875 23.0 23.5 24.0 24.125 24.5 24.875 25.25 25.5 25.875 26.5 26.875 27.375 27.5 27.5 27.75 28.125 28.25 28.375 28.75 28.875 29.0 29.625 29.625 30.0 27.7778 27.7778 28.0 28.2222 28.2222 28.6667 29.0 26.7 26.9 27.4 27.5 27.8 27.8 28.2 28.2 28.5 28.7 29.0 27.0 27.0909 27.3636 27.7273 27.9091 28.1818 28.3636 28.4545 28.6364 28.9091 29.0 29.4545 29.7273 29.8182 29.8182 30.0 30.3636 30.7273 30.7273 31.0909 31.2727 31.3636 31.5455 31.9091 32.0 32.0909 32.2727
10.2 10.2 10.2 10.2 10.4 10.4 10.4 10.6 9.8333 9.2857 9.2857 9.4286 9.5714 9.8571 10.0 10.4286 9.875 9.875 10.125 10.125 10.125 10.125 10.25 9.7778 9.8889 9.8889 9.6 9.8 9.8 9.8 9.8 9.8 9.9 10.1 10.1 10.1 10.2 10.4 10.6 10.6 10.6 10.6 10.6 10.8 10.8 10.9 11.0 11.2 11.2 11.2 11.2 10.9091 11.0909 11.1818 11.2727 11.4545 11.4545 11.4545 11.4545 11.7273 11.8182 11.3333 10.9231 11.0 11.0 11.0 11.0 11.0 11.0769 11.0769 11.0714 11.1429 11.1429 11.1429 11.2143 11.2143 11.2143 11.2857 11.2857 11.3571
12.8 13.0 13.6 14.0 14.2 14.8 13.5 13.5 14.1667 14.3333 14.8333 15.0 15.1667 15.3333 15.3333 15.6667 15.6667 15.8333 15.8333 15.8333 16.0 16.0 16.1667 16.3333 16.3333 16.3333 16.3333 16.3333 16.6667 16.8333 17.0 17.0 17.1667 17.3333 17.3333 17.5 18.0 18.0 18.1667 18.5 18.8333 18.8333 19.0 19.1667 19.3333 19.3333 19.5 19.5 19.5 19.6667 20.0 20.3333 20.3333 20.3333 20.3333 20.6667 20.6667 20.8333 20.8333 20.8333 21.1667 21.1667 21.1667 21.1667 21.3333 21.6667 21.8333 21.8333 22.0 22.0 22.0 22.0 22.1667 22.5 22.8333 22.8333 22.8333 22.8333 22.8333 23.0
> n=5000 m=5 07/06/2021 11:54:40
13.6 13.6 13.8 15.0 14.3333 14.8333 15.1667 15.3333 15.3333 15.3333 15.3333 14.5714 14.7143 14.7143 13.875 14.125 14.25 14.375 14.375 14.5 14.75 14.875 14.875 15.125 15.25 15.25 15.375 15.375 15.625 15.875 16.5 15.4444 15.7778 15.7778 15.7778 16.0 16.1111 16.2222 16.2222 16.7778 16.7778 17.0 17.0 17.0 17.2222 16.1 16.2 15.3636 15.6364 15.8182 16.0909 16.1818 16.1818 16.4545 16.4545 16.4545 16.5455 16.6364 16.9091 17.0 17.0909 16.3333 16.3333 16.5 16.5833 15.9231 14.8 14.8 14.8 14.3125 14.375 14.375 14.375 14.375 14.5 14.5625 14.5625 14.75 14.75 14.75
9.6 9.6 9.6 9.6 9.8 9.8 10.0 10.0 9.6667 10.0 10.0 10.0 10.0 10.0 9.5714 9.7143 9.7143 9.7143 9.7143 9.7143 9.375 9.5 9.5 9.5 9.75 9.75 9.75 9.875 9.875 9.875 10.375 10.5 10.5 10.5 10.5 10.625 10.625 10.875 10.875 10.0 10.0 10.0 10.0 10.0 10.2 10.4 10.4 10.4 10.4 10.4 10.5 10.6 10.6 10.9 10.9 10.9 10.9 10.4545 10.5455 10.6364 10.6364 10.7273 10.7273 10.8182 10.8182 11.0 11.0 11.0909 11.1818 11.1818 11.3636 11.5455 11.5455 11.5455 11.5455 11.5455 11.5455 11.5455 11.5455 11.5455
25.2 25.4 25.8 26.0 26.2 26.2 26.8 27.4 28.0 28.0 28.2 24.8333 25.1667 25.6667 25.8333 26.5 26.6667 27.0 27.0 27.0 27.3333 27.6667 28.1667 28.5 29.1667 26.4286 26.5714 27.1429 27.5714 27.5714 27.8571 28.0 28.1429 28.4286 28.4286 29.0 29.0 29.4286 29.5714 30.0 27.375 27.625 27.625 27.75 27.875 28.125 28.25 28.375 28.375 28.375 28.5 28.625 28.75 28.875 29.125 29.25 29.375 29.5 29.5 29.625 29.875 30.125 30.25 30.375 30.5 30.625 30.875 30.875 31.0 28.1111 28.3333 28.3333 26.4 26.5 26.8 26.8 27.1 27.4 27.6 27.7
35.0 35.2 35.6 36.6 37.6 38.2 38.2 39.6 35.0 35.8333 36.8333 37.1667 37.3333 37.6667 38.1667 38.3333 34.0 34.2857 34.7143 35.2857 35.2857 35.4286 32.0 32.375 32.5 32.875 33.0 33.25 33.375 33.5 34.125 34.375 34.875 35.125 35.375 35.625 35.75 32.8889 33.5556 33.8889 34.3333 34.5556 34.5556 34.7778 34.8889 35.3333 35.7778 36.0 36.4444 36.5556 36.8889 37.0 37.6667 37.6667 37.8889 34.7 34.9 35.4 35.7 36.0 36.3 36.6 36.9 37.0 37.3 37.5 37.9 38.0 38.1 38.7 38.7 38.9 39.0 39.1 39.2 36.3636 36.3636 36.4545 33.9167 33.9167
32.8 33.0 34.4 35.8 36.4 37.0 37.2 37.6 39.2 34.5 34.6667 35.0 35.6667 36.6667 37.0 37.6667 38.0 38.8333 39.6667 40.5 40.8333 41.0 41.8333 42.0 43.1667 43.6667 44.3333 44.6667 45.1667 45.5 45.5 45.6667 46.5 46.8333 47.3333 47.3333 41.7143 42.1429 42.5714 43.0 39.0 39.375 39.75 40.0 40.25 40.625 40.875 41.25 41.75 42.125 42.25 42.375 42.75 43.0 43.0 43.25 44.125 44.125 44.5 44.875 45.25 45.25 45.625 45.75 45.875 46.0 46.625 46.625 46.75 46.875 46.875 47.125 47.125 47.375 47.625 47.75 48.0 48.25 48.625 48.875
15.8 16.0 16.2 16.2 16.6 16.6 17.4 18.0 18.2 18.6 18.6 19.0 19.2 19.4 19.4 19.4 20.2 20.6 20.6 20.6 20.6 21.2 21.6 21.8 22.4 22.6 22.8 22.8 22.8 22.8 22.8 23.0 23.2 23.2 23.2 23.2 23.6 23.8 21.0 21.3333 21.5 19.7143 19.7143 19.7143 19.8571 20.0 20.0 20.0 20.0 20.1429 20.1429 20.1429 20.1429 20.2857 20.4286 20.5714 20.7143 20.7143 19.0 19.125 19.25 19.375 19.375 19.375 19.625 19.75 19.75 20.0 20.0 20.0 20.0 20.0 17.5 17.6 17.8 17.8 18.0 18.1 18.3 18.3
32.2 33.8 34.2 34.2 35.2 35.6 36.4 37.6 38.6 39.4 40.6 40.8 41.8 42.0 42.8 43.2 43.6 44.2 45.6 46.4 47.2 47.2 47.2 40.3333 40.6667 40.8333 41.1667 41.5 37.0 37.4286 37.8571 38.0 38.1429 38.7143 38.7143 38.8571 39.5714 35.625 35.75 36.5 36.75 37.125 37.625 38.0 38.375 38.5 38.75 39.0 39.375 39.5 40.125 40.375 40.625 40.75 40.875 41.25 41.5 41.5 42.125 42.25 42.375 42.75 42.75 43.125 43.625 36.4 36.5 37.0 37.5 37.7 38.0 38.4 38.7 39.0 39.3 39.8 40.0 40.0 40.1 40.4
19.8 21.0 21.2 22.0 22.8 23.0 23.6 24.4 25.0 25.8 26.2 26.2 26.6 27.0 27.2 27.4 27.4 27.8 28.2 29.0 29.6 29.8 30.0 30.2 30.6 30.8 31.0 31.2 31.8 32.0 32.0 32.2 32.4 33.0 33.6 34.4 34.4 34.8 35.0 35.6 36.2 36.4 36.4 36.6 36.8 36.8 37.0 32.0 32.5 32.5 33.0 33.0 33.3333 33.5 33.6667 34.1667 34.1667 34.5 34.8333 34.8333 34.8333 34.8333 34.8333 35.1667 35.3333 35.5 35.8333 35.8333 36.0 36.0 36.0 36.0 36.3333 36.6667 36.6667 36.6667 37.5 37.5 37.6667 37.6667
30.5 31.1667 31.5 32.3333 33.1667 33.6667 34.5 35.1667 31.5714 28.5 28.875 29.0 29.125 29.5 30.125 27.4444 27.7778 28.3333 28.6667 29.3333 29.8889 30.1111 30.3333 31.1111 31.4444 28.9 29.0 29.3 29.6 29.6 27.7273 28.0909 26.5 26.6667 27.0 27.25 27.5 27.6667 27.8333 28.0833 28.5 28.9167 29.1667 29.3333 27.7692 27.7692 27.9231 28.1538 28.3077 28.4615 28.7692 28.7692 29.0 27.3571 27.4286 27.7857 28.0 28.1429 28.2143 28.3571 28.5 28.8571 28.9286 29.2143 29.2857 29.4286 29.5 29.6429 29.7143 28.2667 28.3333 28.4667 28.7333 28.9333 29.1333 29.2667 29.2667 27.9375 28.1875 28.4375
12.0 12.2 12.4 12.8 14.0 13.6667 14.5 14.5 14.8333 14.8333 15.1667 15.3333 15.6667 16.0 16.1667 16.1667 16.3333 16.6667 17.0 17.1667 17.1667 17.3333 17.5 18.1667 19.1667 18.1429 18.1429 18.1429 18.1429 18.1429 17.25 17.25 17.25 16.3333 16.4444 16.5556 16.8889 17.0 17.2222 17.3333 17.5556 17.6667 17.7778 18.0 16.9 16.9 16.9 16.9 17.4 17.7 17.8 17.9 18.0 18.1 18.3 18.3 18.3 18.7 18.8 19.0 19.1 19.1 19.1 19.2 19.2 19.2 19.2 19.2 19.2 19.3 19.6 19.8 19.9 20.2 20.3 20.4 20.7 20.8 20.8 21.0
16.4 16.6 16.8 16.8 17.0 15.8333 14.7143 15.4286 14.875 13.8889 13.8889 13.8889 13.4 13.5 13.6 13.8 14.0 14.3 13.8182 12.8462 13.2308 13.2308 13.3077 12.5333 12.9333 13.1333 12.8125 12.9375 13.0 13.0 13.125 13.1875 13.4375 13.5625 13.5625 13.625 13.6875 13.5294 13.6471 13.7059 13.7059 13.7647 13.8824 13.5556 13.5556 13.4737 13.6316 13.7895 13.55 13.7 13.75 13.85 14.0 14.4 14.4 14.4 14.65 14.3333 14.3333 14.381 14.6667 14.8571 14.9048 14.9524 15.0476 15.0952 15.0952 15.1429 15.3333 15.3333 15.381 15.4286 15.4762 15.619 15.6667 15.9048 15.9048 15.9524 16.0476 16.0476
42.0 38.875 39.25 39.875 40.5 41.5 41.875 42.875 44.0 44.375 45.0 45.5 41.2222 41.7778 42.5556 39.5 40.1 41.0 41.3 41.8 41.9 42.8 43.4 43.6 43.8 44.0 44.4 41.1818 41.3636 41.9091 42.8182 43.0 40.5 38.0769 38.3077 38.6154 38.9231 39.3846 39.7692 40.3077 40.7692 41.0769 41.3077 41.5385 41.6923 42.1538 42.5385 43.0 43.3846 40.8571 41.2143 41.7857 42.0 42.2143 42.5714 42.7143 43.2143 43.2857 41.1333 41.4 41.4667 41.8 41.8667 42.0 42.1333 42.3333 42.6 42.8 43.1333 43.3333 43.4 43.6 43.9333 44.2 44.5333 44.6667 44.6667 44.8667 45.1333 45.3333
8.2 7.8333 8.0 8.0 8.0 8.0 8.3333 8.6667 8.8333 8.8333 9.1667 9.3333 9.5 9.5 9.8333 10.1667 10.1667 10.6667 10.8333 11.5 11.5 11.5 11.5 11.6667 11.8333 11.1429 11.2857 11.2857 11.2857 11.4286 11.5714 11.7143 11.8571 11.8571 11.8571 11.8571 12.1429 12.2857 12.5714 12.7143 12.8571 12.8571 13.0 13.0 12.125 11.5556 11.5556 11.6667 11.6667 11.7778 11.8889 11.8889 12.1111 12.1111 12.1111 12.2222 12.4444 12.5556 12.6667 12.7778 12.3 12.3 12.5 12.5 12.6 12.6 12.7 12.8 12.9 12.9 12.9 12.9 13.0 13.1 13.2 13.3 13.3 13.3 13.3 13.4
18.6 19.0 19.2 20.4 20.8 20.8 19.1667 19.5 17.4286 18.0 18.4286 19.0 19.1429 19.7143 20.2857 20.7143 17.3333 17.5556 17.7778 16.9 16.9 16.9 16.9 17.1 17.2 17.4 17.7 17.8 18.1 18.3 18.4 18.5 17.9091 18.1818 18.3636 18.4545 18.7273 18.9091 19.0 19.0 19.0 19.0909 19.4545 19.5455 19.6364 20.1818 20.5455 19.5 19.5 19.6667 19.8333 20.0 20.0833 20.25 20.25 20.75 20.8333 20.9167 21.0833 21.1667 21.1667 21.25 21.5 21.5 21.6667 21.6667 21.6667 21.6667 21.75 22.0 20.9231 21.1538 21.2308 21.3846 21.4615 21.5385 21.7692 21.8462 20.9286 20.9286
14.0 14.4 15.0 14.3333 14.3333 15.0 15.1667 15.8333 16.5 15.1429 15.1429 15.2857 15.7143 15.8571 16.1429 16.4286 17.0 17.1429 17.5714 17.7143 17.8571 17.8571 18.2857 18.5714 18.5714 18.7143 19.2857 19.4286 19.4286 19.4286 19.8571 20.1429 20.4286 20.5714 20.8571 21.0 21.1429 21.1429 21.1429 21.1429 21.2857 21.2857 21.2857 21.4286 21.5714 21.8571 22.0 20.0 18.6667 18.8889 18.8889 19.3333 19.4444 19.5556 19.5556 18.2 17.1818 17.1818 17.5455 17.5455 17.5455 17.5455 17.5455 17.6364 17.7273 17.8182 17.8182 18.0 18.0 18.0909 18.1818 18.2727 18.2727 18.2727 18.3636 18.6364 18.8182 19.0 19.2727 19.4545
17.0 17.6 18.2 18.2 19.0 19.6 20.0 20.4 20.6 21.0 21.4 22.4 23.6 24.0 21.0 21.3333 21.8333 22.6667 22.8333 23.1667 23.3333 23.5 23.8333 24.0 24.1667 21.8571 22.1429 22.2857 22.2857 22.2857 22.7143 23.2857 21.5 21.5 21.75 21.75 21.75 22.125 22.375 22.625 22.75 22.875 23.625 23.875 22.0 22.0 22.1111 22.4444 22.6667 22.7778 22.7778 22.8889 23.0 23.2222 23.3333 23.4444 23.5556 23.6667 23.7778 24.0 24.3333 24.3333 24.5556 24.6667 24.7778 25.0 25.0 25.3333 25.6667 25.8889 25.8889 26.1111 26.2222 26.2222 26.3333 26.4444 26.5556 26.7778 26.8889 27.0
20.4 20.6 21.2 21.8 19.8333 20.0 20.5 21.1667 21.8333 19.8571 20.0 20.1429 20.1429 20.1429 20.8571 21.0 21.1429 21.1429 21.7143 22.0 22.1429 22.1429 22.7143 23.1429 23.5714 23.8571 24.1429 24.2857 22.0 22.125 22.25 20.6667 20.6667 19.5 19.8 20.0 20.1 20.3 20.3 20.5 19.0909 19.1818 19.3636 19.3636 18.3333 18.5 18.5833 18.75 19.0 19.0833 19.3333 19.3333 18.3846 18.5385 18.5385 18.1429 18.1429 18.2857 18.3571 18.5714 18.6429 18.8571 19.0714 19.2857 19.4286 17.8125 18.0 18.0625 18.25 18.3125 18.3125 18.5 18.5 18.5625 18.5625 18.625 18.75 18.875 18.9375 19.0
18.6 19.0 19.4 19.8 18.1667 18.6667 18.8333 18.8333 17.5714 17.7143 16.625 16.875 17.25 17.625 17.875 18.25 17.2222 17.3333 17.4444 17.7778 17.8889 18.1111 18.1111 19.0 19.1111 19.1111 19.3333 19.6667 19.8889 20.2222 20.4444 20.7778 20.7778 18.5455 18.5455 18.7273 18.8182 18.9091 18.9091 19.2727 19.3636 18.4167 18.5833 18.75 19.0 18.3846 18.4615 18.4615 18.4615 18.6923 18.8462 18.8462 18.9231 18.9231 19.0 19.3077 19.3846 18.6429 18.6429 18.7143 18.8571 18.3333 18.6667 18.8 18.8667 18.1875 18.375 18.4375 18.5 18.625 18.2353 18.5294 18.6471 18.2778 18.3333 18.3889 18.5556 18.6667 18.8889 18.8889
26.2 27.0 27.4 27.8 28.2 25.0 25.0 25.5 25.6667 25.8333 26.1667 26.3333 26.3333 26.8333 27.3333 27.6667 28.5 28.6667 28.8333 25.7143 26.5714 27.1429 27.7143 25.5 25.75 26.0 26.25 26.625 26.875 27.0 27.125 27.125 27.375 27.625 27.75 27.75 28.0 28.125 28.25 28.625 28.875 28.875 29.125 29.375 29.375 29.375 26.8889 27.1111 27.2222 27.4444 27.4444 27.8889 27.8889 28.2222 28.5556 28.5556 28.6667 28.7778 29.2222 29.3333 29.5556 29.6667 29.8889 30.0 30.0 27.9 28.0 28.2 28.4 28.4 28.8 28.9 29.1 29.3 29.4 29.6 29.7 29.8 29.9 30.1
30.6 31.2 31.4 32.4 33.4 34.2 35.2 35.4 36.0 36.6 38.0 38.2 33.5 34.0 34.5 34.8333 35.0 35.1667 35.6667 31.8571 31.8571 33.1429 30.375 30.75 31.25 31.625 32.125 32.5 33.125 33.5 30.8889 31.1111 31.2222 29.1 29.5 27.9091 28.2727 28.6364 28.7273 29.0 29.0 29.3636 29.7273 30.0 30.4545 30.8182 31.0909 31.2727 31.6364 31.8182 32.2727 32.2727 32.5455 32.5455 32.8182 33.0909 33.3636 33.4545 33.7273 33.8182 33.9091 34.0 34.0 34.0909 34.2727 34.4545 34.7273 34.9091 34.9091 35.0 35.2727 35.4545 35.5455 35.5455 35.7273 35.7273 35.9091 36.0909 36.3636 36.5455
