2004 5021 4982 3308 2119 1465 967 770 546 488 383 314 231 210 156 117 156 187 153 141 137 142 72 34 63 41 35 48 24 47 18 10 10 23 67 76 101 68 49 19 13 17 36 30 19 14 13 4 6 6 6 4 2 3 4 0 0 1 2 3 0 0 1 1 0 0 1 0 2 3 1 2 0 0 1 1 1 2
2013 5123 5095 3278 2103 1428 928 754 523 447 395 329 255 204 193 146 145 104 128 62 36 48 55 39 45 24 82 123 83 64 49 46 32 22 18 11 11 31 56 37 30 51 23 9 11 9 4 12 55 20 13 5 2 2 9 3 1 4 1 3 1 2 1 2 2 0 0 0 0 0 0 16 51 36 13 10 10 4 4 5 1 3 2 0 1 0 0 0 0 0 0 0 0 0 0 0 0 1 0 0 0 1 0 0 0 0 1 0 1 0 0 0 0 0 0 0 0 0 1
2027 5006 5072 3370 2197 1367 985 755 604 441 375 285 261 218 165 152 149 155 124 99 78 134 98 140 61 36 33 17 49 64 32 32 37 55 23 12 28 25 18 8 50 46 20 16 7 13 6 1 9 3 3 4 4 2 3 5 2 2 1 2 2 2 1 0 1 0 1 0 2 1 0 2 1 0 0 1 0 0 1
2011 5035 5022 3268 2111 1388 1001 878 545 444 364 310 260 203 171 195 116 99 60 68 106 136 104 69 47 49 51 42 24 15 13 21 79 54 91 57 33 55 36 24 14 9 12 8 6 4 1 3 0 1 4 1 0 2 0 3 5 52 24 49 53 24 12 7 7 8 4 7 3 2 3 1 0 4 1 0 1 1 2 0 2 1 1 0 0 0 0 0 0 1 1 0 1 0 1
1977 5030 5025 3298 2072 1421 981 795 570 444 365 287 223 267 231 188 136 165 117 118 107 88 63 81 60 48 80 82 52 59 86 49 26 15 8 15 13 31 34 16 10 5 11 6 4 4 2 33 23 13 14 6 3 47 37 13 8 7 5 3 4 2 1 3 4 1 2 0 1 0 0 2 1 0 1 0 0 0 1 0 0 0 0 0 0 0 0 0 0 1
1976 5078 4931 3257 2070 1440 1016 754 618 439 401 310 200 211 186 137 134 146 172 124 122 45 42 30 33 46 56 33 36 55 56 107 90 43 23 21 12 9 5 20 46 19 3 8 5 2 4 3 4 1 0 2 1 12 46 74 16 27 24 6 10 8 3 2 1 1 5 0 1 1 53 40 27 11 11 5 9 3 5 2 0 0 3 1 0 0 0 1 0 0 0 0 0 0 1 0 0 0 2 0 0 1 0 0 0 0 0 1 0 0 0 0 0 0 0 0 0 0 0 0 0 0 2 1 0 2 0 0 0 1
1998 4980 5032 3334 2056 1524 1005 760 662 461 367 274 260 189 192 160 124 178 162 93 63 52 51 40 27 37 62 83 74 43 50 35 19 14 27 24 22 8 35 26 17 13 11 2 5 5 40 26 46 93 36 24 8 13 8 6 7 4 4 1 3 5 2 2 0 3 1 1 1 1 0 0 2 1 0 1 0 0 0 0 0 1 1 0 0 1 0 0 0 0 0 0 0 1 1 1
2097 5053 4989 3366 2060 1408 1001 740 547 427 390 260 238 215 168 166 136 120 94 65 87 78 89 90 118 75 41 34 19 39 35 50 19 14 7 8 5 53 51 19 18 10 34 32 17 11 13 6 2 1 9 51 19 23 60 24 16 8 6 4 7 7 2 2 2 17 48 26 10 7 2 5 10 0 6 4 2 2 1 0 1 1 0 0 0 0 0 3 0 0 0 0 0 0 0 0 0 0 0 0 0 0 0 1
2040 5207 5060 3218 2124 1474 1035 695 554 466 381 270 217 226 175 128 123 97 88 98 93 45 80 87 57 48 49 80 65 68 39 26 24 36 54 39 33 30 44 36 19 13 15 3 5 4 8 6 40 25 8 35 24 17 20 7 5 6 2 3 3 1 3 3 1 2 0 0 2 0 2 1 1 0 0 1 0 0 1 0 0 1 1 0 0 1 0 0 2 0 0 0 0 0 0 0 0 0 1
1916 5068 4904 3297 2143 1338 1007 801 561 407 364 364 275 218 223 197 128 119 145 96 102 133 126 81 47 19 19 17 7 10 31 45 81 61 47 34 29 39 74 42 34 17 12 9 9 2 10 5 3 6 5 1 4 4 1 4 38 32 20 49 43 10 11 7 5 4 6 4 0 5 4 4 0 3 1 1 1 3 2 0 0 0 1 0 0 0 0 0 0 1 0 1 1 1 1 1
1970 5032 4971 3246 2179 1425 992 722 571 507 309 274 298 285 187 137 117 120 94 104 84 67 89 99 75 41 65 82 44 37 9 11 9 48 72 72 44 24 18 12 34 23 23 12 11 30 31 24 45 17 11 11 10 7 7 4 6 3 5 4 8 51 22 12 6 7 3 4 6 0 2 1 2 1 1 1 2 0 3 0 0 1 0 1 1 0 0 0 0 0 0 0 2 0 0 0 0 0 0 0 1 0 0 1 1 0 1
1970 5026 4957 3244 2114 1420 1049 761 606 457 395 322 222 233 196 124 79 108 172 142 65 88 69 48 53 61 61 35 41 60 89 100 92 53 28 11 14 69 38 19 14 15 11 9 8 4 2 1 2 4 53 56 29 21 16 16 7 5 2 3 5 4 1 1 2 1 1 1 1 0 1 0 1 0 4 4 0 0 0 1 1 1 0 0 0 0 1 1
2060 4979 4976 3265 2190 1490 1024 737 592 447 362 335 235 264 208 139 115 104 112 102 117 72 120 103 54 32 29 22 9 19 29 10 16 27 112 66 41 14 34 64 31 24 14 16 9 7 4 7 4 2 0 3 2 3 0 1 2 2 2 1 37 36 16 13 4 8 5 5 2 5 1 0 1 0 1 0 1 0 0 0 0 0 2 0 0 0 0 0 0 1 1 0 0 0 0 0 0 0 1 0 0 0 0 0 1
1930 4951 4986 3271 2137 1419 984 768 647 439 327 306 268 226 208 139 152 83 121 106 105 80 102 60 58 47 33 47 47 99 59 64 67 78 45 35 29 14 34 23 22 11 8 24 32 18 11 9 4 11 3 51 30 10 38 36 23 11 12 3 6 5 1 1 6 1 2 1 0 1 1 1 2 0 0 0 0 0 0 0 1 0 2 0 0 1 1 1 3 0 0 0 1 0 1 0 0 0 0 0 0 0 0 0 1
1982 4966 4947 3257 2121 1389 1096 816 568 429 413 342 220 180 230 183 143 187 149 99 75 65 70 47 62 40 91 51 43 53 79 76 44 15 19 18 8 44 66 23 16 27 41 25 15 10 6 2 4 2 2 4 3 18 39 23 16 5 1 2 5 4 0 1 3 2 6 0 1 1 1 0 0 0 0 0 0 3 1 1 0 0 1 0 0 0 0 0 0 0 0 1 0 2 0 0 0 0 0 0 0 0 0 1
2001 5067 4962 3380 2054 1484 1050 769 542 564 417 262 206 215 196 204 153 113 63 84 88 54 39 76 95 55 95 62 39 29 21 13 11 7 12 37 25 71 38 20 23 17 10 2 8 13 39 20 14 4 10 6 2 3 0 3 0 1 0 1 1 0 1 3 11 40 18 16 8 11 7 6 5 4 0 4 0 0 1 3 2 1 2 0 0 0 0 2 0 1 0 0 0 2 0 0 1 0 1 0 0 1
1990 5056 5085 3324 2138 1415 993 701 517 473 343 284 255 204 197 194 199 144 120 77 75 48 68 78 91 83 48 33 19 18 32 26 52 25 13 22 47 23 6 17 35 19 9 20 31 24 21 9 7 6 4 2 1 2 6 2 32 29 20 14 6 5 7 50 38 19 10 8 4 2 3 4 0 1 3 3 0 2 0 2 0 1 0 1 1 0 2 0 0 0 0 0 0 0 0 0 0 0 1 0 0 0 0 0 0 0 0 0 0 0 0 0 0 0 0 0 0 1 0 1
2079 5055 5031 3329 2139 1432 973 736 605 456 342 313 221 192 211 164 143 112 71 97 102 69 54 27 29 64 42 25 36 47 63 55 43 19 14 8 9 36 20 40 25 22 43 17 31 36 28 26 11 6 8 30 33 19 43 42 22 9 6 4 3 6 0 2 4 1 2 0 1 3 3 1 1 0 1 0 0 0 0 2 1 0 1 0 0 0 1 1 0 0 0 0 0 0 1 0 0 0 0 1 0 0 0 0 0 1
2041 4988 4968 3264 2076 1457 1064 769 568 454 321 325 223 197 183 167 140 131 131 115 89 68 63 58 35 103 76 70 65 49 32 19 18 10 46 34 36 16 31 43 45 30 12 12 53 64 32 34 11 38 34 13 13 14 4 4 4 5 2 1 5 1 2 1 0 1 3 1 2 1 1 0 0 2 3 0 1 1 1 2 0 1 0 1 0 1 0 0 1 1
1933 5023 4946 3306 2142 1410 976 781 612 464 371 348 287 224 192 167 148 132 196 86 73 51 44 42 53 48 33 40 41 61 56 103 60 30 50 44 22 18 13 4 6 6 15 35 27 11 7 6 3 4 11 46 24 11 3 4 3 4 4 3 16 43 20 13 4 5 3 6 5 2 1 3 1 1 0 0 1 2 0 3 2 0 0 0 0 0 0 2 0 0 1 0 1 0 0 0 0 0 0 0 0 0 1 0 0 0 0 0 0 0 2
1988 4981 4992 3217 2078 1474 958 783 603 502 410 306 222 239 173 215 142 135 112 132 107 99 79 80 48 54 76 75 58 57 52 23 18 79 60 44 21 14 10 9 5 4 3 4 2 2 10 30 26 7 10 8 4 3 6 1 2 1 45 37 27 13 4 4 2 2 3 1 1 0 1 1 0 1 0 0 0 1 0 0 1 0 1 0 0 0 1 0 0 0 1 0 0 0 0 0 0 0 0 0 0 0 0 0 0 0 0 0 0 0 0 0 0 0 0 0 0 0 0 0 0 0 0 0 0 0 0 1
1909 5041 4964 3269 2105 1496 984 773 577 451 385 311 220 223 197 175 149 154 86 89 127 118 51 62 107 65 62 28 41 40 51 66 27 17 4 19 64 45 21 12 8 5 86 65 36 20 16 10 2 8 7 6 1 3 38 37 22 6 14 2 3 2 1 0 4 1 0 0 0 1 2 0 0 0 0 2 1 1 0 0 0 0 2 0 1 0 0 0 0 1 0 0 0 0 1 1
2013 5164 4932 3271 2163 1383 1016 760 521 398 322 331 259 285 154 146 138 109 121 91 92 83 82 66 68 38 25 26 42 56 52 50 16 39 54 75 28 35 21 42 21 14 19 35 24 10 10 7 2 4 27 43 22 21 6 7 7 3 2 1 2 48 29 19 11 11 3 4 5 2 3 0 0 2 0 1 2 0 0 0 1 0 0 0 0 0 0 1 0 0 1 1 0 0 0 0 0 0 0 0 0 0 1 0 0 0 0 0 0 0 0 0 0 0 0 0 1 0 0 0 0 0 0 0 0 0 0 0 0 0 0 0 0 0 0 1
1986 4952 5042 3270 2122 1460 1022 719 551 453 339 286 245 198 168 172 132 102 88 104 90 112 75 76 60 45 33 28 23 56 31 42 42 41 61 63 50 83 36 21 27 31 20 19 9 8 8 3 4 10 43 25 18 10 9 27 40 19 9 5 19 46 32 12 9 8 7 4 5 1 4 1 2 1 2 1 4 1 0 0 1 0 1 0 0 1 1 1 3 0 3 0 3 0 0 0 2 0 0 0 1 0 0 0 2
2059 5001 5003 3366 2130 1425 1006 763 614 410 400 333 293 243 150 150 119 129 130 114 89 100 63 67 60 69 83 74 41 42 34 17 26 33 24 10 7 5 5 3 0 19 23 11 31 34 20 41 34 22 15 12 6 7 4 2 3 3 1 0 1 6 1 0 0 2 0 2 2 2 0 0 1 0 0 0 0 0 1 0 0 0 0 0 2 1 0 0 1 0 0 0 0 0 1
2017 5104 5028 3281 2148 1444 1053 668 543 477 371 334 242 186 222 180 224 132 81 116 49 56 48 50 61 62 51 39 44 72 44 37 19 45 30 18 13 15 37 15 12 14 42 37 38 29 14 11 6 6 8 41 24 10 12 4 9 3 6 1 3 1 1 1 3 0 2 1 0 0 0 0 0 1 0 2 0 0 0 0 0 0 0 0 0 0 0 1 1 0 0 0 0 1
2002 4878 5105 3187 2121 1440 1076 787 562 426 345 327 273 212 210 214 143 147 99 98 79 54 51 60 68 103 120 75 41 22 53 53 27 13 14 26 30 11 9 8 27 47 56 24 12 51 32 14 12 5 6 3 12 35 20 15 10 10 6 4 2 3 3 0 1 2 0 4 3 2 1 1 0 0 0 2 1 1 0 1 0 0 0 1 0 0 0 0 0 1 0 1 0 0 1
1953 5106 4926 3352 2154 1396 983 738 542 449 367 312 261 253 192 131 101 120 133 110 125 77 68 47 63 39 36 61 64 51 26 35 46 51 15 37 29 15 23 11 5 1 16 49 22 11 10 38 22 13 14 40 20 14 13 8 4 7 2 4 4 1 2 1 0 0 2 0 0 0 2 1 0 1 0 17 62 41 10 12 7 2 1 1 2 3 0 3 1 2 2 1 0 0 3 0 2 0 1 1 0 0 0 0 0 0 0 0 0 0 0 0 0 0 0 0 0 0 0 0 0 0 0 0 1 1
2040 5019 5113 3288 2187 1418 957 790 497 406 413 310 284 216 149 114 108 112 99 144 107 57 89 60 33 23 59 58 41 66 74 39 27 17 12 14 6 5 7 30 24 7 5 7 5 2 30 24 17 14 6 48 77 68 43 31 19 13 6 12 6 6 7 6 0 3 2 1 1 3 0 2 4 2 2 0 1 1 0 0 0 0 1 0 0 0 1 0 0 0 0 0 0 0 0 0 1 3 0 0 0 0 1 0 1
2010 5036 5008 3258 2138 1403 963 813 582 436 381 302 236 234 212 133 101 88 81 161 92 101 67 42 58 52 23 28 61 123 66 36 43 64 51 33 20 33 34 52 34 24 7 9 10 2 6 1 1 4 6 43 61 41 19 11 9 7 9 5 4 2 4 2 2 1 3 1 1 3 0 0 1 0 1 0 0 0 2 1 0 0 3 0 0 0 0 3 1 0 0 0 0 0 0 0 0 0 0 0 0 1 1
1965 5002 5030 3235 2093 1482 1033 812 542 470 393 247 256 196 212 152 119 93 79 93 88 88 75 49 72 59 57 63 51 33 23 32 24 42 20 13 16 58 47 25 12 10 14 4 3 2 18 37 23 15 51 33 14 6 40 32 27 22 11 7 3 3 3 4 7 54 33 24 11 8 4 1 2 6 1 1 0 2 0 1 0 0 0 0 1 1 0 1 0 1 0 0 0 0 0 0 0 0 0 0 0 0 0 0 0 0 0 1 0 0 4 1 0 1 0 0 0 1 1
1970 5054 5087 3252 2057 1359 993 754 555 443 341 338 289 250 185 181 152 126 86 113 87 47 65 85 57 39 41 53 32 74 59 52 19 56 66 61 52 19 14 9 1 3 6 3 4 2 1 4 3 1 1 16 40 21 9 5 5 4 2 6 47 22 55 44 32 19 11 11 1 4 4 5 3 4 4 1 1 1 2 0 2 2 2 2 0 0 0 1 0 0 1 3 1 0 0 0 0 0 0 0 0 0 1 0 0 0 0 0 0 0 0 1 1 0 0 0 0 0 0 0 1 2 0 0 0 0 0 0 0 0 0 0 0 1
2008 5034 4989 3255 2117 1400 1068 715 543 429 421 335 294 201 213 141 149 215 137 123 76 65 42 48 84 58 70 53 34 49 31 62 64 35 42 38 44 22 22 18 13 7 14 37 18 10 27 39 29 9 8 5 2 5 6 6 1 1 1 1 1 2 3 2 1 1 0 0 1 0 1 0 1 2 0 0 1 0 1 0 0 0 0 0 0 0 0 0 0 1
1912 5007 4872 3315 2126 1453 1012 718 569 484 386 278 341 265 177 139 125 162 95 106 102 90 75 90 69 40 94 74 59 52 38 20 10 14 8 31 20 18 11 8 38 21 13 16 7 13 106 80 40 23 36 44 28 18 8 9 4 7 4 1 2 1 1 0 2 1 0 1 0 0 0 0 0 0 2 1 0 1 0 2 0 0 0 0 0 1 1 0 0 0 2 0 0 0 0 1 0 0 0 0 0 1
2020 5153 5000 3294 2115 1425 951 717 593 425 414 317 210 230 200 125 82 117 162 121 86 116 116 77 58 38 33 38 44 54 53 53 35 18 14 4 8 23 56 74 38 21 12 5 3 2 3 1 18 35 19 25 46 31 17 11 5 5 3 4 2 1 3 4 0 2 0 2 4 2 0 1 0 0 0 1 1 1 0 1 0 0 0 0 0 0 0 0 1 0 0 0 0 0 0 0 0 0 0 2
1966 5137 5012 3325 2023 1446 995 705 561 427 420 322 211 156 154 181 112 131 146 154 101 113 73 51 52 48 40 31 15 58 48 24 31 64 48 12 17 22 41 21 14 36 13 20 15 6 3 3 2 5 2 30 69 55 28 16 8 5 35 37 23 18 13 4 8 4 2 6 6 4 2 1 3 2 0 1 1 0 0 1 0 0 0 1 0 0 0 2 0 0 0 2 0 0 1
2017 5084 5017 3297 2072 1366 1020 811 656 410 338 292 271 223 202 167 168 96 85 78 104 142 155 67 54 80 48 52 63 43 19 16 42 35 41 20 11 10 48 17 9 7 4 5 24 33 17 12 7 4 7 1 3 2 3 4 40 25 22 8 8 3 1 1 3 1 1 1 0 1 0 0 0 2 0 1 2 0 0 0 0 0 1 0 0 0 0 0 0 0 0 1
2031 5027 5063 3291 2202 1479 971 722 503 459 392 316 292 204 183 206 149 97 75 70 96 91 103 40 47 39 40 59 40 23 20 55 52 42 45 23 14 13 15 7 7 7 4 1 0 1 1 1 2 0 0 1 0 2 0 57 60 33 19 17 60 36 18 19 15 6 5 3 3 6 4 4 1 0 0 1 1 1 1 1 0 0 3 1 0 0 0 2 0 0 0 0 0 0 0 0 0 0 0 0 0 0 0 0 0 0 0 0 0 1
1863 5091 4921 3234 2039 1429 1033 776 617 498 358 373 255 227 161 130 117 153 115 148 107 81 57 73 31 44 77 53 24 51 56 50 18 46 70 31 16 15 8 15 41 30 11 9 13 6 5 5 3 6 0 1 3 23 39 17 8 4 7 34 38 22 10 5 4 5 4 3 1 3 31 38 25 27 9 8 1 6 3 3 3 1 3 2 0 2 1 2 1 2 0 0 1 1 0 2 1 0 0 0 0 0 1 2 0 0 0 0 0 0 0 0 0 0 0 0 0 0 0 0 0 0 1 0 0 0 0 0 1 0 0 0 0 0 0 2
2083 5039 5071 3239 2046 1405 960 717 561 474 376 307 169 240 211 134 191 97 98 115 72 100 66 88 66 32 59 44 37 39 28 20 37 20 21 33 12 31 29 12 66 61 33 21 13 1 4 2 6 0 2 12 36 20 12 9 14 44 28 23 9 6 5 3 4 1 6 4 0 2 0 55 31 21 14 18 5 7 4 3 3 1 3 3 0 1 0 0 0 2 0 1 0 1 0 0 0 0 0 0 0 0 0 0 0 0 0 0 0 0 0 0 0 0 0 0 0 0 0 0 0 1 0 0 0 0 0 1
2098 5088 4992 3288 2139 1487 1045 737 564 444 345 313 236 189 187 151 120 107 101 87 142 150 90 83 64 53 40 17 14 45 48 27 12 14 17 28 39 29 19 7 10 10 7 7 4 57 26 11 11 3 3 1 2 0 1 5 1 0 3 0 1 1 1 0 0 1 0 0 0 1 0 0 0 0 0 0 0 0 0 7 65 33 20 11 6 9 6 2 5 1 1 0 1 0 1 0 2 1 1 2 1 0 0 0 1 0 0 0 1 0 0 0 0 1
1988 4995 4953 3296 2121 1446 1061 813 610 460 393 276 226 198 226 121 154 134 91 73 106 88 71 32 74 79 66 54 33 27 15 69 40 17 12 13 10 33 37 36 18 9 32 36 36 37 20 45 32 23 15 8 7 11 34 27 12 11 6 4 6 1 0 3 0 2 1 2 0 1 1 0 0 0 0 0 3 1 1 0 0 2 0 1 1 1 0 0 0 0 1 2 0 0 0 0 0 0 0 1
2013 5083 4995 3237 2161 1507 1003 719 569 496 383 294 263 193 130 100 123 124 209 110 72 47 52 54 26 35 44 70 81 66 40 57 65 51 24 17 10 9 9 8 5 4 4 1 27 48 45 30 63 76 36 26 24 13 7 8 8 3 2 1 2 0 1 2 2 0 1 1 1 0 1 1 0 0 0 1 2 1 1 2 0 0 0 0 0 0 0 0 0 0 0 0 1 0 0 0 1
1981 5184 4977 3335 2175 1447 1028 731 587 449 362 311 224 198 207 181 164 125 78 36 31 32 64 61 80 115 114 72 57 74 47 38 16 13 11 8 7 9 23 34 36 24 24 40 67 28 18 13 9 9 7 4 3 3 4 1 0 0 2 1 1 1 0 1 1 1 1 3 2 1 2 0 0 0 0 0 2 0 0 0 1 0 1 0 0 1 0 2 1
1979 5080 4933 3201 2126 1368 1042 756 611 464 337 313 260 221 178 166 138 109 106 71 69 73 55 152 90 50 62 53 29 16 22 46 32 21 17 20 93 69 31 13 57 66 38 16 11 13 6 8 2 2 4 5 2 2 0 1 0 1 2 3 0 0 0 59 63 51 31 20 11 4 12 5 4 1 1 1 2 1 2 0 0 1 3 0 1 0 0 1 1 1 0 1 1 1 0 0 0 1 1 0 0 0 0 2 2 1 0 0 0 1 0 1 0 0 0 0 0 0 0 0 0 0 0 0 0 0 1 0 1
2042 5068 4949 3367 2184 1443 977 754 623 441 365 309 212 180 189 150 111 149 113 91 70 87 45 63 44 22 43 53 13 10 28 27 34 71 39 17 13 12 6 8 1 2 3 4 1 0 24 39 16 7 8 27 45 24 18 14 4 50 25 17 8 9 4 8 4 3 1 0 2 2 2 1 0 0 2 1 0 0 0 1 0 0 0 0 0 0 1 0 0 0 0 46 58 32 21 6 7 5 5 4 1 3 4 1 0 2 0 1 1 0 0 0 0 0 1 0 0 0 0 0 0 2 0 0 0 0 0 0 0 0 0 0 0 0 0 0 1
2013 5154 5121 3273 2122 1410 951 783 611 388 322 359 261 212 175 132 167 106 150 110 79 128 90 58 66 81 33 47 40 22 17 10 36 22 15 6 2 7 4 3 3 2 18 61 28 22 16 11 31 28 16 14 7 7 4 3 26 43 27 11 4 3 9 4 3 3 3 0 1 0 0 0 0 1 0 0 0 2 0 0 1 0 0 0 0 0 0 0 0 0 0 0 0 0 0 0 0 0 3
2025 5102 4924 3270 2121 1465 986 692 501 471 341 290 333 227 199 135 108 122 123 115 97 86 116 87 57 79 85 57 21 20 55 67 41 29 31 45 19 14 45 31 11 14 7 5 16 27 38 50 22 17 11 12 10 40 25 21 9 6 3 1 3 2 5 0 1 0 3 1 1 0 0 0 0 1 0 0 0 1 0 1 0 0 1 0 0 0 0 0 0 0 1 0 0 0 0 0 1 0 1 0 1
1984 4945 5054 3247 2097 1436 1026 783 555 465 379 363 286 262 174 142 168 118 127 129 95 64 41 65 41 42 59 69 59 36 13 19 24 24 21 11 19 28 17 9 9 3 10 69 45 43 44 21 20 15 5 7 3 7 7 3 1 1 0 1 2 2 0 3 1 1 0 1 0 1 0 0 0 0 0 25 71 32 9 8 6 1 4 4 1 2 3 0 1 0 3 1 0 0 0 0 0 1 1 0 0 2 1 0 0 0 0 1 0 0 1 0 0 0 0 0 0 1 0 1
1975 5019 5058 3296 2072 1456 980 762 604 507 370 271 305 279 174 194 143 95 65 84 72 151 94 91 41 32 27 52 42 35 50 21 15 29 39 47 19 8 4 7 28 19 21 5 8 5 15 59 18 11 7 9 8 3 3 0 1 0 0 1 1 3 0 0 0 0 1 0 0 1 0 0 0 0 1 0 0 0 0 0 0 0 3 68 36 25 6 11 6 0 4 6 5 3 0 3 1 2 0 0 0 1 2 3 0 0 0 0 0 0 0 0 0 0 0 1 0 0 0 0 0 1 0 0 0 1
