985 3010 3220 2146 1401 914 647 468 361 279 219 198 155 154 136 138 93 106 61 41 37 41 25 28 43 22 25 9 6 7 6 1 1 3 6 0 3 0 2 1 1 1 0 0 0 0 0 0 0 1
1043 3194 3251 2098 1387 841 656 481 371 293 242 201 159 118 123 107 88 69 52 41 56 36 16 14 15 8 7 6 11 4 2 2 3 2 1 1 0 0 1 0 0 1
977 3054 3321 2109 1305 909 685 484 399 254 246 220 133 130 158 118 90 80 55 49 37 49 35 17 21 7 13 9 8 3 10 5 1 4 2 1 0 1 1 0 0 0 0 0 0 0 0 0 1
1042 3036 3282 2225 1358 940 657 446 395 276 204 186 176 113 104 117 75 79 65 32 29 46 29 23 14 10 10 9 6 2 5 1 2 1 1 0 2 2 0 1
950 3008 3196 2077 1422 951 635 510 381 278 207 219 170 110 100 122 88 77 42 60 56 88 71 51 32 24 20 9 13 8 6 4 4 2 2 2 2 1 1 1 0 0 0 0 0 0 0 0 0 0 0 0 0 0 0 0 1
1014 3138 3340 2141 1322 894 638 490 369 280 265 191 129 118 124 113 75 47 48 42 47 44 34 19 13 17 7 13 1 5 5 4 4 4 0 0 1 2 1 0 2
1002 3015 3234 2173 1384 893 620 423 347 320 212 200 175 163 116 110 75 72 73 50 66 53 56 47 33 10 9 13 12 11 5 4 1 5 3 2 4 2 2 0 1 2 1 0 1 0 0 0 0 0 0 0 0 0 0 0 1
1042 3072 3172 2157 1416 930 612 486 388 319 224 206 192 113 90 80 103 84 54 45 28 22 40 33 12 18 14 7 7 7 5 3 6 4 2 2 3 2 1
1004 3052 3221 2211 1375 862 637 466 394 307 256 231 163 127 119 128 79 54 27 49 60 45 27 24 18 14 13 8 8 5 4 3 1 4 1 1 1 0 0 0 0 0 1 1
1059 3204 3370 2145 1393 890 623 428 321 251 208 167 164 120 94 73 65 66 76 48 56 48 36 21 12 16 11 8 4 7 2 0 4 1 4 1 1 1 2 1
949 2992 3180 2204 1373 872 663 421 353 289 261 193 133 171 144 96 55 72 122 88 75 45 41 27 15 13 33 34 19 19 5 4 7 3 5 2 6 5 2 3 0 1 3 0 1 1 0 0 0 0 0 0 0 0 0 0 0 0 0 1
938 3090 3182 2122 1329 941 669 485 389 326 274 228 167 145 88 89 84 101 90 43 33 27 20 16 18 28 27 17 4 6 4 4 5 4 2 0 0 1 3 0 0 0 1 0 0 0 0 0 0 1
1047 3051 3256 2238 1346 845 583 409 349 239 205 192 158 123 137 148 131 108 78 42 36 50 26 43 46 28 18 12 12 6 7 4 3 3 4 3 4 4 2 1 2 0 1 0 0 0 0 0 0 0 0 1
999 3111 3226 2155 1332 905 661 493 358 266 242 214 156 144 154 115 93 72 71 64 43 31 16 15 18 11 6 4 6 4 4 3 0 3 2 1 1 0 0 0 0 1 0 1
1003 3112 3253 2062 1347 907 616 457 378 265 233 198 182 167 99 93 94 126 90 65 48 21 23 13 42 29 16 10 10 11 4 4 6 2 2 1 2 2 2 0 2 3 1
1021 3051 3273 2207 1311 918 655 521 339 310 258 185 154 131 125 66 53 70 78 64 30 20 13 10 10 15 26 19 10 12 6 6 8 5 3 3 3 3 5 2 1 1
1084 3134 3344 2144 1356 890 562 432 340 302 216 168 133 152 110 138 103 85 70 30 29 58 26 20 10 12 9 7 7 8 7 4 4 2 0 1 2 0 0 0 1 1
990 3066 3220 2148 1394 882 646 508 404 309 241 186 152 101 134 85 76 56 45 42 47 44 33 21 14 15 11 18 32 22 16 8 13 8 4 3 1 1 2 1 0 0 0 0 0 0 1 1
973 3060 3136 2162 1358 880 638 463 375 336 263 187 163 185 111 90 46 88 132 67 52 27 16 20 31 36 25 19 11 11 5 6 4 3 2 4 2 2 2 0 5 2 2 0 0 1
1029 3033 3175 2159 1458 971 690 496 332 311 261 207 158 165 112 111 77 47 58 25 29 15 19 17 9 7 6 8 4 4 3 2 0 2 0 0 0 0 1
973 3127 3229 2141 1384 847 640 484 362 302 189 127 198 155 92 83 78 101 91 70 37 44 31 48 41 29 20 18 13 10 5 4 4 3 4 1 3 2 4 2 1 2 2
962 3013 3225 2020 1406 881 692 494 398 309 225 220 212 176 98 86 67 102 73 48 40 43 35 20 30 29 16 18 15 9 6 4 5 5 4 5 2 4 2 0 1 0 0 1
1061 3112 3294 2167 1334 887 629 483 380 304 261 199 170 124 110 91 88 74 37 23 25 35 45 21 12 5 3 4 4 3 5 1 1 4 1 2 0 1 0 0 0 1
1004 3050 3179 2163 1382 895 613 489 375 285 224 194 163 151 119 115 84 102 66 75 38 31 21 24 28 35 24 24 12 5 9 6 3 2 2 1 2 3 1 0 1 0 1
1050 3062 3172 2162 1398 908 658 435 308 261 216 205 179 124 120 113 121 97 59 51 54 31 29 43 38 23 15 12 6 10 11 9 3 3 1 0 4 2 0 2 2 0 0 1 2 0 0 0 0 0 1
