> n=1000 m=5 05/06/2021 16:03:51
0.9669 1.0 1.0408 1.0533 1.0508 1.0104 1.0657 1.1315 1.1903 1.2491 1.1698 1.213 1.2531 1.0825 1.0295 0.9773 0.9917 0.9263 0.7737
> n=1000 m=5 05/06/2021 16:03:55
3.8611 4.6667 5.6111 4.9184 4.2656 4.5938 4.8281 5.1094 5.2188 5.5 4.6296 3.96 3.405 3.562 2.716 2.4592 1.9492 1.9961 2.043
1.4938 1.9259 1.87 1.5208 1.4201 1.0977 0.9691 0.9363 0.9 0.8662 0.8326 0.874 0.9008 0.9298 0.896 0.7441 0.629 0.6056 0.6211
2.1224 2.125 1.9877 1.4028 1.0311 0.8997 0.8704 0.856 0.7619 0.6862 0.707 0.7259 0.6154 0.5587 0.5144 0.5036 0.4883 0.502 0.5098
1.4691 1.2314 1.4711 1.6281 1.3136 1.4024 1.1644 1.2578 1.3289 1.2305 1.2852 1.2076 1.1389 1.1698 1.0914 1.1136 1.1468 1.169 1.1884
1.7959 1.4938 1.39 1.3388 0.8844 0.6454 0.6814 0.6145 0.526 0.5521 0.5044 0.5207 0.513 0.4898 0.4987 0.4899 0.5006 0.49 0.4745
2.5556 1.35 1.3471 1.0255 1.0918 0.9648 0.8333 0.8089 0.856 0.8864 0.9418 0.905 0.9325 0.96 0.9925 0.9456 0.907 0.938 0.8247
2.1389 1.6094 1.5062 1.679 1.52 1.64 1.77 1.375 1.2781 1.0356 0.8754 0.9273 0.8889 0.8698 0.8175 0.8475 0.88 0.9 0.8413
2.4444 3.0 3.4167 3.8611 4.2778 4.3889 4.8889 3.8571 4.0612 4.2857 4.5918 3.8594 3.9844 4.0781 4.2656 4.375 4.4844 3.7654 3.8395
1.7656 1.56 1.4959 1.6694 1.8264 1.75 1.6568 1.5663 1.2969 1.3555 1.4062 1.457 1.2222 1.1385 1.1801 0.9421 0.9628 0.9187 0.7648
1.1235 1.358 1.5062 1.2397 1.2014 1.1538 1.0867 1.04 0.9688 1.0156 0.9516 0.9896 1.0208 1.0381 0.8275 0.875 0.8186 0.7769 0.7372
> n=1000 m=5 05/06/2021 16:04:11
2.449 1.58 1.79 1.2663 1.2704 1.0938 1.045 0.9169 0.8163 0.6416 0.5898 0.6187 0.602 0.5886 0.5463 0.563 0.5869 0.5418 0.532
> n=1000 m=5 05/06/2021 16:17:47
3.4 1.8281 2.1719 1.62 1.77 1.4097 1.3018 1.3728 1.4734 1.1778 1.0035 1.0623 1.1246 1.1522 1.1903 1.2388 1.1574 1.1944 1.2222
3.76 2.125 1.62 1.81 1.7273 1.3964 1.2908 1.2178 1.2844 1.1003 1.1522 1.0741 1.1358 1.179 1.213 1.2623 1.1801 1.2244 1.145
1.0247 0.9091 0.9097 1.0208 1.1528 1.0651 1.1302 1.0663 1.1224 0.8374 0.8893 0.917 0.8796 0.6591 0.6276 0.5325 0.5103 0.5013 0.5153
1.2656 1.21 1.2479 1.2292 0.8398 0.8062 0.7119 0.695 0.6848 0.5851 0.5311 0.524 0.4756 0.4412 0.4385 0.4092 0.4239 0.3997 0.3901
1.375 1.75 1.6914 1.6 1.5455 1.6529 1.0267 0.9805 1.0273 0.8061 0.7775 0.8125 0.7732 0.6919 0.7164 0.7335 0.6962 0.7188 0.7396
1.0123 1.284 1.0579 0.8214 0.7956 0.8756 0.875 0.9336 0.9688 0.8302 0.8033 0.831 0.795 0.7687 0.78 0.7982 0.6938 0.7013 0.7202
2.9722 2.8367 2.6719 1.6942 1.8926 1.9917 1.5858 1.1875 1.034 0.91 0.965 0.985 1.015 1.0475 1.0775 0.938 0.9649 0.9263 0.8819
2.2245 1.8148 1.78 1.95 1.4083 1.5325 1.4133 1.3111 1.2617 1.2969 1.3594 1.4336 1.3356 1.3841 1.4291 1.4706 1.5225 1.564 1.5986
1.9796 1.6543 1.3636 1.4876 1.6694 1.7521 1.6319 1.7083 1.7986 1.8542 1.6864 1.7929 1.6327 1.6837 1.7551 1.8316 1.4844 1.2253 1.1468
3.64 1.6914 1.62 1.4959 1.6694 1.5417 1.4438 1.3622 1.4235 1.4898 1.3644 1.4133 1.4578 1.3398 1.2284 1.2664 1.3045 1.213 1.2469
> n=1000 m=5 05/06/2021 19:58:29
1.5469 0.9053 0.9388 0.8633 0.7901 0.6712 0.6632 0.6024 0.6 0.5583 0.5885 0.5791 0.5378 0.5297 0.5166 0.5303 0.5459 0.5289 0.4699
0.9339 0.9236 0.9053 1.0118 0.9796 1.0561 0.9867 0.9414 1.0039 1.0664 1.0104 0.8753 0.83 0.865 0.8975 0.92 0.935 0.8776 0.8182
2.8056 2.2969 2.0988 2.06 1.9008 1.5621 1.6686 1.25 1.3164 1.263 1.1821 1.2099 1.2623 1.2932 1.3426 1.2548 1.2936 1.3296 1.3712
1.6296 1.66 2.0 1.876 1.7083 1.4031 1.3111 1.4044 1.4844 1.2491 1.0914 1.133 0.9932 0.9421 0.9669 0.8524 0.8854 0.9132 0.9236
2.1633 1.7037 2.0 2.1975 2.3951 2.11 2.21 2.0083 1.574 1.6213 1.6982 1.5969 1.6633 1.7347 1.7959 1.8418 1.6978 1.5508 1.6016
1.2031 1.09 1.31 1.2397 1.1597 1.1183 1.0765 0.9062 0.9531 0.9066 0.73 0.5312 0.4842 0.5007 0.5213 0.5336 0.514 0.4923 0.4547
2.1667 1.3704 1.31 1.0764 1.0059 1.0947 1.2012 1.2899 1.08 1.0117 1.0586 0.9896 0.9321 0.9506 0.9784 0.9169 0.8575 0.8141 0.7686
2.88 1.5781 1.5185 1.44 1.2975 1.3719 1.4463 1.5455 1.213 1.1173 1.199 0.9805 1.0117 1.043 1.0742 1.1016 1.1484 1.1875 1.2227
2.1389 1.6094 1.23 0.9112 0.9082 0.8756 0.8555 0.8443 0.7368 0.7175 0.7375 0.6068 0.6219 0.6465 0.576 0.5936 0.5666 0.5501 0.5293
1.3878 1.2716 1.0826 1.0347 0.9882 0.949 0.9949 1.0612 0.9867 0.9062 0.8651 0.8302 0.795 0.7675 0.7975 0.6522 0.6267 0.5577 0.5364
> n=1000 m=5 05/06/2021 20:00:05
1.3906 1.23 1.2231 1.1667 1.1598 1.0765 1.0089 1.0978 0.9343 0.9105 0.8587 0.8892 0.9141 0.9335 0.9695 0.925 0.8866 0.9116 0.941
2.2449 1.53 1.5041 1.6446 1.3609 1.4734 1.3316 1.2444 1.3111 1.2188 0.9252 0.8095 0.839 0.8776 0.9116 0.8802 0.8988 0.8582 0.7086
3.4167 3.1429 1.91 1.3669 1.3112 1.168 1.128 1.1765 1.1111 1.0582 1.0125 0.8147 0.845 0.8809 0.9112 0.9395 0.9097 0.9323 0.9549
2.4444 3.1111 1.8025 1.83 1.284 0.9766 0.9343 0.9043 0.8809 0.8525 0.8299 0.8617 0.8889 0.843 0.7977 0.7743 0.8073 0.7728 0.8
2.0204 1.6543 1.3719 0.9796 0.8555 0.9492 1.0 1.082 1.1445 1.083 0.9446 0.9025 0.8594 0.8844 0.9048 0.8595 0.8905 0.9194 0.9421
3.0278 3.1224 3.5306 3.8571 4.2245 4.5918 4.9184 4.0156 2.8 2.5207 2.2639 2.3611 2.4306 2.4931 2.5347 2.6042 2.7083 2.7847 2.8681
3.36 2.8611 1.33 1.47 1.2083 1.3125 1.4167 1.1939 1.12 1.043 0.9965 1.0277 1.0588 0.9938 0.7914 0.7665 0.7278 0.6962 0.6688
1.7755 1.5062 1.2314 1.1944 1.0255 1.0267 1.0978 1.1867 1.0 0.8726 0.8275 0.7891 0.8186 0.6858 0.6576 0.5967 0.6132 0.6351 0.6516
1.5714 1.3086 1.31 1.1319 1.2986 1.1071 1.0267 1.08 1.1156 1.0391 0.9965 0.9506 0.8975 0.8525 0.8163 0.8299 0.7893 0.741 0.7101
1.5102 1.3906 1.3704 1.3 1.1736 1.2975 1.0592 1.1124 1.0204 0.9644 0.9062 0.8512 0.8927 0.8997 0.9239 0.8549 0.8981 0.9383 0.8075
> n=1000 m=5 05/06/2021 20:01:05
1.3457 1.5432 1.48 1.2569 1.2485 1.1888 0.9308 0.8827 0.8587 0.7664 0.7417 0.608 0.6006 0.6139 0.6331 0.5791 0.5867 0.6008 0.6135
1.4531 1.8594 2.2656 2.5156 2.7969 2.05 2.19 1.9587 1.5562 1.2711 0.9846 1.0123 0.9584 0.9861 0.8458 0.758 0.6768 0.6912 0.62
1.7969 1.59 1.3194 0.9102 0.917 0.8089 0.8025 0.855 0.7221 0.7083 0.7465 0.7743 0.7882 0.8142 0.784 0.7515 0.7284 0.7517 0.727
1.037 1.06 1.0331 0.8876 0.8776 0.84 0.8203 0.7958 0.8443 0.7932 0.8395 0.8704 0.8283 0.8504 0.8075 0.7596 0.7868 0.7479 0.7032
3.0278 2.7755 1.7 1.2308 1.0533 0.917 0.9758 0.8532 0.8225 0.7252 0.7541 0.781 0.7524 0.7732 0.7378 0.7136 0.6908 0.716 0.6454
2.8 2.3333 2.6667 3.1667 2.5918 1.8025 1.9383 1.77 1.6281 1.6942 1.7851 1.9256 1.4793 1.1911 1.0898 1.0138 1.0727 1.1003 1.1073
1.7407 1.3194 1.04 0.72 0.7324 0.6233 0.6144 0.6065 0.6361 0.6379 0.5633 0.5254 0.4669 0.4576 0.4722 0.4617 0.4188 0.3997 0.411
3.08 3.68 3.0 3.2778 3.5278 3.0 2.5781 1.6033 1.6777 1.7438 1.8182 1.6111 1.6736 1.7222 1.7778 1.875 1.6686 1.716 1.5306
2.3469 2.3594 1.562 1.7107 1.6042 1.7222 1.8611 1.5051 1.5816 1.4444 1.2145 1.0332 0.995 1.0425 1.0875 1.125 0.9835 1.0124 0.9584
2.2245 1.7407 1.9753 2.1728 2.3457 1.4931 1.5833 1.6944 1.8403 1.6746 1.5153 1.5612 1.6122 1.4711 1.5156 1.5422 1.5689 1.4336 1.4609
> n=1000 m=5 05/06/2021 20:03:23
2.1111 1.3086 1.31 1.43 1.1597 1.2569 1.3403 1.2663 0.957 0.9066 0.9446 0.9654 0.9931 0.8393 0.8781 0.9141 0.7959 0.8299 0.8617
1.6531 1.4074 1.4 1.3223 1.2292 0.92 0.9644 1.0222 1.0756 1.1289 1.0547 1.1133 1.1797 1.2305 1.2656 1.2969 1.0926 0.935 0.9525
4.125 4.9375 3.96 4.6 2.8776 1.963 2.0864 1.81 1.6198 1.6694 1.7438 1.5903 1.6458 1.6875 1.7431 1.7917 1.6095 1.6509 1.4796
1.8163 1.8594 1.46 1.62 1.77 1.2485 1.3077 1.2449 1.1422 1.1822 1.1133 1.168 1.2188 1.1384 1.1626 1.1111 1.1481 0.9775 0.8471
2.3265 1.53 1.5041 1.4514 1.5833 1.7014 1.8472 1.6805 1.2461 1.3516 1.418 1.1759 1.2099 1.1385 1.1717 1.2022 1.241 1.17 1.2125
> n=1000 m=5 05/06/2021 20:04:57
2.25 1.3958 1.2806 1.2933 1.2891 1.4062 1.3218 1.2747 1.205 1.2632 1.313 1.1519 1.1882 1.0529 1.0832 1.033 1.0677 1.0192 1.0464
2.0625 2.0 2.01 2.28 1.574 1.4388 1.4044 1.2042 1.301 1.3391 1.2654 1.1856 1.1375 1.19 1.2425 1.28 1.3075 1.2177 1.2494
1.5 1.5556 1.3554 1.3542 1.4792 1.0622 1.1333 0.9758 0.9537 0.9003 0.9363 0.8299 0.8639 0.7543 0.7675 0.7845 0.8015 0.7569 0.7743
2.0278 2.6111 2.2857 1.6296 1.2562 1.3636 1.4959 1.5785 1.4583 1.5069 1.3846 1.4438 1.5148 1.1016 1.0381 1.0519 1.0796 0.9938 0.9391
3.0816 2.9844 2.8272 2.58 2.0 1.8817 1.9941 1.8622 1.7422 1.8133 1.4913 1.5779 1.6125 1.3546 1.4072 1.3225 1.1529 1.0174 0.9664
> n=1000 m=5 05/06/2021 20:06:47
2.1944 1.2963 1.1405 0.707 0.5873 0.6025 0.5496 0.5017 0.5347 0.5503 0.5059 0.5251 0.5158 0.535 0.5542 0.5395 0.5268 0.4828 0.4964
3.04 1.6875 1.5309 0.9408 0.8044 0.7656 0.542 0.4635 0.4844 0.48 0.4749 0.5015 0.5148 0.4993 0.5103 0.5281 0.5418 0.523 0.5395
3.0278 2.2344 2.2099 2.08 1.8678 1.9669 1.3827 1.2933 1.3778 1.4311 1.3164 1.3633 1.4062 1.4453 1.3287 1.2377 1.2593 1.1801 1.2022
1.7656 1.8519 1.79 2.07 2.22 2.0331 2.1322 2.2066 1.9861 1.5816 1.6786 1.52 1.5511 1.5956 1.6489 1.6978 1.7378 1.7867 1.625
3.125 2.1389 1.8367 1.6562 1.8125 1.9688 2.1562 2.2812 1.9383 1.9877 2.0123 1.76 1.8 1.5785 1.6694 1.7355 1.5278 1.5694 1.625
> n=1000 m=5 05/06/2021 20:08:18
2.8 2.5556 3.0278 3.3889 3.6389 3.9167 4.0556 3.2857 2.7812 2.3704 2.4691 2.5556 2.6667 2.7531 2.8025 2.37 2.45 2.5 2.61
2.1224 1.43 1.61 1.86 1.719 1.8595 1.9917 2.0992 2.2231 2.3058 2.0625 2.1181 1.8994 1.9645 2.0178 2.0947 2.1716 2.2308 2.2959
1.7778 2.1944 2.2778 2.6389 2.8889 3.1944 3.5 2.8163 2.9592 2.0123 1.76 1.82 1.3542 1.3958 1.4236 1.2663 1.1531 1.1735 1.2143
1.0083 1.0556 1.0828 0.9644 1.0444 1.1111 1.1778 1.045 1.09 1.037 0.905 0.9375 0.7618 0.68 0.704 0.736 0.6584 0.6804 0.6124
1.8776 1.1322 0.9763 0.949 0.8398 0.827 0.7963 0.8364 0.8089 0.77 0.7347 0.7025 0.625 0.6441 0.6272 0.5976 0.6257 0.6022 0.6118
> n=1000 m=5 05/06/2021 20:19:51
3.48 3.0 1.716 1.8889 2.1358 2.3951 1.8264 1.6458 1.3214 1.2044 1.2489 1.3111 1.25 1.293 1.3398 1.218 1.1389 1.1698 1.0831
1.8367 2.3673 1.3058 1.1657 0.827 0.7396 0.7895 0.765 0.7642 0.69 0.6753 0.6448 0.6243 0.6049 0.6214 0.6033 0.6186 0.6029 0.5789
5.9375 4.96 4.1667 3.5918 3.9592 4.2653 4.551 4.7143 5.0 5.1429 5.2857 5.5102 3.5926 3.0 3.11 3.15 3.25 2.7851 2.8678
1.2653 1.5102 1.1728 1.4074 1.5062 1.5926 1.716 1.2975 1.1597 1.2361 1.1124 1.142 0.9289 0.9689 0.8984 0.827 0.784 0.7368 0.6925
2.8571 3.6735 2.642 2.47 2.2479 1.602 1.4933 1.6 1.3356 1.391 1.0975 1.155 1.093 1.0372 0.9792 1.0189 0.9792 1.0174 1.0417
> n=1000 m=5 05/06/2021 20:22:08
1.8281 2.1875 2.5156 2.2469 1.4514 1.3432 1.2959 1.0977 1.1562 1.1176 1.1765 1.2249 1.2837 1.2006 1.04 0.9705 0.9977 0.9442 0.8351
2.88 2.6944 3.0833 2.5714 1.9012 1.9753 2.1111 2.1852 2.284 2.4198 2.4938 2.5556 2.6296 2.7531 2.7901 2.8765 2.9753 3.1111 3.1728
1.7778 2.1975 2.5926 2.9753 2.68 2.3554 2.1597 1.7551 1.6356 1.5352 1.6445 1.707 1.5986 1.6678 1.7232 1.5864 1.4848 1.2653 1.2834
1.5833 1.6735 1.5312 1.7188 1.875 2.0781 1.2975 1.0592 0.9796 1.0561 1.1173 0.8581 0.7932 0.7452 0.7 0.6599 0.6219 0.566 0.4801
2.3611 1.8281 1.47 1.6 1.5124 1.4306 1.3254 1.426 1.503 1.574 1.2933 1.0692 0.825 0.845 0.86 0.885 0.9125 0.9325 0.96
> n=1000 m=5 05/06/2021 20:26:08
1.4531 1.25 0.9408 0.8356 0.9378 1.0 0.7994 0.8457 0.8951 0.9259 0.9691 0.9058 0.8575 0.8299 0.8413 0.8844 0.6784 0.6944 0.6686
1.5781 2.0938 1.6 1.5041 1.4097 1.3373 1.4556 1.3724 1.1133 1.1953 1.25 1.0586 1.1111 1.0471 0.995 0.9478 0.9091 0.8601 0.8108
1.04 1.0496 0.8214 0.7734 0.8477 0.9023 0.6775 0.7175 0.755 0.7825 0.7596 0.7211 0.7541 0.7851 0.8161 0.7788 0.7958 0.8242 0.6879
2.6667 1.9219 2.2812 1.4876 1.4028 1.4653 1.5208 1.3964 1.4852 1.5503 1.1289 1.0519 1.0934 0.9612 0.8186 0.781 0.6496 0.6704 0.645
2.7778 2.5714 3.0204 3.5102 3.8571 4.1224 2.7531 2.8642 3.0247 3.1975 3.284 3.4321 3.5062 3.6667 3.14 3.27 3.37 2.876 2.9669
> n=1000 m=5 05/06/2021 20:37:22
2.898 2.284 1.8512 1.7014 1.9167 1.8166 1.7449 1.4336 1.2284 1.1856 1.1275 1.0703 0.9527 0.9811 1.0208 1.0529 1.0813 1.104 1.1285
> n=1000 m=5 05/06/2021 20:37:40
1.4219 1.6875 1.6543 1.3388 1.3194 1.2189 1.3018 0.9766 1.0195 1.0508 0.9012 0.8643 0.903 0.9197 0.75 0.724 0.6875 0.7083 0.6752
1.9444 2.2222 1.6562 1.5062 1.43 1.5 1.3636 1.438 1.2986 1.3889 1.2544 1.1582 1.1939 1.2806 1.3316 1.3929 1.4286 1.4592 1.4898
1.1358 1.0744 1.0833 1.0533 0.8622 0.8438 0.63 0.6525 0.6327 0.6689 0.6446 0.6777 0.5792 0.5562 0.574 0.5583 0.5125 0.4989 0.52
1.2963 1.5679 1.8765 1.76 1.2189 1.0222 0.9688 0.917 1.0069 1.0727 1.1211 1.0586 1.0957 1.0332 0.8821 0.7769 0.7483 0.7184 0.7376
2.9796 2.358 2.6914 1.5621 1.1602 1.2344 1.1557 1.2042 0.8844 0.932 0.9683 0.9277 0.9587 0.9938 1.0248 0.8464 0.8768 0.896 0.9184
1.4531 1.0744 1.0625 1.1458 0.9541 1.0306 1.0 1.0533 1.1333 1.1778 1.2311 1.2978 1.3467 1.3556 1.4 1.4489 1.4933 1.3867 1.4102
2.6531 0.9949 0.9141 0.8333 0.712 0.771 0.8163 0.7278 0.7083 0.6173 0.5367 0.56 0.5844 0.542 0.5354 0.4996 0.5118 0.5015 0.4945
1.3438 1.5062 1.43 1.3636 1.562 1.6612 1.7107 1.8182 1.9587 1.568 1.449 1.4898 1.2266 1.0463 1.0741 1.0111 1.0332 0.9675 0.907
2.3061 2.8571 2.625 1.93 1.5625 1.4497 1.5266 1.5799 1.6272 1.5357 1.602 1.4889 1.3594 1.1296 1.1759 1.1944 1.1219 1.045 1.0725
1.7143 1.3951 1.157 1.3388 1.2569 1.3681 1.4444 1.1633 1.08 0.9308 0.9896 1.0415 1.083 1.0185 1.0525 1.0802 1.1049 1.0332 0.9725
1.5469 1.1074 1.2975 1.0102 0.9467 0.7778 0.7839 0.755 0.6484 0.6354 0.624 0.5947 0.5446 0.5363 0.5256 0.5088 0.4674 0.4839 0.4171
3.0278 2.3125 2.1728 2.04 1.6319 1.7708 1.6746 1.5408 1.4133 1.3281 1.3789 1.301 1.005 1.04 1.07 1.12 1.1575 0.9917 1.0227
1.8367 2.3673 1.7037 1.3388 1.2569 1.4236 1.5139 1.5903 1.6875 1.3673 1.2622 1.1641 1.0865 1.1176 1.1419 1.1834 1.2249 1.2595 1.2768
1.8281 1.57 1.8 1.4861 1.4083 1.2044 0.9198 0.9058 0.8277 0.8662 0.8306 0.7448 0.6627 0.6953 0.6365 0.6531 0.6747 0.6528 0.6322
1.8889 2.1944 1.6094 1.4321 1.6667 1.51 1.65 1.4793 1.5207 1.6281 1.4792 1.5069 1.5694 1.6319 1.6875 1.7431 1.568 1.6213 1.6686
1.625 1.2231 1.405 1.1834 1.3136 1.2602 1.3316 1.1406 1.2422 1.3047 1.2111 1.1327 1.0499 0.9975 0.932 0.876 0.9029 0.8526 0.879
1.0494 1.15 1.4 1.3554 1.4545 1.1834 1.2367 1.3254 1.0844 1.0273 1.0586 0.9931 1.0277 1.0519 0.9877 1.034 0.9612 0.905 0.9225
1.1481 0.9752 0.8935 0.8724 0.7969 0.7253 0.6525 0.6327 0.6599 0.6916 0.737 0.6111 0.5904 0.571 0.523 0.5281 0.4822 0.4672 0.4521
1.2231 1.3333 1.1939 0.9273 0.8283 0.771 0.7583 0.6496 0.6405 0.6775 0.713 0.7411 0.7707 0.7545 0.7347 0.7551 0.7313 0.6681 0.6816
1.0617 1.12 0.9583 1.0556 1.1875 1.1243 1.0714 1.1071 1.0444 0.9766 0.91 0.955 0.9758 1.0208 0.9722 0.9197 0.9501 0.9778 1.0055
1.5 0.7438 0.716 0.8166 0.8817 0.9231 0.7148 0.6358 0.6574 0.5875 0.5714 0.5964 0.5388 0.5558 0.5803 0.5608 0.5015 0.5089 0.5222
2.6122 2.5938 2.3951 2.6667 2.0331 1.6391 1.7278 1.602 1.699 1.5644 1.4727 1.2284 1.287 1.1967 1.2438 1.0748 0.9376 0.8906 0.9167
1.2593 1.32 1.1528 0.88 0.96 0.8408 0.8086 0.7325 0.8 0.6635 0.6016 0.5902 0.5446 0.5268 0.5422 0.4736 0.4377 0.4253 0.4003
7.1111 5.3125 6.25 6.9375 7.75 5.52 6.16 6.32 4.8056 5.1111 5.5278 3.5 3.5781 3.7344 3.0864 3.1358 3.1605 3.2469 2.71
0.9506 0.7778 0.6622 0.5986 0.654 0.7128 0.679 0.6593 0.6842 0.6625 0.5868 0.6054 0.586 0.5677 0.5799 0.6007 0.6198 0.5888 0.6064
