447 1060 1000 670 415 300 202 186 117 94 76 59 38 50 44 45 40 17 8 12 3 6 2 10 20 13 28 10 7 7 2 4 0 0 1 0 1 1 0 3 1 1 0 0 0 0 0 1
414 1027 1002 658 402 249 196 177 146 121 95 64 55 34 39 45 32 34 24 18 9 7 26 15 5 3 6 1 3 2 3 2 0 2 0 0 0 0 19 20 14 3 2 4 5 3 2 0 2 0 0 2 3 0 2 1 2 0 0 0 0 0 0 0 0 0 0 1
410 1015 1000 714 462 293 181 114 109 115 70 49 65 76 40 20 8 8 17 16 7 26 56 36 28 19 10 5 5 5 3 4 4 3 0 1 0 0 0 0 1 3 1 0 1 1
411 994 1030 630 444 278 179 190 118 67 69 78 60 43 61 51 23 31 45 36 11 8 4 7 6 23 15 3 1 13 32 12 9 2 4 0 5 2 1 1 0 0 1 1 0 0 0 1 0 0 0 0 0 0 0 0 0 0 1
402 1101 1014 610 431 278 188 142 119 88 56 58 49 39 39 24 19 32 23 16 21 11 20 15 8 37 20 6 9 2 2 1 3 1 1 2 2 0 1 1 1 1 0 0 23 41 17 8 5 3 1 1 2 2 0 0 1 3 0 0 1
426 992 988 678 484 289 205 167 127 81 61 79 58 42 52 22 17 18 17 27 49 43 17 19 14 6 6 2 4 2 2 1 0 1 0 0 1 2 2
428 1104 1039 660 407 282 217 118 112 112 89 40 26 18 26 46 52 35 44 26 13 5 8 9 4 1 5 1 2 2 3 22 12 10 8 3 2 2 0 1 0 0 0 0 1 2 2 1 1
425 1014 1027 635 427 326 237 129 126 118 99 54 64 42 42 34 38 40 23 11 21 22 15 12 8 2 3 1 0 2 0 1 2 0 1
459 1010 1075 623 466 314 208 125 136 101 60 52 34 49 31 56 60 30 18 10 10 6 23 16 11 2 3 2 3 2 1 0 0 1 2 1 0 0 0 0 1
385 1024 942 688 429 250 196 168 153 106 100 67 64 66 28 40 32 15 8 20 18 16 23 11 4 4 19 18 13 6 1 4 3 14 20 11 7 1 4 7 5 4 3 1 1 0 0 0 0 0 0 0 0 1 0 0 0 0 0 0 1
402 1059 1019 672 412 292 198 169 124 87 65 60 55 32 22 44 35 51 24 13 12 8 5 7 1 2 22 15 10 4 29 12 9 6 5 2 2 2 2 3 0 2 0 1 1 0 2 0 0 0 0 0 0 0 0 1 0 0 0 1
421 962 1018 680 423 286 243 149 122 134 90 77 46 57 48 34 37 46 20 15 10 9 7 20 20 15 1 4 1 1 0 0 0 2 2 0 0 1
396 999 1038 662 447 290 182 133 128 99 77 66 60 18 29 58 33 41 26 18 27 12 4 7 2 7 20 20 10 14 23 17 9 12 2 3 3 0 1 1 2 0 0 1 1 0 0 2 1
470 1024 1060 648 431 257 237 164 115 111 94 66 39 46 42 40 20 23 19 17 7 2 3 14 25 7 3 5 2 2 1 1 0 2 1 1 1 0 0 0 1
398 985 991 684 420 283 246 168 146 80 66 58 64 47 63 38 26 46 28 19 10 6 5 21 12 8 6 4 2 9 24 6 10 5 3 4 1 0 2 3 0 0 0 0 0 0 0 0 0 1 0 1 1 0 0 1
385 940 975 629 431 281 228 175 149 143 94 70 66 44 49 41 48 31 54 36 16 5 13 9 4 3 3 1 2 1 1 9 23 14 5 4 3 3 2 3 1 0 0 0 2 0 2 0 2 0 0 0 0 0 0 1
405 1081 986 661 437 267 185 182 125 84 78 82 55 36 21 33 8 9 34 40 28 27 20 17 13 6 12 17 10 16 5 4 4 3 1 1 0 0 1 0 0 0 1 1 1 0 3 0 0 1
427 1021 1017 686 428 273 190 158 112 120 62 65 62 34 45 21 20 16 18 26 9 9 5 2 17 8 5 4 30 20 9 5 8 17 14 10 4 6 6 3 5 1 1 0 0 0 0 0 0 0 1 0 0 0 0 0 0 0 0 0 0 0 0 0 1
438 1059 991 658 440 299 193 168 119 101 66 53 72 55 67 33 29 26 19 17 10 10 2 14 23 16 3 2 3 5 1 1 1 0 0 1 1 1 1 2 0 0 1
475 1042 1042 603 459 329 203 162 117 91 63 68 37 19 25 50 41 36 45 30 24 7 8 9 1 5 2 1 3 0 1 0 1 1 0 0 1
396 955 1020 642 429 277 269 199 113 79 89 58 50 40 37 49 56 32 49 38 18 6 8 6 5 3 5 1 21 14 11 12 3 2 1 3 0 1 0 0 0 0 0 0 2 2
419 996 1013 674 438 304 219 172 136 71 64 67 66 48 31 25 14 23 30 23 14 24 19 8 7 3 5 4 1 2 3 10 22 19 7 5 0 5 1 2 1 2 0 2 1 0 1
424 1071 1032 662 385 315 202 147 93 92 99 57 41 35 33 49 48 63 51 30 20 10 11 3 2 4 1 3 2 1 4 2 1 5 1 0 0 1 1
374 1058 1044 650 420 301 227 166 119 83 94 60 35 23 31 58 31 18 18 12 11 1 6 16 8 26 28 38 14 9 1 7 4 3 1 4 1 0 0 0 0 0 0 0 0 0 0 0 1
386 1033 1024 693 380 292 216 125 115 109 67 54 51 42 49 24 21 36 18 13 7 15 37 36 18 11 5 3 5 7 1 1 4 3 1 0 2 3 11 34 20 10 6 4 1 1 0 0 0 0 0 2 1 0 3 0 0 0 0 0 1
421 944 949 697 462 283 199 144 133 107 88 68 51 41 30 53 50 49 25 10 7 23 15 11 10 3 24 21 22 18 15 9 7 2 1 2 1 0 1 0 1 0 0 1 1 1 0 0 0 0 0 0 0 1
392 1071 980 677 429 263 215 142 111 96 99 65 50 31 10 13 43 59 63 50 36 29 24 8 12 5 3 3 0 1 4 3 5 2 0 4 0 0 1 0 0 0 0 0 0 0 0 0 1 0 1
423 1039 1052 672 434 338 185 123 100 117 69 67 42 53 40 24 31 8 12 20 14 9 10 38 15 23 8 10 6 3 7 1 2 0 2 1 0 3
427 1092 978 694 401 278 228 145 111 109 73 29 42 22 42 41 45 20 31 14 15 10 3 4 2 1 0 23 25 5 6 5 17 29 10 7 4 1 2 1 0 3 1 0 1 2 1 0 0 0 1
394 1032 984 695 433 283 204 149 106 64 84 86 58 41 23 17 33 44 47 28 20 11 7 7 4 7 2 4 26 35 18 17 7 5 7 2 0 4 4 2 1 0 0 0 0 3 0 1 0 0 0 0 1 0 0 1
427 1102 965 682 449 284 186 157 84 95 92 64 58 36 23 32 32 59 28 18 44 23 18 10 6 4 2 4 2 0 3 2 0 0 1 2 2 1 3 0 0 0 0 0 0 0 0 1
411 1008 995 644 441 281 229 164 112 107 69 59 49 66 74 44 36 26 12 8 7 13 4 38 30 28 13 5 5 2 5 2 4 1 1 3 1 1 0 0 0 0 0 0 0 0 3
431 989 1033 644 455 275 220 165 115 98 54 62 33 19 53 46 60 36 11 6 18 8 1 22 28 27 13 7 21 20 5 9 3 4 0 1 3 1 0 1 0 1 0 0 0 0 0 0 0 0 0 2 1
410 996 1075 679 435 242 211 135 95 81 93 90 52 40 31 34 42 27 22 34 14 9 19 22 21 4 8 3 25 20 7 6 1 2 2 3 2 4 0 0 0 0 1 0 1 0 2 0 0 0 1
418 1034 1025 635 414 299 220 132 110 81 87 102 56 51 42 24 16 8 20 29 16 32 30 37 22 10 13 8 8 3 3 5 2 2 0 1 1 0 1 1 1 0 0 0 0 1 1
429 1084 971 647 499 262 201 141 111 95 65 55 36 44 46 31 32 32 15 11 6 11 48 25 37 28 12 5 5 2 2 1 0 0 0 1 8 0 0 0 0 0 1 0 0 1 0 0 0 0 0 0 0 0 0 0 0 0 1
374 989 1008 679 402 257 178 157 136 68 60 77 44 21 22 38 45 56 30 31 16 10 6 26 22 16 3 3 15 15 39 21 17 2 4 2 1 1 3 1 14 30 22 10 7 6 4 3 1 1 1 0 1 0 0 1 1 0 1 0 1 0 0 0 0 0 0 0 1 1
404 1054 1016 682 403 297 222 147 124 76 75 61 58 44 31 28 28 48 38 38 26 14 14 30 12 7 5 2 3 3 4 0 3 1 1 2
431 985 1029 671 457 269 202 166 141 101 58 56 55 32 42 35 34 24 30 25 15 22 13 17 7 2 4 23 15 8 5 6 6 1 2 2 0 2 2 0 1 1 0 2 1 0 0 1
448 971 1022 646 447 318 216 159 126 96 63 58 59 43 37 27 19 12 19 33 22 23 27 16 4 3 5 1 2 3 1 1 7 26 13 10 6 2 4 1 2 2 0 0 0 1
414 1037 1037 649 443 273 209 165 94 94 94 62 36 54 42 24 28 19 42 27 8 11 10 40 28 13 13 9 8 2 4 3 3 0 1 0 0 1 0 2 1 0 0 0 1
411 1041 1030 693 381 334 205 142 96 82 62 60 67 53 54 24 29 32 19 14 24 22 7 9 24 5 7 6 20 17 5 5 1 1 0 4 2 1 3 3 1 1 0 0 0 0 1 0 1 0 2
442 995 1027 624 479 313 189 143 117 118 74 67 40 42 24 35 18 30 31 18 22 8 10 11 21 10 9 3 6 6 24 6 11 8 3 2 2 2 2 0 3 1 0 0 1 1 0 1 0 0 0 0 2
442 948 1026 701 400 293 208 150 131 108 74 62 49 61 65 36 52 23 11 23 23 24 18 27 9 6 3 3 4 0 1 1 4 2 3 0 2 3 1 0 1 3
402 1044 958 637 436 323 223 153 145 115 71 33 48 64 30 28 18 10 16 30 14 15 21 34 11 9 3 3 3 4 3 2 1 13 33 13 10 4 7 6 3 0 1 0 0 0 0 0 1 0 1 0 0 0 1 1
405 995 995 698 432 305 226 165 94 101 108 95 48 25 17 29 61 58 33 25 29 18 10 3 6 3 4 2 0 0 2 2 1 1 4 1
388 1009 952 659 435 339 214 144 130 92 70 61 37 48 42 36 58 32 11 10 26 12 24 17 6 10 6 24 36 17 13 6 7 6 4 6 1 1 0 2 1 0 1 1 1 0 0 0 1 1 0 0 1 0 1 0 0 1 1
392 1001 998 653 462 271 216 161 141 108 73 52 34 44 51 36 43 35 22 11 37 20 15 14 5 1 7 2 2 1 3 3 0 0 0 18 31 11 6 4 3 1 4 0 0 0 0 0 2 0 4 0 0 0 1 2
447 1013 986 726 404 305 218 149 113 83 48 77 42 46 35 17 35 32 17 9 7 3 17 14 7 5 4 1 15 55 22 10 11 7 1 3 4 2 3 6 0 0 1 0 0 0 0 0 0 1
404 992 1022 652 442 287 208 154 107 104 81 68 69 59 63 45 45 46 26 28 23 16 16 7 8 2 0 2 4 6 4 1 0 3 3 1 1 1 1
