814 1933 2027 1339 900 596 438 300 231 176 130 100 126 107 61 34 62 76 28 35 31 26 40 44 32 21 41 28 17 9 6 7 3 26 21 9 8 7 2 1 2 1 1 1 2 0 15 30 14 12 11 3 2 3 0 4 0 1 0 0 0 1 2 0 2 1 0 0 1
821 2059 2040 1312 824 576 405 313 219 195 187 154 97 63 61 82 47 50 26 18 44 20 24 37 39 20 13 46 24 17 13 14 13 4 2 1 8 4 0 9 41 20 9 7 4 3 0 3 4 4 3 0 1 0 0 0 0 0 0 0 0 0 0 0 0 0 1
765 2058 2047 1310 896 563 353 321 262 205 109 107 114 105 79 77 33 58 42 55 60 46 38 35 14 9 15 4 3 1 32 19 9 11 40 41 22 14 6 4 7 3 0 0 1 2 1 1 0 0 1 0 0 0 0 0 0 0 0 0 0 0 0 0 1 0 0 1 0 0 1
814 2051 2028 1336 812 578 397 311 226 189 175 129 79 61 93 75 57 58 46 35 25 35 22 50 41 17 46 21 29 25 25 7 5 4 3 2 1 18 31 12 5 5 1 5 3 5 1 3 1 0 0 2 0 0 0 0 0 0 0 0 1
773 2132 1921 1373 797 593 389 311 225 182 190 127 99 97 102 95 44 35 22 22 17 32 71 30 19 30 54 58 23 11 6 10 5 2 4 6 2 0 28 18 15 7 7 6 1 1 1 1 1 3 0 1 0 0 0 0 0 0 0 0 0 1 1
843 1993 1961 1315 910 572 451 311 251 171 136 136 97 66 83 61 39 41 52 27 31 19 17 18 9 42 41 31 17 34 37 27 27 15 9 28 30 15 9 9 2 2 2 2 2 0 0 1 0 2 0 0 1 0 1 0 0 0 0 1 1 0 0 0 3
831 2025 2027 1270 935 566 448 310 225 167 132 114 95 91 105 64 75 47 53 25 16 13 7 23 55 31 27 8 32 47 18 17 28 20 12 11 5 5 4 1 5 1 0 2 0 0 1 3 0 1 0 1 0 0 1 1
830 1994 1956 1362 854 583 392 315 266 232 145 146 111 98 56 34 44 29 49 70 37 21 22 28 16 16 9 17 35 10 7 8 5 29 20 8 6 4 5 3 2 2 1 1 0 0 1 0 14 42 18 7 4 13 2 3 4 2 1 2 0 0 0 1 0 3 0 2 0 0 0 0 0 0 0 0 1 0 0 0 0 2 1
790 1940 2016 1283 815 556 436 321 210 216 197 130 137 89 50 66 44 57 65 61 87 70 45 25 13 8 21 26 10 15 9 3 26 23 12 31 24 17 13 9 6 2 2 0 0 0 0 1 2 2 2 1 3 2 4 2 0 3 1 0 0 0 0 0 0 2
810 2011 1970 1389 826 637 364 285 218 220 122 85 78 135 99 68 41 25 56 56 27 11 21 45 48 38 30 9 34 27 9 8 5 0 26 22 18 8 2 3 3 1 3 1 0 0 3 0 1 21 27 20 3 3 7 3 3 3 1 2 0 2 0 1 0 0 0 1 0 0 1 2 1 1 0 1
856 2090 2037 1369 804 536 434 294 214 197 144 98 49 57 88 51 64 45 29 22 34 13 31 65 56 27 28 11 6 8 2 0 4 1 11 27 9 4 3 24 54 27 18 14 9 6 5 5 3 2 1 1 0 1 2 3 0 0 0 0 1 2 2 0 0 0 0 0 0 0 0 0 2 0 0 0 0 0 1
794 2043 1999 1306 828 537 379 282 244 159 125 149 118 92 99 86 71 53 39 19 26 32 64 24 12 8 29 18 34 26 22 34 16 15 34 23 11 5 5 4 3 2 0 4 0 2 0 0 1 2 1 1 1 1 0 1 0 0 0 10 40 16 13 12 5 1 2 0 1 1 2 4 4 1 0 0 0 1 1 0 0 0 0 0 0 0 0 0 1 0 0 0 0 0 0 0 0 0 0 0 0 2 0 0 0 1
836 2007 2031 1322 845 604 425 268 243 234 163 118 68 70 131 74 52 36 21 36 22 21 17 12 32 74 47 33 18 15 7 3 4 7 3 10 31 19 8 7 5 1 4 3 1 1 2 0 3 3 1 0 0 0 0 0 0 0 0 2 0 0 0 1
754 1982 1984 1305 877 580 344 324 283 153 141 155 117 83 98 65 60 41 67 63 78 37 41 53 66 38 18 23 13 17 3 7 6 3 3 7 7 1 4 0 0 26 26 10 9 5 4 1 2 2 0 0 1 3 2 1 0 0 0 5 1 0 0 2
807 2027 2069 1373 791 574 401 293 204 186 159 120 95 96 57 51 32 24 66 55 41 31 46 67 46 38 26 23 18 10 17 26 30 38 18 8 12 7 3 3 3 2 2 2 1 0 0 0 0 2 0 0 0 0 0 0 0 0 0 0 0 1
752 2018 1997 1323 845 614 377 332 245 195 128 164 127 91 74 51 64 71 39 35 54 24 33 16 9 21 14 10 8 31 27 36 20 6 9 4 6 3 7 1 2 0 1 1 1 2 0 0 0 0 0 0 0 8 37 17 15 12 3 5 3 1 0 2 1 2 1 0 0 1 1 1 2 0 0 0 0 0 0 0 0 1
770 2000 2044 1281 829 602 392 308 203 222 172 127 85 97 76 75 64 62 47 23 33 24 29 27 68 28 18 15 16 36 27 7 5 2 3 35 19 12 6 4 1 2 26 21 18 13 1 5 1 1 1 4 0 0 0 3 3 1 1 0 0 0 0 0 1 1 0 1 0 1 1 0 0 0 0 1
822 2136 1995 1352 826 524 423 294 246 158 151 144 97 74 64 72 72 53 53 22 29 23 38 33 16 31 27 18 16 28 25 16 7 3 5 7 2 3 0 1 27 25 12 5 6 6 1 1 4 0 1 0 1 0 1 0 1 0 1 0 1 0 0 0 0 1 0 1
870 2078 2061 1361 851 542 440 271 183 196 135 106 58 45 78 55 72 81 67 25 11 12 35 16 46 29 19 5 3 7 26 41 27 16 10 7 5 2 16 33 12 5 6 8 4 6 1 3 2 2 2 0 2 0 2 0 1 0 0 0 0 0 1 0 0 0 0 0 2 1
804 2046 2060 1281 805 616 439 304 250 182 146 120 124 98 61 62 54 25 36 66 47 55 33 32 17 14 14 11 4 36 17 6 9 1 2 4 2 2 2 2 0 1 1 0 0 0 0 0 0 0 0 35 24 18 5 6 3 5 2 1 3 2 0 1 0 0 0 2 0 1 0 1 1
815 1972 2061 1313 849 570 453 324 221 144 140 127 110 79 79 76 46 35 51 32 12 8 38 56 30 19 9 11 3 24 17 26 18 11 9 4 4 3 9 38 51 36 18 12 5 4 4 3 4 4 2 1 0 0 2 0 0 0 0 0 2 0 0 0 0 0 2 1 1 0 0 1 0 0 0 0 0 1 1
848 2077 2038 1306 838 581 397 261 229 201 139 141 114 77 60 83 46 34 58 48 43 27 26 18 10 5 32 39 19 21 26 43 35 24 11 8 9 4 2 6 3 0 1 2 2 0 1 0 0 0 1 0 2 0 0 2 1 1 0 0 0 0 1
848 2078 2024 1310 879 618 417 293 224 182 143 134 75 100 63 49 54 54 39 44 42 33 12 9 8 10 19 16 28 42 24 20 11 7 4 22 20 18 10 2 3 2 3 1 1 0 1 1 0 0 1 0 0 0 0 0 0 1 0 0 0 0 0 1 0 0 0 0 0 0 1
822 1996 2023 1350 843 576 399 318 261 217 159 126 95 57 48 85 43 57 45 41 49 28 12 7 11 21 64 40 21 6 35 39 25 20 16 7 8 3 4 0 1 1 1 3 1 5 0 1 2 2 2 1 0 0 2 1 0 0 0 0 0 0 0 1
848 2037 2048 1297 900 597 409 295 185 169 145 95 83 99 58 56 58 41 47 65 104 58 44 39 25 16 6 17 28 16 8 3 8 0 18 24 15 11 3 6 1 2 1 1 3 2 2 2 0 0 0 0 0 3 0 0 1 0 0 0 1 0 0 0 0 0 0 0 1
811 1960 1876 1298 851 637 419 337 264 194 140 108 117 102 54 40 56 54 57 52 43 47 32 21 6 4 7 31 21 27 30 24 8 25 28 8 33 23 15 12 6 1 5 4 2 1 1 1 37 24 16 3 4 4 5 4 3 3 2 0 0 0 0 0 0 0 1 0 0 0 0 0 0 0 0 0 0 0 0 0 1 0 1
829 2039 1986 1376 846 563 433 317 212 190 160 99 101 99 97 69 54 86 62 38 29 11 28 25 9 32 30 17 14 11 8 4 7 6 6 3 1 1 1 0 1 0 0 0 0 1 32 30 8 10 7 4 1 1 0 3 1 1 0 0 0 1 1
789 1973 1912 1406 844 638 426 375 252 177 144 127 93 103 100 74 46 36 23 40 35 39 17 18 25 48 58 20 18 11 8 8 4 3 4 1 1 33 21 20 7 2 3 4 1 3 1 0 3 4 0 0 0 0 2 0 0 0 0 0 1
829 2054 1997 1308 854 506 414 314 250 179 137 155 110 103 80 63 68 42 41 46 24 10 17 25 45 35 16 15 2 8 31 28 13 26 24 12 5 6 0 5 2 0 15 33 14 7 11 2 2 2 1 3 3 1 3 0 0 0 0 0 0 0 0 0 0 1 0 0 0 0 0 1 0 0 3
797 2092 1979 1291 869 578 418 279 221 171 135 107 63 83 58 50 39 75 46 56 64 44 20 42 24 23 14 7 1 20 12 27 38 17 40 27 16 10 4 3 8 3 0 0 1 1 0 2 0 1 2 3 1 0 0 23 34 16 14 6 2 2 0 2 5 1 1 1 0 2 3 2 1 1 0 0 0 1 1 0 0 0 0 0 0 0 0 0 1
821 2091 2044 1312 816 537 408 283 239 204 150 140 103 66 48 93 64 40 41 50 28 33 21 45 44 26 18 28 15 8 1 2 9 29 21 4 13 7 2 1 16 27 13 11 3 2 1 2 2 2 2 2 0 0 0 4 2 1 0 2 1 0 1 0 0 2
811 1929 2051 1298 883 555 407 309 229 230 159 109 114 104 63 53 66 83 70 31 47 36 32 23 30 14 43 22 15 8 4 1 11 20 19 5 5 1 4 3 3 0 1 0 1 7 34 27 10 3 3 5 0 1 2 3 2 0 0 0 0 0 0 0 0 1 0 0 0 0 0 0 0 0 0 0 1
745 1987 2030 1347 848 590 410 350 251 190 172 133 114 92 80 92 63 48 50 58 39 34 26 34 34 35 29 43 21 10 9 4 2 2 2 3 2 3 2 3 4 0 2 2 1 2 0 1 0 1 1
760 1993 1960 1278 894 568 404 301 244 240 177 128 92 89 64 80 52 53 47 31 31 11 21 31 58 36 33 30 18 8 29 25 14 6 27 22 13 10 3 5 2 23 23 19 11 5 4 5 4 2 1 1 1 2 0 2 0 0 0 1 0 1 0 2 0 1 1 0 1 0 1 0 0 2
830 2018 1989 1282 855 617 407 336 218 175 170 157 120 95 94 62 73 20 44 50 36 48 28 30 32 35 15 28 43 17 18 7 8 9 4 4 6 2 0 1 2 3 2 2 0 2 2 1 0 1 2 0 0 1
828 2067 2027 1321 833 625 374 325 224 199 170 119 89 86 113 73 77 24 27 21 32 28 37 21 37 32 40 32 33 17 20 8 8 5 7 0 2 3 5 1 2 1 0 0 1 0 1 1 2 0 0 1 0 2
839 2030 2017 1348 842 566 404 314 204 173 136 98 102 96 90 81 66 50 44 40 30 10 41 45 36 20 16 32 19 15 5 8 2 2 43 16 14 3 7 19 31 11 10 11 6 2 2 1 1 0 1 0 0 0 0 0 0 0 0 0 1 0 0 0 0 0 1
828 2037 2027 1334 901 570 386 309 252 169 159 116 132 64 67 59 76 51 51 71 30 39 16 6 15 9 9 4 20 36 15 13 10 25 35 12 6 4 6 3 3 1 5 4 1 5 3 1 2 0 0 1 1 0 0 0 0 0 0 0 2
820 2017 2001 1324 850 613 368 331 238 147 135 101 124 101 49 33 28 56 59 63 63 54 42 27 13 14 36 16 11 6 2 27 18 9 18 29 23 5 7 1 4 5 4 1 2 16 30 18 11 11 1 4 3 1 2 1 0 0 0 0 0 0 1 2 0 0 0 1 0 0 0 1 0 0 1 0 0 1 1
811 2039 2053 1309 779 600 404 282 167 209 201 131 115 53 73 100 85 72 56 29 33 21 22 29 31 32 34 23 13 40 23 8 6 4 6 1 2 1 1 10 37 14 10 7 2 4 3 2 3 2 2 1 1 2 1 0 0 0 1 0 0 0 0 0 0 0 0 0 0 0 0 0 0 1
841 1994 2044 1336 841 552 370 329 204 173 142 136 109 103 68 91 57 47 49 36 52 35 18 47 29 19 11 27 14 15 9 1 4 4 14 23 20 7 3 9 8 39 17 9 10 5 3 2 2 6 2 2 2 0 2 1 1 0 0 1 1 0 0 1 0 0 1 1 0 0 0 0 0 0 1 0 0 0 0 0 0 0 0 0 0 0 0 0 0 0 0 0 1
777 1997 2019 1236 894 601 381 289 269 208 128 87 103 112 102 83 50 28 55 78 58 45 49 37 20 20 8 5 8 2 1 4 38 56 10 36 24 13 26 12 2 4 0 0 4 4 1 3 1 2 1 1 2 0 0 0 4 0 1 0 0 0 0 0 0 0 0 0 0 0 0 0 0 0 1 0 0 0 0 0 0 1
760 1999 2024 1345 839 562 437 324 237 235 141 110 112 97 62 37 52 70 61 38 59 46 44 48 26 22 19 43 19 7 4 4 4 2 2 2 1 1 2 4 1 1 3 0 0 0 0 32 27 12 3 4 3 2 4 2 0 0 1 2 0 1 1 1
803 2056 1974 1334 872 579 416 322 223 184 147 111 115 91 90 73 81 49 23 18 7 11 40 23 13 7 44 40 20 4 7 5 2 5 3 2 1 0 2 32 21 6 8 3 2 2 23 41 26 15 6 6 1 2 3 0 2 2 0 0 2 0 0 0 0 0 0 0 0 0 0 0 0 0 0 0 0 0 0 0 0 0 0 0 0 0 1
816 2108 2052 1318 875 562 347 278 219 143 156 163 141 94 67 56 63 53 84 56 32 27 23 21 32 16 12 5 7 4 15 31 10 12 4 0 3 1 1 1 3 10 39 17 9 8 0 0 1 1 0 0 0 1 0 0 0 1 0 1 0 1 0 0 1
867 2050 2025 1406 885 566 418 302 239 175 122 140 80 73 84 46 30 18 15 14 8 39 85 50 39 17 17 9 3 5 6 3 1 1 1 0 0 20 26 42 21 13 5 5 3 7 1 0 4 0 1 0 0 0 0 0 1 2 1 2 3 3 0 0 0 0 0 0 0 0 0 0 0 0 0 2
801 2016 2015 1332 873 595 390 339 208 143 111 117 150 113 101 80 65 59 60 48 19 38 51 29 17 17 6 30 21 34 15 9 30 22 5 11 5 2 4 5 1 1 2 3 0 1 1 1 3 1 0 1
803 2065 2009 1310 842 548 446 287 267 178 138 152 128 105 61 67 29 66 39 33 17 59 49 25 11 13 12 8 9 5 43 34 19 10 13 2 5 26 20 11 7 3 5 3 1 4 2 1 2 1 1 1 0 0 0 0 2 1 2 1
811 2103 1993 1309 885 583 453 298 229 165 197 143 98 61 57 63 68 41 30 39 27 45 58 28 15 11 16 8 29 21 8 3 4 1 3 1 2 1 35 12 13 10 6 5 2 1 0 2 1 1 1 0 1 1 0 0 1 0 1 1
824 2070 1994 1363 812 545 351 317 246 172 137 163 121 103 86 53 41 16 13 46 35 45 59 55 37 9 7 7 1 6 4 3 1 8 33 14 27 27 18 13 38 28 20 2 4 6 4 3 4 3 1 1 1 0 0 1 0 0 0 0 3
