> n=750 m=5 03/06/2021 14:45:33
78 97 102 122 139 150 168 176 188 195 198 207 213
91 120 147 156 169 176 182 192 202 219 230 236 245
> n=750 m=5 05/06/2021 14:16:56
127 155 171 194 210 229 245 254 269 275 288 299 316
100 126 154 171 186 201 223 244 261 270 286 300 309
77 98 112 132 146 161 179 190 202 213 223 248 257
137 150 168 187 205 227 243 266 285 295 310 330 342
61 73 80 87 95 101 112 124 130 135 138 145 150
51 62 72 80 87 104 109 121 125 128 133 137 139
54 69 73 82 86 101 112 122 129 141 151 167 176
98 124 134 150 166 181 187 200 209 217 227 243 256
132 151 172 187 208 219 233 241 250 264 276 291 299
86 110 120 138 151 171 183 193 207 222 225 236 247
> n=750 m=5 05/06/2021 14:23:13
55 66 79 91 108 127 142 149 152 166 173 182 187
67 79 83 92 100 120 134 145 153 161 171 181 191
96 105 117 137 153 170 184 193 211 225 237 244 255
87 101 113 122 129 134 138 144 149 164 173 181 193
99 119 137 149 165 177 193 205 217 239 247 261 270
87 108 127 146 162 175 190 207 229 240 253 260 275
54 63 70 86 95 110 116 125 132 137 148 158 165
122 146 162 181 200 226 239 247 257 265 273 291 308
66 82 94 104 124 137 149 154 162 169 174 180 185
73 81 93 111 126 138 149 162 171 188 203 217 232
> n=750 m=5 05/06/2021 14:26:12
75 85 99 110 121 133 148 160 172 179 185 192 200
79 97 105 112 128 136 145 160 174 188 193 202 207
123 140 154 178 193 200 210 230 244 257 270 284 299
85 100 106 122 132 149 162 179 193 202 218 228 240
84 97 126 144 154 170 179 190 209 234 241 246 258
86 109 118 131 155 169 180 196 215 227 238 252 274
102 119 133 148 175 199 213 235 246 253 261 272 284
122 132 148 165 175 188 201 217 230 246 254 265 277
93 103 115 122 136 151 162 180 199 211 218 235 243
88 101 106 118 140 156 170 179 189 201 210 220 231
> n=750 m=5 05/06/2021 14:27:06
91 117 141 164 183 215 229 240 264 278 295 302 318
75 84 112 125 135 147 166 181 190 200 214 218 222
94 105 112 116 124 141 154 167 178 188 198 202 209
90 113 132 153 167 189 203 213 223 233 249 254 268
74 86 106 130 140 156 167 174 181 192 200 206 212
139 160 186 212 227 246 264 272 282 297 318 329 340
80 101 114 139 151 161 171 187 197 213 222 230 244
77 91 106 125 139 151 161 173 186 202 218 224 230
116 143 162 172 179 187 198 209 224 235 254 273 281
67 79 92 104 112 122 136 141 152 169 180 199 204
> n=750 m=5 05/06/2021 16:17:28
99 122 137 149 159 177 194 209 237 253 261 272 282
105 126 145 168 180 192 205 219 232 239 249 266 275
79 89 103 125 143 149 166 184 198 212 222 227 236
91 121 135 145 159 175 181 196 205 212 224 249 257
109 145 162 190 208 222 247 261 302 312 335 352 375
77 100 121 131 146 158 165 176 184 204 215 222 244
95 126 148 161 175 198 223 233 249 255 265 274 283
60 79 92 112 125 141 151 162 167 179 191 199 208
140 163 183 205 229 250 265 291 310 334 359 386 399
124 147 163 189 208 222 246 267 278 292 304 312 322
> n=750 m=5 03/01/2022 13:21:46
87 110 130 148 159 172 187 196 202 214 220 233 244
71 77 96 103 117 130 140 151 164 170 175 182 198
76 90 108 132 147 160 166 177 184 209 228 238 243
75 99 124 131 146 172 188 200 218 231 255 268 277
118 149 179 200 225 249 266 279 287 301 320 333 341
83 97 113 128 140 150 167 175 184 197 206 217 226
91 107 119 142 155 166 175 184 189 200 211 217 225
62 75 87 96 105 111 117 126 140 144 147 159 169
98 132 160 170 191 214 231 244 258 275 284 299 321
70 81 95 106 112 117 135 153 161 168 172 186 198
> n=750 m=5 05/01/2022 14:20:54
69 83 100 112 120 134 139 156 168 182 191 199 204
110 130 151 174 190 209 226 239 251 269 279 291 301
106 134 149 167 185 212 230 244 262 273 290 300 316
77 101 113 137 151 163 175 183 189 199 203 211 218
51 70 82 99 112 128 144 159 175 186 213 239 255
59 81 90 96 104 114 131 145 160 169 180 188 198
69 80 90 95 111 123 136 139 156 171 181 187 200
86 108 126 139 154 168 178 189 200 211 222 228 242
71 78 101 125 134 147 160 167 175 187 193 202 207
115 140 152 175 199 218 226 249 266 275 280 294 301
