115 283 244 133 102 62 25 13 12 6 4 1 1
110 287 269 152 77 37 24 21 10 8 4 1 0 1
99 316 210 154 97 45 45 23 9 2 1
97 280 249 155 99 60 24 16 14 2 1 3 0 1
121 284 258 156 72 49 32 15 9 3 2
113 279 251 173 94 39 24 14 7 3 1 1 0 0 1 0 1
105 282 262 142 107 47 34 11 9 2
109 269 249 164 88 47 35 17 15 3 1 3 1
104 290 239 160 89 45 34 16 10 5 6 3
95 263 231 146 95 67 46 20 18 5 7 5 1 1 1
102 283 257 176 78 50 26 15 8 0 5 0 0 0 0 1
102 261 253 147 85 72 36 22 11 4 5 0 2 1
112 313 216 159 86 55 27 15 9 5 2 1 0 1
106 260 259 152 76 60 33 29 9 6 2 4 2 2 0 1
92 267 249 156 93 59 44 20 9 4 5 1 2
104 277 242 164 79 57 32 17 16 5 4 3 0 1
99 302 219 143 90 52 43 24 14 6 6 2 0 0 0 1
97 266 256 151 87 60 41 23 11 6 2 0 1
124 284 241 141 93 60 33 13 8 2 2
111 269 263 144 99 44 30 24 7 4 2 3 0 1
109 285 235 155 93 47 24 18 20 6 4 3 0 1 1
89 310 245 130 88 56 38 15 11 4 5 4 4 2
107 301 231 142 79 56 34 24 8 12 2 4 1
95 263 235 146 111 51 40 28 11 9 4 3 2 0 1 1 0 0 1
94 272 251 138 107 70 24 21 13 3 6 0 1 1
90 286 241 154 89 59 21 27 13 10 4 2 2 0 1 1 1
90 281 256 153 95 47 34 14 14 10 1 3 1 0 1 0 0 1
121 275 258 180 93 30 14 17 7 4 0 2
96 282 248 148 96 46 29 19 10 11 9 3 3 0 1
99 289 272 133 83 39 29 19 13 9 12 1 1 1 0 1
117 247 255 176 88 42 33 21 12 4 3 1 1 0 0 1
118 301 257 142 76 52 23 18 6 4 3 0 0 0 1
110 307 243 156 71 43 35 21 8 4 0 2 0 1
100 265 270 170 85 49 24 25 3 4 6
129 266 269 152 92 43 27 11 10 1 1
124 275 251 165 85 48 20 12 13 3 2 2 1
109 268 266 151 73 57 29 14 14 11 3 3 2 1
105 275 252 137 109 42 32 18 13 8 5 2 2 1
89 277 245 158 81 50 46 23 14 9 2 2 1 2 1 0 0 1
113 288 254 137 93 47 25 25 10 3 2 2 1 0 0 1
119 308 255 148 97 39 14 12 5 2 2
112 290 237 148 80 52 30 26 11 8 4 2 0 1
114 263 260 159 77 55 37 18 8 6 3 1
114 268 263 141 97 58 30 18 6 3 3
96 285 260 126 94 62 35 24 6 8 1 2 2
113 285 271 169 73 35 31 5 9 2 2 2 2 1 0 0 0 0 0 1
110 269 280 142 76 50 36 22 8 4 1 2 0 1
90 292 240 160 76 59 37 25 9 7 5 0 1
113 257 243 164 105 52 32 11 13 6 2 3
101 305 239 148 93 60 28 14 5 4 1 1 1 0 1
118 283 261 137 100 45 28 17 9 3
104 275 236 164 105 46 41 16 6 5 2 1
112 278 265 160 95 43 17 17 6 6 2
82 278 239 152 104 59 36 24 13 5 4 3 0 1 0 0 0 0 0 1
110 287 242 162 85 46 28 21 14 3 3
102 293 241 155 83 72 25 10 11 5 3 0 1
96 277 261 124 109 50 35 21 9 11 4 2 2
