0 0 0 0 0 0 0 4 12 26 40 43 52 45 46 63 60 58 53 44 50 43 38 32 31 28 32 17 25 21 17 14 17 5 16 8 7 3 4 2 8 5 6 9 1 1 2 3 1 3 1 1 1 1 0 0 1 1
0 0 0 0 0 0 0 4 15 32 44 46 62 62 65 65 60 63 59 49 42 44 43 42 25 27 23 20 14 12 12 14 14 5 5 8 7 6 4 1 1 3 0 0 0 1 2
0 0 0 0 0 0 0 4 17 28 28 42 46 46 61 63 55 62 53 62 60 49 45 39 31 30 23 20 14 23 13 13 4 9 5 8 10 6 7 6 3 1 3 1 0 1 1 3 3 0 1 1 0 0 0 0 0 0 0 1
0 0 0 0 0 0 0 2 18 27 38 54 60 56 65 79 47 78 80 44 45 37 31 41 30 10 29 18 17 15 12 8 15 9 3 4 6 3 3 4 6 2 2 1 0 0 0 0 1 0 0 0 0 1
0 0 0 0 0 0 0 10 16 26 38 41 43 54 53 74 74 62 58 45 41 39 28 37 26 23 20 26 23 14 17 18 12 11 10 9 9 6 4 6 3 2 2 5 4 1 2 0 2 2 0 3 1 1
0 0 0 0 0 0 1 6 15 32 39 39 53 61 62 67 55 57 49 61 46 38 39 28 43 21 28 19 15 20 15 16 11 10 7 9 1 5 4 7 1 4 4 0 1 2 2 2 1 2 0 0 0 2 1
0 0 0 0 0 0 1 5 19 33 35 50 53 46 70 59 71 56 51 47 42 40 44 28 29 20 21 19 22 20 20 9 11 6 7 5 9 6 10 4 8 3 4 5 1 1 3 0 0 3 0 2 3
0 0 0 0 0 0 0 6 19 22 43 46 46 52 69 66 62 61 55 63 54 40 49 26 26 30 15 21 20 14 8 21 16 5 5 8 4 4 3 6 4 1 5 1 2 0 1 0 2
0 0 0 0 0 0 2 3 6 21 34 46 59 54 64 51 42 56 46 52 43 41 39 33 24 27 26 22 29 25 16 22 12 6 9 8 5 5 10 8 3 4 4 6 2 2 4 3 3 1 2 3 2 3 1 2 2 0 1 0 1 2 2 1 0 0 0 0 0 0 0 0 0 1
0 0 0 0 0 0 0 6 22 32 40 54 55 49 62 52 48 57 55 49 42 37 30 34 27 29 15 18 18 15 15 12 6 15 9 7 6 14 10 3 2 4 3 6 5 5 5 5 3 3 2 0 3 2 2 1 0 2 1 0 1 0 1 1 0 0 1
0 0 0 0 0 0 1 9 11 17 39 46 46 56 60 52 69 66 55 67 52 47 51 38 36 40 25 11 19 14 11 4 8 7 9 7 5 3 6 4 1 1 2 3 1 0 0 1 0 0 1
0 0 0 0 0 0 0 2 17 25 40 40 42 47 55 58 64 60 71 55 52 35 42 27 29 32 26 19 19 9 19 12 12 7 5 9 9 9 2 10 4 3 3 7 1 3 4 3 1 2 5 1 1 0 2 0 0 0 1
0 0 0 0 0 0 1 7 17 23 37 34 45 47 48 58 62 48 45 54 51 40 33 32 34 29 43 22 26 13 21 10 17 19 8 9 9 10 5 4 6 5 2 0 2 2 4 1 3 2 2 1 0 2 0 1 3 1 1 0 1 0 0 0 1
0 0 0 0 0 0 0 5 15 26 40 40 60 63 49 53 58 70 45 48 38 42 37 43 28 30 27 26 23 19 25 7 10 10 5 11 6 7 4 5 6 2 3 2 1 1 2 2 1 1 1 1 0 0 0 0 1 0 1 0 0 0 0 0 0 0 1
0 0 0 0 0 0 0 7 18 28 35 42 53 51 59 68 61 69 47 56 43 45 33 22 34 29 24 25 15 13 16 8 10 18 4 8 8 6 4 1 5 7 4 4 0 5 3 3 1 3 1 1 0 1 0 0 1 0 0 0 0 0 1 0 0 0 0 0 0 1
0 0 0 0 0 0 0 5 21 18 37 42 45 54 74 85 76 65 59 64 46 32 37 26 20 25 21 17 15 17 16 10 13 8 7 8 5 12 4 3 4 0 1 4 0 3 0 1 0 0 0 0 0 0 0 0 0 0 0 0 0 1
0 0 0 0 0 0 1 8 11 36 40 39 39 43 57 66 62 45 61 45 42 40 47 34 31 31 21 24 16 14 15 11 16 16 13 11 12 7 5 1 3 7 5 5 5 4 2 1 1 0 1 1 0 2 1 0 0 1 0 0 0 2
0 0 0 0 0 0 1 3 13 24 48 45 59 48 55 60 72 61 59 52 42 37 39 33 26 29 26 23 19 18 15 14 9 6 6 9 5 7 11 3 3 0 0 1 5 1 2 1 2 2 1 1 0 2 0 2 0 0 0 0 0 1
0 0 0 0 0 0 0 7 21 24 30 28 43 48 41 49 46 64 49 41 36 41 35 34 31 38 30 32 30 14 16 20 17 10 14 17 20 12 11 10 9 4 1 4 2 4 3 2 4 0 2 0 0 0 0 3 1 0 0 0 2 0 0 0 0 0 0 1
0 0 0 0 0 0 0 8 14 30 34 58 61 46 42 59 67 45 53 51 47 35 32 34 25 25 26 20 20 9 24 15 16 13 15 8 6 14 5 6 6 7 5 2 2 2 2 3 1 0 1 0 1 0 3 0 0 1 0 0 0 0 0 1 0 0 0 0 0 0 0 0 0 0 0 0 0 0 1
0 0 0 0 0 0 0 5 17 24 40 50 61 61 75 55 70 44 63 44 45 40 24 37 29 28 18 21 12 19 15 15 13 18 6 12 6 7 3 3 1 3 5 4 0 0 1 0 0 1 1 0 1 2 2
0 0 0 0 0 0 1 5 10 30 41 55 53 65 52 56 58 58 49 51 41 40 32 32 31 30 19 22 22 19 17 17 13 14 15 6 7 4 8 6 4 3 1 0 2 0 3 1 2 1 1 0 1 0 1 0 1 0 0 0 0 0 0 0 0 1
0 0 0 0 0 0 1 5 14 21 35 47 45 51 50 59 65 50 60 56 37 39 39 44 31 33 21 16 11 24 15 19 14 16 11 14 8 7 8 7 3 2 2 2 1 2 2 2 2 1 1 1 1 0 0 3 0 1 1 0 1
0 0 0 0 0 0 1 9 19 30 36 39 51 62 45 67 74 53 65 46 50 46 37 39 20 25 19 17 15 17 21 17 12 5 10 5 7 7 4 3 4 4 6 1 2 3 2 2 2 0 0 0 0 2
0 0 0 0 0 0 0 4 6 27 36 37 43 49 71 73 78 72 57 50 39 42 42 36 16 24 37 22 18 22 19 13 13 11 5 2 9 2 5 4 3 3 3 2 4 0 0 0 1 0 0 0 1
0 0 0 0 0 0 1 5 15 19 36 31 52 64 64 64 67 68 47 43 52 40 36 37 32 20 21 15 10 26 10 12 13 18 10 7 11 6 2 7 8 6 1 2 4 2 0 5 0 2 2 0 0 1 4 0 1 1 0 0 0 0 1
0 0 0 0 0 0 0 7 17 33 25 32 35 43 47 59 57 47 42 47 46 52 33 42 41 32 34 21 21 13 16 16 16 18 9 15 8 15 9 8 7 7 3 7 3 4 3 2 1 2 0 2 0 1 0 0 1 0 0 0 1 0 0 0 0 1
0 0 0 0 0 0 0 3 12 33 38 55 65 64 57 58 49 72 59 49 42 38 26 29 32 24 27 12 27 19 11 11 9 7 14 14 8 5 5 8 2 6 2 5 0 1 0 1 0 0 0 0 0 0 1 0 1
0 0 0 0 0 0 1 5 12 30 32 42 50 49 70 61 70 73 72 58 39 45 48 37 28 19 23 22 23 22 9 11 9 7 3 3 4 5 4 2 2 3 1 0 2 2 2 0 0 1
0 0 0 0 0 0 0 2 15 33 44 50 39 48 58 78 69 53 60 45 57 43 39 35 35 25 32 21 20 16 16 11 11 5 6 4 6 4 0 3 2 2 2 1 5 3 0 0 1 0 0 0 1 0 0 0 0 0 0 1
