91 222 197 109 46 33 22 17 4 3 2 4 0 1
99 208 204 102 67 31 25 4 6 4 0 0 1
96 227 194 120 65 25 17 5 2
83 225 181 125 58 42 16 15 2 2 1 0 0 0 0 0 1
90 206 189 119 66 42 23 7 3 1 2 0 0 2 0 0 1
88 231 195 114 46 35 19 13 8 1 1
80 228 193 116 63 42 15 7 5 1 0 1
76 216 169 131 64 42 24 14 8 4 1 2
96 197 206 107 49 38 26 14 10 3 3 1 0 1
74 212 189 94 80 44 22 23 1 7 3 0 0 1 0 0 0 0 0 0 0 1
83 232 186 116 62 38 22 6 3 1 1 1
83 212 196 118 69 41 21 8 2 1
96 209 181 105 71 44 23 10 6 3 1 2
86 211 202 102 71 38 27 8 3 2 1
68 245 178 111 60 18 23 25 15 3 1 3 1
93 213 201 122 59 31 17 10 4 0 1
92 228 215 94 50 38 18 8 4 2 2
74 193 190 107 59 43 24 31 15 11 2 0 2
80 222 196 115 56 46 16 12 4 4
83 241 190 95 77 32 15 8 7 1 0 2
