763 2144 2182 1430 889 648 459 297 233 148 160 124 88 78 56 57 34 31 28 47 28 15 10 13 13 4 5 1 7 1 0 2 3 2 0 0 0 0 0 1
672 2083 2183 1383 938 635 461 327 224 178 138 131 116 87 65 98 63 42 23 19 17 23 28 14 13 4 10 1 3 3 3 5 4 0 2 1 2 1 0 1
675 2082 2171 1429 910 640 436 357 264 169 169 124 89 102 93 74 47 20 16 28 19 27 15 9 8 7 6 4 3 1 1 1 1 1 2 0 0 1
688 2047 2206 1437 935 603 470 296 248 192 134 90 132 130 85 72 53 58 37 24 12 8 11 6 7 6 3 1 2 2 2 1 0 1 1 1
719 2076 2241 1347 970 634 460 357 218 188 149 111 114 77 55 45 27 64 55 22 18 9 9 8 5 0 5 4 4 2 3 1 2 1 0 0 0 0 0 0 0 0 0 0 0 1
662 2087 2137 1436 860 586 409 309 211 172 154 160 115 85 75 63 78 85 43 54 63 39 31 25 21 7 8 5 2 3 5 3 2 1 2 0 0 0 1 1 0 0 0 0 0 1
693 2140 2304 1407 896 602 387 305 228 181 147 115 94 93 86 70 50 35 26 35 29 29 10 8 9 8 1 2 3 3 1 1 1 1 0 1
732 2084 2217 1455 922 630 412 271 241 184 138 119 87 82 96 88 64 69 27 24 18 8 9 8 2 3 1 3 2 2 1 1 0 0 0 1
675 1998 2186 1462 877 658 467 308 218 231 137 124 110 79 63 50 95 79 50 34 23 24 7 15 6 2 3 6 2 2 4 3 1 1 1
633 2029 2135 1414 906 608 417 334 261 207 168 162 129 87 68 72 62 48 59 25 17 35 39 27 15 9 4 10 3 3 4 0 1 2 1 2 2 2 1
674 2015 2206 1474 921 567 439 292 251 164 115 126 125 86 96 60 61 43 30 24 75 57 27 20 11 9 5 5 5 4 2 3 1 2 0 1 1 0 2 1 0 0 1
646 2115 2168 1446 942 612 454 315 252 193 160 106 84 90 80 54 34 32 28 50 44 28 17 16 5 8 6 3 1 2 1 1 3 1 2 0 0 0 0 0 1 0 0 0 1
720 2061 2230 1460 878 649 432 322 280 188 149 122 77 66 89 57 51 29 23 32 22 13 14 11 7 5 3 3 3 0 1 1 1 2
736 2017 2077 1508 923 614 447 333 246 225 165 134 110 101 76 61 47 29 40 28 26 14 8 7 8 2 7 4 3 0 2 2 1
714 2112 2148 1401 913 610 437 326 248 215 168 124 130 123 71 57 48 19 24 26 24 21 8 6 4 5 7 4 2 3 1 1 1
685 2043 2185 1388 866 629 470 332 255 182 185 145 105 94 95 54 45 44 29 34 49 20 15 10 9 7 3 4 3 3 1 3 2 1 0 2 0 1 1 0 0 0 0 1 1
732 2052 2192 1474 892 636 414 303 240 235 150 120 115 112 53 43 29 25 50 40 37 17 8 5 5 5 2 1 4 5 2 2 0 1
673 2060 2210 1516 887 621 420 289 245 185 135 102 104 86 77 89 50 53 40 20 38 25 11 10 14 13 6 6 3 2 3 3 1 1 1 1 0 0 0 1
695 2154 2236 1417 903 588 408 304 253 177 170 113 121 97 104 83 46 45 29 7 12 15 7 8 3 4 0 0 0 1 1
652 2080 2169 1484 872 624 406 320 240 177 142 139 115 80 76 61 73 82 61 33 35 20 16 5 9 6 4 5 3 3 2 4 2 1
683 2043 2133 1469 918 599 455 323 211 203 164 116 126 94 72 33 60 69 74 36 30 23 14 10 9 4 7 6 4 3 2 2 2 2 1 0 0 0 0 1
700 2038 2217 1414 868 680 443 327 279 220 127 146 100 93 78 57 44 25 15 33 29 18 11 10 7 7 3 5 0 2 1 0 0 2 0 0 0 0 1 0 0 0 0 1
698 2039 2145 1515 975 621 417 316 263 224 130 115 118 87 38 47 28 23 37 28 22 28 27 20 7 9 7 7 4 0 1 3 1 0 0 0 0 0 0 0 0 0 0 1
678 2058 2142 1389 906 620 442 292 254 175 192 142 125 116 100 97 54 40 47 43 22 18 7 9 7 3 8 5 2 0 2 2 0 0 2 1 0 0 0 1
670 2033 2128 1384 958 630 415 305 263 208 143 152 163 101 76 57 51 83 64 23 22 21 7 8 4 7 6 4 3 2 4 1 0 2 2 0 0 0 0 0 1
